HAD
17.2142018154 -13.4929374354 -7.89129140889 -3.42416921372 -38.9549710764 11.7751881612 9.1672747034 -21.7365338721 -8.99534114856 -12.45235929 -2.2044793888 4.92730126162 -5.61527920553 17.8815821527 3.02648866051 -21.8035455733 -12.6304179647 -28.8750173359 4.05057338998 9.01423177292 -20.173380451 -23.8901798956 -17.0302697055 4.84922654124 1.76526237366 -18.7360659837
HAYED
18.2806334136 4.22067469254 6.22603726472 -16.2036883998 -58.7316014641 2.27579742532 -5.33797772598 -9.40293443209 12.9245133362 -6.70867126206 -14.3551601178 -2.1577383757 -15.6876225747 17.0620379262 -1.63686901711 15.2792693162 -8.1996163323 -56.0752641795 6.98987361278 -17.6943342974 -10.0549110536 10.6039290298 -7.41762460429 -9.63723431357 5.73203075215 -22.599929392
HEAD
19.0898222875 3.3703174691 -21.0424498712 -16.6313701699 -20.0142221084 4.32335429119 8.53844249999 -13.4779683323 -29.6858037414 -13.7925118147 17.0357215009 0.763982098963 -12.1955437853 17.9158533542 0.836903310074 -11.8779099763 -15.7877720608 -30.3295604741 -5.39895328026 16.2744844792 -6.55599741313 -17.508746705 -16.8563317748 10.3441532375 -12.5888450073 -3.9272550826
HEED
17.4370438704 -3.6568940353 27.4724075797 -6.05077654009 -39.4226145387 2.35419658991 -36.5576865141 -8.43472218936 -6.7840180356 -3.05678547352 -7.58855636929 8.34584599533 -16.9838743136 17.3229158619 -2.08298801115 22.620878843 -2.06739635803 -48.99346002 3.46636988388 -36.7612883694 -12.2091099779 -2.96154787427 -0.632213520015 -0.405714793372 13.1278836513 -11.2249090081
HID
16.355210278 -12.1897830839 -3.14102479007 -4.22845677075 -40.6751887728 -1.47329894473 4.80200569687 -21.7363803629 -3.04806506221 -11.9729535233 1.51060655333 -5.48791847403 -9.36535635429 18.3921790822 0.0781240386708 -2.61819707223 -12.0339543517 -45.576566531 -10.4013279115 10.0021292932 -6.30318907279 4.82716484685 -3.60408649129 -1.6868286254 -14.4530754713 -9.61479054981
HOD
18.7576707313 6.23193906294 -28.9744459126 -19.4292175887 -15.7272913278 15.4791543293 -19.2659546342 -24.97991948 -7.26770308007 -12.7431328334 -10.6128365159 15.5478894617 -21.1008658956 17.9206769278 6.17426387693 -21.7935047829 -19.5810877165 -17.5539083083 7.42598862455 -3.16907822711 -11.7767960467 -14.8729690508 -23.8378250503 -1.88193808132 14.0481827409 -20.4590766883
HOED
18.8946116497 9.59134045597 -21.3086554651 -40.2641683847 -18.5973781744 6.54279247646 -12.235466304 -17.5725114164 5.15972110033 6.66383668944 -22.444379906 3.1084102057 -22.3801936373 15.8165293518 4.78737173076 -11.0672165715 -30.3677992891 -25.0873770731 3.99301832228 -21.9452140083 -13.4212202375 -0.249985715012 15.4044509716 -13.249842081 0.517948528182 -23.3850933733
HOOD
18.7801555059 8.33539637133 -22.4542588426 -37.2962601791 -16.200186118 -3.63733687361 -19.4324416536 -14.1248417131 11.7696161963 -19.8825876834 -23.1138162776 10.3115177104 -14.1054016137 17.407399726 3.66503272364 -10.9250087489 -21.1887893891 -28.4489408457 -10.3696136637 -13.3144663197 8.49305449261 -0.976980992362 -14.4918921019 -4.4526690812 6.10218284086 -22.1219958312
HUD
16.8537819245 -10.4970782792 -25.9147678828 -18.140909831 -1.98996013883 6.21518703177 -13.3662685801 -17.2066936441 -4.07492415935 -19.8631690681 -11.1478463941 13.1867299735 -21.141842379 18.1099449999 7.49158495405 -18.016507313 -22.2396594255 -24.1449539901 -0.589291028525 -9.07542506385 -1.79735017408 -10.5499183258 -18.30980862 -6.67301931128 5.48515679829 -18.655248868
WHO'D
17.7817628264 21.3962032799 4.13402035257 -24.8933175256 -16.9000703367 1.94616715808 -26.1674749595 -21.1957890686 -10.1016326679 25.2497272904 2.33774004522 15.6029632767 -15.070943369 14.9530877359 10.4861172502 -0.331778560056 -17.1920550093 -19.2542252603 -3.93088721933 -40.2466388886 -16.7829820884 -0.883831501219 5.92717743932 -5.64705395345 4.1367694813 -13.6529884565
