BEAN
18.1401196257 -8.14879290064 25.5853507604 -1.95086345761 -41.3762618505 8.0676781549 -36.4627446665 -10.210261595 0.626138608844 -6.74245644624 -5.59734237552 -7.75138300461 -4.62971069514 16.4927174282 -1.98165579338 23.4193409754 -13.5318089549 -35.4150638259 6.83832003061 -35.1580298305 -5.76000429285 0.145355425569 -8.72316033517 -4.29051990622 -22.7101255122 -0.909193678823
BITE
18.8338155138 6.06817519046 -26.4089459008 -18.0033840207 -30.4693592884 10.8206999893 -1.68322401148 -3.46874513764 -5.66467577586 -19.1285043061 -0.338218524687 1.55739583002 0.911177831013 17.4301987538 -3.34322259215 10.5709806423 7.7458050675 -54.9621493692 -4.78694495642 -15.8014026884 -25.7861342427 3.00623308391 4.38811436481 -10.4048553785 12.9234396636 -10.4259617418
BOAT
18.1706062436 14.2818173023 0.0760687635897 -33.0404286521 -32.7686194011 3.82637395009 -22.385201446 -6.35912207098 6.49569603749 3.02308235467 -6.59102796766 -9.99888609822 -13.3010535215 15.3006466102 11.6739083406 8.26226399052 -23.1960365725 -26.0185589648 -6.03413269206 -13.5443920498 -19.7615740594 -22.9687654751 -8.04092287489 1.75429814149 19.0292768677 -1.10005398167
BOIL
17.5683676862 14.7267219251 -2.35364383256 -40.1961129705 -35.8156192157 12.0727166279 -18.5282539805 1.15394967873 -3.77931573911 -5.50024560599 8.86010046258 -12.2971934166 -12.0758032806 17.8510690184 -1.09140954277 -15.4008019288 -14.9014997996 -26.9825458624 -10.3351095657 -18.4105769929 12.4897620426 8.52278586264 -7.13168939542 -8.5070612281 -3.85207205307 -12.3119466117
BULL
18.8516778951 15.821099247 0.749549583852 -49.9037944351 -35.7653072254 21.3797131572 -20.9560265064 5.18661572866 3.20958135888 0.924504336538 7.31250358631 -13.0497008668 -15.0502894735 18.666297816 14.8265980081 -4.06581379309 -44.7121574038 -33.6719966536 12.430037418 -19.0231774588 5.11947360468 -6.25829967595 0.20513117208 2.28113241446 -16.9534331832 -11.2536762293
CAB
18.2024034856 -6.89037816345 -18.8663731041 -2.56608021578 -43.3026774236 -4.24329440635 0.947808435765 -5.3732797758 -21.6002813796 -8.77650895581 -8.58131489354 -8.08573594984 -3.94383953419 18.0455886209 1.79941836622 -33.1067622521 -11.2258282313 -22.4656605108 6.6343872555 -15.3867122276 -6.71820125044 -10.2748082894 -22.2820756533 -1.02233738938 2.63100800931 -4.81549947795
CALM
17.2249697204 -0.977395757636 -21.5872769407 -29.9147413198 -1.51261713437 20.7652434534 -25.6372303396 -7.19257264386 -8.91356729492 -12.0476287914 1.3627962264 -12.9303634384 -2.80939631469 17.6831336516 7.59900311944 -13.192605523 -38.7529647347 -5.65328738087 21.491163597 -24.4123582241 2.29725846568 -26.0697966229 -1.20518950501 6.71849514319 -13.4005826619 2.77303620255
CAUGHT
17.1254134631 -5.50970152447 -21.5799231606 -25.9466103789 -0.520254808363 16.2151165537 -10.162200498 -10.1635769438 -0.750483813857 1.3819467501 -12.1459145827 2.11759512462 -3.55817569526 19.1786225383 2.96388515705 -28.4495919564 -32.1708139925 -8.23714968277 20.1277326373 -18.6459927196 -13.4397704411 -0.938078274723 -17.7294742915 -4.78999455074 4.42379113146 3.15361799052
COAL
17.9646039798 4.88733014544 -13.6219584567 -43.8230724339 -24.2227296889 22.8124075607 -25.5503641966 2.84373444911 -6.65710118691 -1.76184800142 3.00892440612 -14.5050008536 -4.82730641576 15.6955757353 15.4626041312 7.75747763348 -39.9395242506 -31.7302403151 3.83535881768 -19.1051336523 6.55572614627 -23.3619693973 -3.55472441682 2.33211875351 -7.35940829302 -1.83795590245
CODE
18.3889372926 2.9551633905 -3.18409293489 -34.99108228 -18.158070713 8.80337476294 -25.4021121427 -9.98564436038 12.9886875387 8.68690078546 -7.52931080855 -4.46632706303 -17.123750386 15.2923084997 12.80997284 3.75975643771 -19.2331463058 -20.4617096406 -3.94676602319 -23.307090207 -12.0686195572 -2.98819101998 3.08616283965 -8.78829262024 1.20891683183 -21.3948981841
COIN
18.4586232178 13.1406614758 -7.64820199852 -37.3704573278 -23.6920882928 18.5905133091 -18.9999871251 4.01243260067 -13.0135217598 -17.5764012755 7.95490736943 -12.7806279383 1.16310805995 16.4992013299 -4.33119674295 -1.75013388055 -1.05388883973 -36.970429668 1.15713206902 -8.92928797906 -10.2028121634 -5.01989771197 9.24389114309 -25.4112919476 -6.29256546582 -18.9454565859
CON
18.2605687527 -8.18247773415 -30.5338620792 -18.1847965981 0.181575163565 13.5598779561 -40.9346894981 -3.03044082607 5.33606622313 -24.8275467024 -1.36297988562 0.152665246938 -12.8586753584 18.0599121504 2.2591837802 -24.2441497934 -22.8362946781 -0.64645179864 12.5432775737 -50.4133561349 4.44078941507 -5.5819805832 -20.8157911205 4.10528662791 -9.37934191326 -2.53496046139
COOL
16.9197361279 16.9725321641 12.8429033978 -44.5536771739 -35.1269128487 -14.9933372048 -10.2711050226 -18.1589550183 -24.3705310548 -23.8627775492 2.19688791263 18.0403076165 -4.84262606261 17.5896510277 23.7042589101 8.30364027983 -42.252167091 -36.1605849677 -9.32677678908 -2.66211009339 -19.5759264183 -29.3139301212 -15.9103942512 1.31699736815 22.2211369915 5.32077211201
COT
18.2447203386 -7.50428022435 -36.667330684 -11.6620996826 2.25414161347 1.24223683811 -8.09593870927 -3.71253937314 -12.0192525701 -11.9939544895 0.482850387509 -4.11228988139 1.39257040202 19.4048353178 -0.955105835418 -38.3849114656 -16.09076584 -3.72490572121 2.78588211339 -7.37326529267 -22.8668587892 -2.78342895137 -13.3984389202 -0.287431478625 3.58919382135 1.95503693437
COUGH
19.0166216104 6.44337344074 -30.1401279525 -31.0656308459 -11.5783055922 22.7013747628 -4.82247771856 -17.91692149 -10.4061399994 -5.9643425902 -4.90194774915 6.04210804359 0.173183058594 16.2724901408 3.34904601613 -23.0983969561 -14.6703916344 -8.9396378874 25.4213535078 -15.3234971662 -15.0133096473 -5.41254098322 -20.9146497342 -10.7705143984 0.915739379416 -5.93695998818
DEATH
19.1793266036 2.01108217377 -30.2252927405 -13.5030329436 -22.3318777951 5.34184486334 -6.15843022693 17.647105278 -15.4638071366 -21.445428944 2.74024698157 3.08338867413 -6.80532863255 17.5276642414 -1.0526335718 -24.5057931189 -16.7290521178 -12.3444484778 16.3718541698 -18.0246725386 11.966505824 -20.8674087508 -26.3586136232 1.02965129943 3.77816220887 -11.3546868277
DIG
17.9303038615 -0.57891683024 1.94123058575 -5.07319919226 -35.6682181069 -28.7597148445 -20.6881450022 -0.824440649499 -20.5152763676 -6.80114737689 13.8339489231 0.651592564919 -11.3746364851 17.2422181964 -3.49945334194 -0.590527980486 -0.319046089412 -38.312602729 -22.9620305973 -15.228922549 2.61220492104 -8.93001422089 -0.815680403253 1.68851124591 -6.0841981744 -19.1573898574
DIME
18.3674102652 2.53410414804 -27.6936552885 -12.2148248977 -15.3866697559 6.22363130787 -21.1550034674 -2.18745846127 -4.55912859572 -29.5100612229 10.6879429839 -4.14609354059 -15.6302549094 16.3928732209 -1.15770232371 -11.5035252293 4.61841784587 -35.7008680719 2.81710517441 -9.87060255889 -9.51242707607 -8.98213422505 -16.5483254294 7.40695641442 -16.4939191514 -15.0701524934
DOCK
19.0273553999 3.37815705422 -31.690952735 -12.2389049072 -14.5840688214 11.0935633345 -11.9513568524 -8.78619973171 -7.90996447169 -22.795643187 3.93853080401 9.88280063648 -7.28077038834 15.7564732648 -11.4551019768 -35.4074859513 -1.08551816215 -7.31070000673 10.3455421734 -10.1898878901 -5.0721738286 0.489883366726 -12.2158269495 -5.95983762318 8.22955314986 3.34140912882
DOLL
18.6743561782 6.13546214652 -26.1097757699 -24.5302792935 -20.8549098545 24.6585166721 -23.1626365535 -3.17684830487 -3.72214820907 -18.3401881123 4.23261414221 2.06402337501 1.59432973702 18.2405418003 8.63137472651 -23.4965482735 -38.2911071173 -11.4209003629 38.5711011971 -22.1124358435 -6.99481828682 -7.81762918513 -10.3904084528 3.28003433578 -12.7598611564 4.96011010321
DOUBT
18.6368678547 3.73245804633 -28.116133478 -14.1995309011 -23.7066243038 -4.88585024516 0.0481603805407 0.803943788 -12.1503441861 -16.093184351 3.74246849395 7.98732379346 -4.97473234822 15.1480093254 7.15416115557 -5.093166454 -24.8618647258 -25.6127015019 2.14188480925 -23.6560423106 -6.21071121971 0.775689094343 4.74278660776 -4.6691795772 -5.95720234577 -8.56146253076
DULL
18.2049297936 7.92058622256 -15.4664147895 -22.4846739122 -30.8147673602 2.88075571261 -36.042674054 15.0443119577 16.350328728 -10.0195232281 -12.8329290528 -2.60937639135 -3.86956538091 18.745800529 6.02676250749 -22.7369004495 -31.4593479941 -24.9710857648 13.0137619181 -32.185451409 1.34308388008 14.0945058654 -7.58536866099 -6.47278458691 -12.2106008275 1.10535498113
FADE
18.3101930332 -0.434381950988 -5.74750829976 -4.32769233672 -45.2188075057 -10.9647215692 -4.96415332531 3.30270588645 -5.23529998381 3.69594332275 -13.3746480291 1.48953512706 -10.52894336 16.9663940582 -3.91280487937 10.2495791243 8.13704572198 -49.1857150781 -16.1096043909 -14.4227321558 -22.5850459315 -4.0991714152 11.4076883079 -17.6358654421 10.7687710518 -13.2805223394
FAIL
19.2352541099 -9.79952748086 -20.9289272422 0.609874209921 -44.7481266733 -8.97727555566 -5.17581213697 8.60997512105 -14.3311272348 -5.26471141423 -3.85040949107 -7.58970910459 -7.16742917354 18.2098865734 -2.2159553032 -15.6059891344 -0.779871610775 -43.9526825351 -11.0194495898 -9.16718729796 7.20866305243 -8.75034890288 -0.703409423535 -4.61918329039 -5.16347799348 -9.12341341971
FEED
19.4060799932 -17.9046456775 27.7864347065 5.3580113332 -36.8485076298 5.45921729705 -34.2982949242 -11.3806491291 -5.87344227497 -8.52928866573 -6.1267507471 4.5674324088 -18.8171664117 17.1454300934 -4.97794376445 23.3903583994 9.62716784807 -43.2459475065 -1.04857205035 -35.8660463105 -17.4666488974 -7.67772358553 -4.81556961483 -6.17906213097 7.63613284408 -11.0107789803
FELL
18.9015353191 -3.61671021509 -25.571292519 -24.353340893 -20.2262794875 9.18139050358 -24.1328177169 14.8397426388 2.38789375269 -23.6716265521 -4.35871105036 7.28760886891 -3.74691973395 19.4267275845 -6.29200972866 -26.7558761978 -17.3711911903 -11.9187352267 19.7965968391 -23.8433362109 13.5339712004 -4.03714038909 -24.8638242129 -3.11530978983 13.5998831419 -1.37778141214
FIRE
18.2833355159 -0.316632115823 -29.2322922868 -6.02347498004 -28.09167553 4.67031958332 -7.17376512139 -4.81136021256 -10.2949222243 -16.4739730418 -3.3500262258 0.190447240257 -2.60205278019 15.9597570645 2.34513074333 -10.8600705135 7.12671026387 -31.8374015007 -25.7389797248 0.645382348574 4.94139347296 -27.0082019926 0.0273119086987 -7.25755456042 -11.7585386334 -7.05353151363
FOOL
15.892609227 14.1690162351 6.04235882115 -34.9666926241 -21.4959736906 -12.9366230308 -14.6690842076 -19.939274173 -26.9328974042 -5.38827663344 3.22463937101 10.0729876562 -5.88635015096 16.6787094165 17.6893193233 10.7180136044 -34.916016864 -19.8515366965 -6.56282866265 -8.47223080983 -6.88911619361 -24.6447789973 -2.11358501474 6.6265934762 21.1378678277 0.20418827558
FOUL
18.8788025203 3.29802625078 -39.662773229 -17.1266661995 -4.06730818016 6.2681838523 -13.5341825424 -8.49590923113 -3.34689383896 -18.9897702363 6.16804869556 5.88247824292 -3.92847153389 18.3117419297 4.88486701494 -23.1235307326 -34.4561795676 -21.2957794915 28.2825950121 -28.1022782309 0.98988395905 -3.70761082265 -11.6354243035 10.3131127767 -12.1202969371 3.2047392413
FULL
17.913518016 11.7896314263 -8.55909017275 -32.6240718756 -21.0170346939 11.9940729874 -12.8463668995 3.40272926126 1.61623244609 -6.74254341772 9.91972905375 -20.4822956459 -1.07462276726 18.4206775102 12.1183192608 -11.6572057552 -41.0478053791 -25.095759872 23.0535532632 -23.3617684627 5.93522354161 -0.0625293043092 -3.12992858181 13.4623645381 -24.2211585703 -2.48616159687
GAP
19.0121297007 0.778269993572 -24.6718474786 -6.56574144031 -29.6397426586 -5.51473617636 6.81493486822 -0.729570121315 -15.8512842861 -2.09781086963 -4.51235919637 -1.98110480827 -0.262934018633 15.2394058408 -13.4591951378 -30.3808768787 -2.94291699046 -15.2749286436 6.13812395645 -0.10915474857 -5.23702029311 -11.1302852911 -15.6425171185 0.747246002504 -2.08293175062 6.13948840368
GUIDE
18.492779964 -1.40950997044 -30.4777683703 -8.37486903794 -22.0606448592 -4.55498428049 -1.34367582444 -7.44354629879 -10.3179677391 -18.4138342732 -1.76505789709 -3.93041660476 -0.732009015431 16.9511149729 1.78938559285 -6.20527053822 -0.233686412889 -44.2436805393 -15.7781417615 2.1899866278 0.171370890322 -12.4466784993 -1.84757716947 -6.17628096517 -10.423049448 -5.37403153255
HEAD
18.980685114 -0.0678249907228 -21.7699727656 -13.3266788817 -24.7675609253 -3.09126757696 -12.067369937 18.7804584148 -13.4486667092 -27.8530968369 8.20796712734 2.31106044857 -10.4398228628 18.0768488881 1.84642941526 -15.8134758174 -11.9560217663 -29.2630721129 -6.52405335369 -22.5546097604 20.9171861796 -7.84540008409 -24.6919313192 1.47313448764 2.5086840384 -15.4444987569
HEAL
17.3007700182 -8.25194288577 30.8671371367 5.04046061941 -42.2252059047 2.17535976826 -33.3265932246 -15.9696225493 -3.53503677215 -7.93482681559 -3.73280456236 3.74372076084 -11.2632849165 18.5514682961 -9.8848912684 15.9441078771 8.26846597004 -42.436433612 -10.2000236454 -20.0267800204 -15.2991480917 -1.08203544137 4.10772235901 1.55202145755 12.6946181755 -12.184902597
HILL
17.3793605573 1.33314307063 6.3933721275 -9.98816261753 -22.8053554843 -21.6540046432 -8.29453505658 12.5172417151 -13.648589912 -15.1481355901 5.79366408451 3.21731497968 -15.1609450195 17.7788982031 3.75451548314 3.84653885599 -18.8427014074 -18.4320768261 -18.1426550278 -18.4041222558 23.3495120399 -2.20468806434 -23.5397417333 6.4962763486 9.5186596491 -15.6379981675
HOME
18.0761009474 12.1197246257 -4.32511952094 -33.816500842 -23.3485721784 10.8264415743 -15.7253422155 7.29565572613 -16.3488710468 -10.7815594941 8.79885353066 -11.7351484646 2.42716761495 16.8877758771 16.4205103847 3.24737771031 -30.30019451 -25.5120010324 -13.6443802905 -20.8781992384 8.24160144097 -15.1679021947 2.97191385947 -16.9179911803 -11.4902642292 3.05139433233
KEEP
18.8379326081 -14.1879496735 30.7111354521 -3.40138649678 -34.7060059695 -8.90757441975 -34.7991665712 -20.2931763677 -12.1317937554 -5.72519722555 -1.2535562034 -1.1785856595 -2.87591377796 17.7536339654 -15.4636855474 22.4639406039 5.64970684917 -37.5034406781 -3.08540640574 -25.7679199464 -20.200887237 -0.569063283513 -10.2606219886 -5.63392027849 8.62745574458 -11.6120705364
LIT
18.918548816 -5.58199123074 -8.93955433609 -8.183215821 -24.2276716321 -20.0401050954 -23.1575474139 30.9857285662 -2.34057312001 -9.24318206612 11.7832016609 -6.12500743114 -15.0219304356 17.4666605259 -1.23968645981 -6.67400586992 -13.1507790314 -42.6457567453 -25.3290964532 -8.16902709404 29.7742735898 -7.4360562108 -1.88010819204 12.5214062287 -21.1167488644 -14.844145382
LOUD
18.9967272699 -1.53504749901 -36.6555846149 -16.5830305596 -3.39844015437 4.86427866397 -14.702267612 -7.27364957717 -5.87266503262 -26.9520289471 11.5963194975 7.30310514148 -11.8310766559 16.6625794174 11.5580907332 -16.6018299728 -28.8311719513 -16.7405118755 1.61493441658 -29.5652438992 -3.50758330374 3.46507197938 -19.2223975926 -14.2291292105 -0.0714121422333 -1.98594439642
LOVE
18.7598104262 4.87878456106 -20.3205897246 -37.718803675 -13.7612767013 21.2757109144 -43.5560733487 7.83819785395 -1.42728933865 -2.46812954873 -7.25197074405 -15.8617907179 5.51360473489 16.515139108 8.52408019218 -4.2191866774 -30.8590914863 -16.4847680792 12.419312185 -41.3032956456 0.868929094916 3.57048167857 3.26248958919 -9.29805652915 -21.922693868 -8.59336798219
LUCK
18.9211416328 6.30173699534 -20.2784173975 -39.6625546841 -12.9340251272 19.6341302841 -22.8483173036 4.06072655336 -2.83602809417 -16.5826336642 -5.00445581129 -6.19910057933 11.913064678 11.6962011806 -19.0574900228 -4.18620284833 -10.0990110686 -0.53784876725 4.51452286033 -12.4235109397 1.96480740586 11.1137599539 -0.190197405673 -5.02558616937 0.226182900463 2.96245788408
LULL
18.3603122117 14.8178461519 -7.14310078629 -47.2223911596 -20.1510327009 14.74329703 -23.5636430768 12.3268196706 -8.23042738514 11.5485929782 4.69380520865 -20.259257267 -6.34492253309 18.5375628405 3.73640097477 -9.95775193242 -53.6698837057 -30.0150839692 17.5884391796 -42.6489168457 7.8037410328 -9.77126868135 3.79187718526 5.18037221828 -26.2893941421 -5.4140279482
LUNG
19.3266800166 3.24311391187 -20.1240549441 -47.6949873114 -8.2615743098 29.9841839453 -34.0284355784 -3.2633000903 -16.5093214014 -4.96768848608 10.9695250235 -24.5206459737 3.5334956783 19.0141110639 5.07110311126 -18.9295993202 -42.8181107404 -0.218755028713 29.8608749939 -28.3895060337 1.88695511998 -21.6088777174 8.50809743756 9.60507748657 -19.1169810216 0.290336457961
MAIN
19.1544195053 -13.7718734228 5.5897949096 -3.76875328509 -51.346577126 7.16372793321 -10.2627986501 -11.9916841734 -0.293262276501 0.538271773877 -9.0887056508 -11.4898028687 -15.9519026405 17.2738021686 -7.96802340126 12.4527926172 -4.02868080544 -44.3880272159 13.3456298755 -23.7410951702 -14.149268234 5.66349912209 -4.66446120196 -16.9114399354 -17.0969926579 -13.3423161241
MATH
19.4165789473 -6.75047831258 -32.3928681969 -5.77177956093 -13.0468106458 -0.392287322516 -13.1750159645 -11.2635950509 -7.75581185778 -19.1890928158 11.3898988319 -2.25340675943 -18.0030591895 17.6599951442 -6.44746551738 -29.5889092867 -2.54589389095 -9.18638892328 11.8949313596 -22.1047830217 -6.32332586958 -4.82773289704 -31.5196230535 7.1834143117 -6.44606160237 -13.4200009401
MEAL
17.0262480196 -2.01643476325 25.08302832 -7.55873095688 -47.4435378279 8.1831962506 -29.8738411557 -20.4865948829 -1.93621470853 -2.86406453319 -4.49098775418 -8.22570684629 -5.99698942654 17.1906300271 -4.99731982779 14.6701489864 -3.20893446777 -43.4892970983 -4.45540618132 -22.1948636432 -12.6200471186 -3.74933704034 -7.12019881154 3.30632857167 -9.89673815762 -8.58268352008
MILE
18.813712754 0.517377681308 -30.8836271669 -19.4513028919 -5.11165887574 10.04038073 -32.3842936808 -4.04460996197 1.09242487336 -27.0210569863 11.1486692248 -9.06631094161 -0.983512494409 17.6747026918 -2.45500416443 -22.2752106076 -6.32873663176 -21.5022627256 -1.54825370263 -14.7902190541 14.4477135419 -17.564222185 -23.8087274346 11.1661494322 -6.60031089612 -11.79853797
MILL
18.4085088886 -5.41454441246 -9.12008477302 -19.6112903001 -13.6891638129 -12.8427371155 -38.3868350501 29.3904583571 -7.48376393087 -22.2384596823 16.2386524926 -6.65906702572 -16.867244743 18.1883386602 2.2127954213 -14.8065999474 -21.576986548 -18.0550712204 -18.6557392672 -41.1365658992 24.9049310813 -9.0943236636 -26.0235217641 12.2655266604 -3.33569086756 -16.3449888559
MOB
18.9335055197 6.70174871677 -25.6851858294 -32.7207494324 5.50015377301 20.3828460475 -37.6421510143 -11.8830090752 1.82932603459 -11.258898382 6.02103092976 -15.7390759054 7.48914299091 17.8707420972 10.137854336 -23.8240218377 -32.4846892928 -4.15603943537 17.7435079129 -33.4876831392 -11.6360450235 2.62513922042 -22.7719817785 4.76854564332 -10.3293946918 0.962864979367
PAL
17.0138319539 -14.1794777938 -23.7277573724 -5.34211567273 -18.0163584241 5.53137997324 -2.2684285579 -0.589916406678 -18.3208549079 -6.56808282378 5.9775530395 3.86426395349 -8.03866105619 18.5189339716 2.43009073191 -31.104550997 -11.5807043785 -17.2374689277 10.8905492586 -2.98736167412 -10.4754248062 -13.9217969175 -17.4965594429 -4.88776181842 2.77761385971 -6.23050592611
PEN
16.596422828 -14.6259861654 -19.5714953677 -4.10366028732 -13.6551996713 8.4416100751 -11.9471541516 8.00486244271 -11.8858189072 -20.2494879834 10.7165597525 1.75813607662 -10.095664531 18.8709969838 -3.18733781763 -20.2516864531 -15.970697766 -20.5228220091 -7.03308665088 -28.6270377563 15.2987156509 -19.7402195484 -30.5256293251 15.7495542394 -3.54454337012 -14.7781123549
PIN
16.6942825028 -16.1006950046 -5.45165977625 -1.7565689075 -23.5699745743 -12.9715831826 -4.94112875985 7.31216242338 -17.0767637712 -3.92293063188 9.28949444169 -9.71403422951 -14.1980228835 18.5044851196 -4.86646926859 -3.17910256429 -8.98979726034 -28.3620823497 -11.0482600835 -9.58133320949 11.883883168 -31.7296445588 -15.8538045532 13.8712777474 -21.4553243006 -16.7005861271
POKE
16.2938868604 -7.22307809178 -16.3418866043 -27.6028391973 -5.29273217792 7.63274313016 -15.6255784716 -4.52040724251 8.0125917315 -0.795856389702 -9.32585781828 -4.89713890062 -5.8213264195 16.1579911026 7.76296844466 6.6157325366 -28.0702726763 -22.8458751098 1.85807535037 -16.1191462051 -15.0420109232 -13.8661479852 2.24421849973 4.08206915379 9.0070366548 -10.0406410528
POOL
16.0893004795 15.186868261 7.94819150321 -31.5051565543 -21.3214356154 -21.2095342007 -8.45927111169 -15.2611483243 -17.2212950536 -19.7694064362 -7.29322079148 15.1459846598 1.13179655852 16.8920008059 14.9342694716 11.5337229068 -32.463271872 -14.4069231575 -7.55847815522 -3.75632250877 -6.94079727183 -21.1738642671 -10.0671888686 3.96628384942 24.2023918892 5.96666302394
PULL
18.0929134217 8.85531366048 -6.52501885575 -50.9242001838 -29.183404361 19.2966992384 -33.7303208373 -11.3880564545 -4.87273726236 -13.9235796708 -1.18046092947 -24.1195091099 -3.82916800793 18.5564399913 11.276389099 -4.14043866173 -54.348279302 -23.0416982299 21.5397809895 -31.9376838632 -3.22156992434 -10.1733631036 -5.53609502919 4.8960820752 -19.2017929673 -3.32746767895
RICE
19.1707142999 -6.58513390883 -22.40785814 2.86318650977 -38.5809664879 -10.9281087607 -7.54680908678 3.94826239285 -14.6315229326 3.0138289584 -4.85470140087 1.66578306281 -4.79392191663 15.9635121681 -18.2234243979 7.47609607559 1.84137549494 -24.6550993534 -8.22862200961 -4.00550684472 -5.72337736211 -8.3706088388 6.75075090057 -4.1114231371 -0.935530334939 -12.8800408935
RIP
19.7944488366 -9.58934184794 -19.2827466082 -4.86913507673 -39.0069256673 -19.645028926 -13.4832860154 19.4437916994 2.75120291732 -5.12970572373 -5.1732563299 1.83143701747 -15.7566439733 15.9025359221 -8.20373026399 -13.0600171181 -9.83518796714 -33.8677511859 -13.6746421297 -13.9247488409 14.6664225158 10.1191809579 -6.07565159911 -9.05384953354 7.53670523152 -9.80386300192
SAIL
18.5006858467 -1.00981340185 -13.2768295226 -13.5712442703 -45.6694316683 -7.06652120516 -9.98719950148 12.6931122228 -12.7577180406 -5.18549966254 -0.016613093445 -6.3030308374 -12.6806373051 17.9410034545 -3.08683144256 -9.21196597634 -2.8336136265 -50.7273228904 -12.4481766854 -2.93322310679 -1.12727920217 -11.1482465993 4.8127896545 -2.21323468962 -7.84857958891 -7.72072224547
SELL
18.7301504841 -4.40258398551 -23.2479441754 -18.7898479376 -24.2081277566 2.44703856884 -22.8267669714 18.3102173477 -6.31256865914 -25.0312349962 -1.97723938676 12.7645922496 -9.92145331381 19.3817684276 -2.39123529155 -31.5993814298 -20.2795912938 -17.0849966398 6.33649834707 -21.5256355079 9.11773682463 -14.2352064585 -27.7674957319 3.32877421976 12.1984294271 -9.59306769273
SOUR
18.6188969226 3.46779273263 -37.4228781725 -8.97269214918 -21.8621394248 1.64820108753 -9.94635026876 -4.04767311228 -16.3419781242 -17.9379333713 1.57334317956 4.41912394898 -5.9259026533 18.106990296 7.89494420767 -32.8702489254 -19.0545865024 -20.1351625854 9.36351439516 -12.5447751767 -18.3268561374 1.89685533655 -6.4366891694 -5.20210394645 -10.2151533565 4.76023219173
SOUTH
18.9160622914 7.00673243949 -32.8250470254 -13.311045019 -20.287360208 10.9468439058 -9.63657913061 -1.53087418424 -10.2300399171 -19.4228132826 -4.78647995103 6.8127363153 -0.106566304634 15.8793413784 2.64510507322 -13.8224038756 -26.1818847822 -6.81963559762 14.8306503571 -23.8161527939 -9.91513635514 0.367028457402 -4.51873143295 -14.5329792097 -8.2316605507 -12.8292752211
TAPE
17.9073633575 -13.4959855198 -1.69370917426 -6.71388565795 -37.3868193028 -19.9951464565 -1.58528097547 -3.17777000402 -8.06799595447 1.36004547837 -4.02653500292 -3.7678651674 -6.40947435089 16.4564573346 -6.91433134255 10.5097165955 7.60376119361 -41.6656372704 -14.1862028147 -16.4451006683 -22.189959529 -3.89878277538 8.12485312912 -5.47613967447 15.7845399428 -0.818141580408
TOOL
16.3137967786 10.4639104125 5.1355761612 -22.3067023078 -13.9120385404 -19.8713854418 -32.9471963552 -18.1750364562 -19.328337456 4.55508698133 -6.96571017099 15.0258321161 -18.1548019142 16.9625550719 14.9204919854 9.99674670963 -33.3912238481 -17.5932839213 -0.315011242492 -15.6405760461 -20.7120052457 -21.4724906784 1.07449823821 9.58198209724 24.687195663 -10.7721408768
TOWN
17.9185848848 -7.64811674069 -29.9356640822 -0.752305308791 -16.0760978946 0.815073831115 -9.04446775932 -3.00931314348 -7.73268684908 -14.5506036379 8.92334955806 -1.99776894983 -15.5477142651 17.6635082864 3.41494581929 -24.7804706023 -20.4316203771 -10.7492093735 10.7857132069 -30.7358552938 -8.6688223217 0.471397324554 -21.5511297643 12.1305105713 -15.4376609012 -8.85370271926
TUBE
17.4453367259 -5.15013122073 7.83314776662 8.26878833755 -24.0033226898 -36.8045360529 -26.0357487874 -18.4709685768 -16.9021409604 0.290830359341 -6.84771910531 11.1638679689 -13.6797863618 16.1695338036 6.79571025068 9.01018872523 -14.9925368884 -12.678376304 -12.2212124533 -32.6966849486 -25.0623633774 -10.6921238545 3.51398122617 -10.5786033045 7.30526905225 -5.48793570832
VOICE
17.7152091372 13.9322357412 -4.38085847433 -28.9028668408 -29.94087487 7.09564805428 -21.0228664013 -13.0710348031 -5.48519962206 2.97148314111 5.32086395968 -1.91176045192 -13.2499581418 17.4289089154 -3.07319707899 -5.9116519946 5.30246721466 -39.2110091665 -22.6076102323 -16.403085823 -1.09239813871 -8.62729494221 6.50491851016 -11.653013618 -3.24136342079 -8.88798666139
VOID
17.3701007945 13.73240536 -2.90442047658 -35.6845907172 -31.5513381629 6.04138135897 -12.4006637201 -6.55711252404 -10.6652286714 -6.38363899688 3.92325532334 5.20446138592 -7.77461363767 17.2144061551 -1.89942793235 -6.29391592225 -1.0825022706 -35.3438263201 -24.8270751805 -12.0829051043 -3.41377224609 -9.02732937378 3.56637145993 -11.5809621459 4.71322669556 -15.9910218456
WALK
19.1796646525 2.01763301312 -26.0828127345 -32.0284706976 -15.3027731627 34.0064050365 -17.9486192791 -13.9172307055 -8.52819774015 -2.85428281568 -2.31537655734 4.09453161415 -3.67398408758 14.0799932015 -17.1463392691 -21.380072199 -12.070280663 -8.67233221005 20.9626596024 -12.5390514612 -5.90934559557 9.49745382318 -1.98072053026 -18.7694776327 10.1518866416 -1.65208777493
WALL
15.8654412582 11.0778219783 2.59601332561 -31.0003651403 -30.0764037258 5.13322839855 -17.7676201919 -5.90509636207 -14.4805558418 -8.52180183176 0.448818349339 -3.91027062183 -6.58256717546 17.8418237461 6.72614553501 -15.601896676 -46.3085808524 -21.8452971227 32.9078292626 -27.4342648702 -6.84344520013 -22.4651716095 -12.1994297532 7.20658205844 -18.351125224 -1.33830402934
WET
19.2102647794 0.677501193035 -25.4730155121 -12.2653479178 -18.956622232 6.77242312924 -21.5811131685 19.1300498901 -15.5334945044 -31.1017908447 7.99389064147 17.297887726 -13.1350331345 19.5171415083 -5.15725739746 -25.5388049334 -6.74272091998 -29.9570848737 0.55222687093 -9.96772904904 16.1939328107 -23.2785498138 -19.5080705821 7.76263536527 4.27117120309 -11.7206868938
WOOL
18.7433937697 9.09133898385 -5.36477852427 -47.3221644699 -34.4217612895 19.3637531579 -25.5071953708 12.859258643 -8.54678732499 8.78281097786 6.80966413814 -15.8170528186 -8.33965120351 18.6994822388 1.18533279348 -0.135045689919 -50.5458142335 -32.0541137138 21.9851993977 -28.8824278946 13.5829771946 -13.973770054 6.33140005039 9.1123246955 -17.5555872363 -7.73465459897
WRONG
17.0292941197 13.926831262 -23.0893145538 -21.8596388766 -7.69801005172 -4.72684547665 -23.5304495559 -6.0596539559 -3.74802879803 0.551675946883 -3.94615174136 -16.0942103535 -4.01659679688 17.6806699755 4.08215896373 -19.8912103256 -30.624071916 -7.04938705988 36.9263638271 -36.1510170788 -5.44806140025 -9.25986852751 -9.39824195862 15.0198234278 -20.413800086 -5.97823198552
