BEAN
17.9138575096 -0.183331493128 7.53860608219 11.6386016255 -53.3220698557 -16.4607703595 -17.0283828233 -4.62022522793 -16.3766598602 -5.84806743552 9.56391721482 2.81713111361 -1.13494067947 17.2953431677 1.33156212839 5.55989176181 0.600272128567 -49.3848660155 -2.60338561291 -16.6237398827 -29.7181166476 -20.0210378576 10.2880918114 -1.71764203592 0.353748823341 2.85627590863
BITE
19.7097270129 -1.95659396997 -41.2461260452 -7.13850540917 -34.6636879442 6.77826629565 2.78642305793 -3.34420281093 9.62183919384 7.84837241249 -26.3171100846 -2.24306857781 -5.78993067914 15.8193857422 -8.01996647333 -3.22684320407 13.6864731836 -32.0124050025 -24.821557454 -7.57219854473 -7.70552936019 -3.38292334188 -3.86986145658 4.80341151922 1.96742885304 -11.01810606
BOAT
18.649100404 11.5251506297 -22.0757302763 -18.1540413653 -34.9681256516 -6.08290067764 -19.2813407864 -5.95184411411 17.0366324193 15.0206728723 -7.18624373509 -17.4480663859 -0.682363462991 15.5635063114 9.66042197568 -2.78568322735 -3.18597883929 -15.1509491892 1.2049614073 -20.5964633974 -21.6348800139 -8.33209332436 10.7627432355 4.94558594186 -10.5026790904 -11.1125841631
BOIL
18.0137518889 18.6076055235 -6.56400479458 -26.1758847774 -45.8145369772 -7.67412270581 -1.56300995019 -3.26668065198 -7.08139212121 3.72074537529 0.419333808725 9.21859359143 4.38944019494 18.1754093147 14.7476936958 -28.2963561137 -14.5351820683 -23.3874867884 -2.9166075202 -21.3972840539 -3.35660209833 0.796653722156 14.1524609791 6.15351869749 -9.38775627938 -8.69836423934
BULL
18.1552276717 16.707401066 -6.90537488584 -25.174982272 -55.5086638663 14.9180117129 -6.52332834363 -10.7261559341 -7.17782203685 13.5642814799 1.45626626676 17.0036400165 -16.940275919 18.7070225412 16.764971715 -7.72656755911 -28.428464693 -51.181043583 9.99288635802 -0.955165818726 -12.0910846291 2.11725845174 6.26674834386 4.46735616873 24.5017290428 -14.5769956217
CAB
18.3767409049 -8.09621011694 -26.6206539092 1.21290635745 -24.6582627756 -16.3356066818 -4.0726754751 2.38625742138 6.31761693869 -6.02770467468 -16.7631142606 2.92535495451 -7.14825281455 18.3197119626 6.39397673757 -33.5057644778 -12.3090717836 -12.3755130179 -8.28623734398 -2.01957205531 0.792839217206 -0.408623658604 -2.27663354516 -18.7994794234 -2.57491208236 0.16676155887
CALM
17.057936482 -18.8303151372 -13.5757437138 -15.3036460121 -27.1832403136 32.4766962116 -4.75876489875 -8.64357684385 -8.38740049199 16.3813778477 -13.9749777734 -0.891719944207 -0.294201273764 19.3731437694 -1.31522199013 -16.4740213744 -30.4652521175 -44.4893021234 31.6452571961 7.85507666729 -10.4405886506 -9.11694119146 -4.24983097765 -8.19474524155 4.98179691079 -4.03951430352
CAUGHT
16.8667434912 -7.43821903223 -33.134981776 -12.8963889601 -5.34441447452 7.81796696751 2.0417837844 -13.7634881758 3.62263237171 -4.15417445207 -11.9838772113 -7.7778010786 5.69253443435 19.2180819392 7.22246281299 -34.5495271687 -25.0517747239 -15.0942592328 3.39757487519 11.5596229838 -26.1061416342 2.89694361917 -10.5427234893 -8.35300121612 -12.0933007086 11.4531988019
COAL
16.9798397868 2.91655181718 -5.03948221402 -24.8466382148 -50.9138825032 18.8937681595 -2.87950213996 -10.0495449256 -1.9991202594 0.83516672866 -6.44679003149 16.3184901252 -16.7185585844 17.8507688966 11.085717797 3.56170530846 -26.6375736511 -57.236946025 8.56705103293 -8.85908887716 -0.0824737926802 6.53029727072 -13.2782935499 -2.41968193479 19.6672858476 -16.0004150887
CODE
18.5774342393 11.6424080883 -24.7040518622 -10.730813987 -29.898928696 -6.42976026077 -24.0750637582 -4.79781316737 10.4556719666 14.4517588873 -1.01830324506 -5.2907279148 -6.86061545323 17.0632408172 14.8959150123 -15.2300717742 -4.77965423624 -21.8342058172 -13.7188265115 -27.8388922781 -19.2924991672 1.80734498696 13.3763186615 5.34176042095 -3.06412970197 -3.01275135009
COIN
18.1810150314 16.092355827 -12.6674515029 -23.8444966032 -42.5526445353 -2.97924073981 -1.3085005671 5.73657387359 -16.8664733868 -5.6821958402 13.9007186895 -3.9541014231 -1.67075220121 17.5684976275 7.42652274825 -18.5126704015 -6.98981530261 -25.6648851992 -17.4038304606 -23.3291462526 4.66706611627 -13.453579665 -2.37166166462 10.7949511097 0.314217026205 -14.5564615568
CON
14.9859135643 -15.1414684229 -23.4513462084 -10.1135059494 -12.0554780897 14.0555730938 -9.20120695681 -1.28323577868 3.01434787584 3.84166639071 -13.67004095 -3.1054841134 0.817504540572 18.9333658681 10.2666040353 -37.3153580288 -25.8935613186 -18.5379473574 9.36563124732 -3.39535363353 -4.04086628344 2.276766868 -1.69467753258 -12.5997147494 -8.56005315218 1.19319949473
COOL
17.8762008072 16.6595372444 3.11301657777 -19.4986423838 -29.6955507593 5.60583546248 -16.4250226127 -7.81250739189 -44.4064738043 -2.97724115797 13.2495674911 11.4258320131 6.36782483339 17.7663737317 12.8476086854 6.35979256315 -25.4441954205 -41.1433853335 6.87397719872 -18.3052880502 -3.89547617751 -41.9786523643 2.30214246757 2.1913592517 13.746305368 13.5695979171
COT
17.8597531028 0.310556993875 -31.8841226258 -11.3183264402 -16.6104297946 0.457865394026 0.0353069732784 -5.49816850027 2.31760795709 -11.2770600001 -9.66756910084 -8.04488513085 6.38449266383 17.6318437681 2.93226201855 -24.9486387444 -16.783127697 -11.3748718686 -2.08137126806 -0.482090395729 -9.30065564018 -4.02002448151 -8.33730064358 -13.9279722726 -2.96676807254 10.9665773948
COUGH
16.944488902 -7.24530970105 -26.5042090149 -10.8236970641 -17.7257278095 10.6479348373 -10.194791797 -11.6288956401 -3.22043389303 5.70619397291 -13.2130035388 1.37178881869 -5.39739326217 17.0654764942 1.95493853309 -28.4465374297 -17.8106494274 -18.9713327573 18.8497838805 7.36835501793 -22.3366014209 0.83156971818 -4.55290675141 -7.11298449612 -7.0098568154 -2.43973916548
DEATH
19.0942435762 4.62241861004 -26.189951065 0.337656734635 -40.9283768657 -14.2752052383 -14.5813102436 11.4528590035 18.4924295943 -7.61523813629 -7.5530183964 7.40451246734 -5.21005575448 18.3527939986 2.08489158836 -22.8508553385 -5.3031615265 -33.1732979659 -6.47808896674 -14.6896518042 5.4204313164 14.2395825547 -18.5412378757 -18.4805489509 7.9438979111 -2.48859553288
DIG
17.8118913751 4.83263323739 -2.01032004439 5.73341054225 -42.5119171988 -21.8509754643 -28.3017653894 8.16244162129 3.65362280278 -6.27631944914 16.6758771994 8.2080495151 -10.193163616 17.443761099 1.72739900002 -1.98287368799 6.60234747594 -45.5791367878 -27.3611607487 -18.2706070889 6.83661453851 -3.91749251202 4.13386709014 7.67685785045 7.06729545191 -8.10486448736
DIME
18.8349369985 9.06373699186 -37.8745716848 -11.4379625483 -24.3199284934 3.69527955856 -4.70288949686 -1.87381477097 4.09173008412 -3.77406096893 -21.2687427126 -1.10169533482 0.807467291241 17.440019729 7.58707764229 -28.6220510203 -8.75486440528 -23.1946669756 -11.8811769446 -13.8331657777 15.4236647462 -6.71933813315 -14.899966302 -7.25318824577 -0.773889230516 -1.31935211808
DOCK
18.6328200579 7.69134894171 -27.2370302473 -15.5914432977 -33.337833409 8.87035797077 -8.46020752145 -11.3611616614 4.50533390513 -1.03121262604 -20.3489680979 -2.05316813887 1.20156143736 17.0567551127 -2.30498800967 -22.5410909615 -13.3755687782 -15.9640532168 14.5076263493 -13.6191337048 -9.14709672543 -6.49433172936 -2.69693936898 -18.4819761169 -4.69810394656 1.84068818531
DOLL
18.3814624332 10.2695142426 -18.6054906966 -21.2237535849 -39.7437124377 15.9620571437 0.762309581224 -23.0817387204 8.82415289515 1.12940126928 -10.357605121 6.75443025365 -21.4960695943 18.091680058 11.0190109215 -11.0347332478 -36.8407693859 -45.9589416433 17.7183344812 2.74890333738 -12.7345310199 1.08239941821 -14.2682092971 -7.76820132455 14.5701201746 -22.7928364468
DOUBT
19.3973566767 4.15500535235 -38.1326200548 -3.36977634297 -26.5271235286 -11.2350195865 -3.31337423918 2.21803184677 10.6183107379 -6.33705892219 -16.3621179349 1.4332864464 2.76132836742 15.9888880385 10.2027555091 -23.9831075394 -11.8558333712 -22.02961078 2.87783196209 -2.46833568163 -21.3708251988 4.02011607837 6.94357505309 -16.5825021799 -9.72855771083 -10.1777991561
DULL
17.4794533678 8.59171914455 -14.7518369869 -11.3873759173 -28.8403098882 -12.0343973196 -21.6733379835 -10.4807111782 20.408299779 6.20941322007 -9.24911611127 -6.25098176977 6.54849888561 18.2362526086 11.0528083104 -19.584496567 -19.5328052205 -37.2395526717 -3.56454140136 -15.8017722093 -14.9251082189 17.9500897565 17.5031938471 -8.88429883779 -6.96285184611 -1.87435998122
FADE
18.6338042847 2.88360968663 -19.618380722 8.69494815353 -42.484113098 -26.7621719903 -18.5297269827 7.42755041979 13.5967250732 -6.92402160977 9.31075193274 4.75886732353 -5.77778557373 18.0125487599 -0.771723841421 -11.5319903479 17.9172697575 -48.7261566544 -29.8754820509 -14.2118355161 -0.529165872122 -3.46533039099 -4.22296075723 13.5296417843 0.596558876483 -6.3935124831
FAIL
18.56888984 10.6872647424 -21.5226743709 -9.35479873696 -34.0572582619 -15.1575396 -28.2370597987 5.19531286795 31.6302413507 -3.93775720298 -10.0948752465 5.18741341342 6.34563176533 18.467069351 11.4088057821 -18.9871986432 -9.450064516 -38.8048549643 -12.9923501112 -15.4698336905 3.28966216301 30.4788276247 0.576636194426 -10.5260172105 -7.90971094121 5.23026463901
FEED
17.8191495445 -1.80663752414 7.66888588978 24.698992993 -52.5814131251 -15.549652371 -19.0727595108 -12.347017929 -14.2220286512 -9.02753155935 4.37892174615 3.83364627369 -0.643008323088 16.4844541875 -4.10623501374 7.32343991608 22.2707353087 -42.4424418258 -16.0959562596 -21.5576548897 -2.40384006536 -14.0769677945 -9.59808407052 2.07610127614 -3.63509546702 3.60699112491
FELL
18.9160038376 9.10979263352 -30.0748137609 -6.21324004341 -34.9442180081 1.35149442213 -13.9295540426 1.67614953404 18.1245591313 10.0869384229 -16.4307973148 -11.006431842 6.46037147779 18.9380934016 8.70577092034 -29.38904496 -14.9885620761 -41.3137266036 17.4637043421 -8.60772360468 -6.1090280545 8.11600505171 6.30553475234 -14.107448349 -8.47076023539 1.24534627602
FIRE
18.7030882995 9.27970185581 -30.5832641836 -25.6781881335 -36.0868035578 20.4185669243 2.07365127264 -12.1013590581 11.5151653823 7.32150455177 -21.2091242224 -10.3481467421 -1.25561249879 18.9966323009 10.0574584696 -40.875515568 -15.9104505014 -22.2182098861 2.94718957363 -6.1019149949 7.70846202883 6.51602823298 -9.48158403378 -14.2241995987 -4.50392845741 7.31301626139
FOOL
17.7545110605 16.9083802598 -8.48878096037 -19.1587160982 -24.528851401 0.392432063116 -23.108463912 -16.718344727 -29.6874977859 2.21298973479 29.7139586776 -0.979004498165 -13.9346023785 17.9673723593 15.746115204 -3.59942911593 -24.2973105014 -37.4937711168 1.79342307921 -16.6421582525 -6.3739917881 -34.8684975889 4.24759638055 13.734290877 8.60941806978 1.16774400066
FOUL
19.2682964401 3.3594634301 -38.4114999769 -12.4495605011 -25.0541119244 5.18423239919 -5.35157737084 1.9424825729 8.47827475559 -3.02937993818 -29.1860944867 -0.557235409513 13.7231056969 18.0458769847 9.5023108709 -29.1037498526 -24.1031054557 -32.3382269376 28.953933958 2.44470797474 -21.3082335 5.96786547662 -18.5909058221 -2.55469688651 -0.125664858454 -4.04213923476
FULL
18.0033891637 17.5523699765 2.48821304378 -26.4272212696 -64.5705250534 6.7645159003 -9.10748268025 -13.6708778724 5.30059035817 -9.11813775713 -9.53121575669 21.5781492433 -12.1623235836 18.3811956661 16.8018668734 1.80919667061 -25.8489849157 -53.5638342849 3.57940236324 -9.02201784083 -3.65302896697 7.33771355011 -4.71684918637 -1.08128329327 20.3361689044 -9.68705801599
GAP
18.9310494537 3.15224423374 -26.7999948402 -5.44236505998 -31.2313611554 -17.0849370778 -9.29815478137 14.0288834677 8.36394392885 -9.47547259648 -6.95321366058 0.531671055033 -6.1200716886 18.4216679467 5.62505946716 -40.1726659741 -9.65210367944 -15.2352707933 -5.87165599819 8.77085731611 -6.22882535333 -5.58573027847 -17.3179974616 -14.4142165017 7.73797181157 -0.174369494164
GUIDE
19.3442626793 4.33750147472 -46.1321570994 -9.66798978496 -22.914959945 -5.60580793105 -7.89254693753 -4.86971023538 -0.42013097342 -6.0995599803 -13.5992795965 -8.62273276111 4.47100986797 18.2677646716 8.0088635095 -45.6251974276 -1.72107170304 -25.8036041252 -19.2482627559 -0.934485722134 -1.68092474049 9.6514362693 -14.6015606022 -13.663387696 -3.92809224069 1.67966963151
HEAD
19.6760930665 2.026417667 -33.9117106216 7.29890450297 -41.4925486544 -8.23009376434 -16.0632646282 9.97945392325 18.7483393891 -8.55651736118 -11.0638375505 2.06393553557 -2.80764496263 18.9881957855 0.132072179719 -30.107914677 6.70906487762 -44.5794771209 -13.83447449 -23.2324280967 4.40171421814 20.3666340521 -9.23647350607 -11.4770282925 5.90926630052 -5.57604405075
HEAL
18.6518151983 -8.14874685064 11.0990693155 25.0016810155 -52.6327226976 -16.0192114752 -20.6150621498 -11.7237137015 -12.1645631549 -19.6878870368 11.6563927672 -5.1737973446 -8.2454688058 18.3438722276 -1.99212974682 -3.87400064099 19.6486954518 -40.1439877609 -29.3949051295 -20.7644613289 -5.59426378728 -10.0403163312 -9.20791284837 7.81892253333 2.53665331977 -0.335627793579
HILL
18.9298319694 -3.96213870481 -16.6566623642 5.98591371359 -28.2288213288 -22.0777432438 -21.3588175054 0.0882400423444 11.681310291 -7.96634575924 -3.452692987 2.85977399699 0.435623435201 19.4012611475 -2.80624949261 -19.1829077621 0.160158578164 -30.8236002045 -15.5879215539 -26.8262911607 -1.33385090702 19.1713882651 6.31481257449 -10.8463559125 -1.28203846697 8.60184943002
HOME
17.0202038369 3.01079058038 -20.4968242806 -20.8752248219 -32.7052369942 21.0137152117 -7.78033500837 -2.6781147699 -2.42984112382 -6.11048588855 2.55130349575 -11.4434320157 -3.44472434092 17.7853661297 16.2335325951 -9.12255688454 -26.6559494512 -36.3382489019 0.0376350634381 -6.62666171064 1.64077710889 -16.9544591275 -9.75802512339 13.9293546239 -0.618939034565 1.09093239437
KEEP
18.868529579 -10.7523641163 16.7864594422 23.2609215822 -36.5512563186 -4.86384411711 -25.1916532055 -9.18190043921 -14.6661318235 -14.9995134464 4.98375847638 -12.2651606734 -13.0651589303 16.9520038878 -5.30157682798 19.576897173 26.4403749979 -23.0793501135 -9.21511347333 -9.95853998226 -6.60452164909 -14.0014486369 -10.3219450964 -1.50454718312 -6.36849799025 -8.9294862006
LIT
18.7063962933 6.5447903236 -20.3772924228 1.66505855385 -34.7630382624 -21.0328521508 -29.6304624869 11.1286138267 10.6096972286 13.0344090536 -2.07517621678 -6.80067828906 10.40338601 18.797454162 4.42222992878 -16.4852807843 4.6146899522 -38.069458188 -21.2093209292 -26.9501974568 19.0768603846 2.62468539442 15.4552791661 -7.67709485957 8.95000745496 -3.54321499212
LOUD
18.9641521785 10.1091453213 -43.2044030687 -15.8547028515 -19.8085960249 -1.43516659861 3.36148951019 -8.41908048826 4.4418400156 -3.33691293382 -23.1700713047 -9.81627925063 9.72133216213 18.0533640109 12.3920789028 -39.6280256876 -9.17726832877 -26.39952528 -2.27994768816 -0.490508544085 -20.91192837 18.0711242276 2.48489624148 -13.8379436484 -12.2334394567 3.0003628517
LOVE
18.3541817786 8.60683124535 -21.5626842077 -19.3401836984 -39.3590316939 10.32640009 -14.0564402797 -10.4916186346 13.9774018036 8.01506098103 -20.226319807 -13.1658081875 -2.69024875889 16.5100431731 9.94023349008 -11.3185152401 -12.6957966161 -30.7996746538 3.31214584726 -18.1272277772 -12.9606554323 16.4388485148 11.2602910455 -12.217910731 -9.79264757387 -5.96670912421
LUCK
19.3346219299 9.15880643907 -25.3818481521 -20.8354315214 -38.3763469407 19.7817840088 -14.0360564173 -13.7713703018 15.3118481082 0.6155027946 -14.4410962245 -6.92504903984 -5.3900161689 16.885804638 -1.18035458802 -20.1225499928 -3.19827186413 -19.6312705161 11.1658079794 -26.0183387673 -1.41625017736 -1.26762768391 -3.99639553762 -19.001190961 -8.88145218927 3.97652730054
LULL
18.4388408397 12.2610933637 -11.1182461391 -28.11850988 -54.0871073661 15.4538656413 -12.766362444 0.739700639847 -3.80783386458 -8.87758667854 16.0225611561 6.64158523284 -9.82650061198 18.3990329784 14.3872693847 -4.90954204062 -30.6331218371 -55.068463474 27.1063844612 -10.8227630946 -0.706208461023 -1.53721756289 -11.7583294373 13.4289032978 10.8402427173 -9.13483334196
LUNG
18.6418717542 13.1231132291 -12.834986227 -26.797584759 -43.0985502113 24.8628848413 -18.7063333881 -4.33124905262 5.1502539265 -5.57967947332 -11.1442593307 6.42151123719 -12.6765612139 18.8181836984 11.9617471187 -21.0526618925 -24.5647963197 -33.7458104506 16.6060968474 -16.7985583077 1.84080676412 0.828412322488 -2.7811939101 -11.2008681333 -2.48544722766 -10.355145541
MAIN
18.5548027162 -0.61521656162 -13.2978266086 12.2940655249 -48.812747471 -19.5068298582 -8.39085900544 3.2937888632 -16.7148069024 4.14740164032 11.0877917405 5.26614131965 -14.1008559103 17.6026259577 -4.83343317679 3.45690857325 10.9920255037 -54.2404567363 -12.1479939572 -4.79739677534 -15.6860079382 -22.2702396041 17.1869446839 -0.977981648368 1.89512430061 -8.46727173391
MATH
18.8677452949 6.44014780652 -31.7643069023 -10.2098492044 -25.3851556403 0.462574090505 -13.9009031101 14.6827957728 4.89534417745 -14.107964013 -19.5104054159 2.15927937921 6.44744961432 15.6529870745 -5.77828413121 -19.1810729752 -7.9157765071 -14.1333907644 3.62587575638 -6.53394678373 3.66718800158 -4.94830303563 -11.613091157 -26.0721541121 4.79083431183 -2.58804965135
MEAL
17.6659605407 0.376267817639 -0.398487704954 9.68192287568 -50.3167664395 -24.5448726603 -14.2869455682 6.84529585483 -23.0973969447 -11.9625778735 9.29797947151 22.4132001997 -11.7869011491 17.527566271 0.83698212556 -2.75769636951 3.83180733213 -38.4902856053 -35.2653324162 -18.1655708409 9.37625098697 -12.3759772061 -9.2458065874 7.79618158149 9.92920012848 -2.38330280088
MILE
19.1312398911 8.55283501639 -38.0705187218 -23.1035132762 -33.8988365917 19.9424692897 0.598138061391 -12.5327026668 6.82603078466 -6.63949334832 -15.7743308874 -2.79938074232 -0.316803045433 18.3437108849 4.82476615785 -38.349151973 -8.46239748664 -25.0961929344 -1.8605637257 -10.6004886404 4.97435372926 1.63631828074 -2.07710137054 -23.4064790919 -3.60696755519 2.85347713997
MILL
18.1678729392 2.70199813169 -16.2368705382 6.28298164273 -41.1916316298 -16.3456565291 -37.7093818538 15.1836428524 4.13852263333 -4.70187166809 -0.21442628274 10.2518520192 -1.80856769148 18.3556192158 1.58260777116 -17.086700202 2.25474630709 -36.1326406106 -21.1294250638 -34.9197582319 14.4638923554 7.87551333645 -0.917100136372 -10.2055789945 13.6438629608 -1.72593745817
MOB
18.5762399195 11.0440532883 -28.7886877272 -25.6369582006 -34.1186351789 15.4842629012 9.04446338508 -21.9895939851 0.131337627627 1.70846907556 -9.47210769874 -5.58481219498 -9.20787871642 18.401416795 9.37380626601 -28.5985219264 -22.5215168453 -32.7491821912 15.9276991573 2.62269210813 -21.0584276332 -6.89399539113 17.9365214847 -12.3278857421 -7.15022638376 -10.1991925138
PAL
16.0179123803 -11.6935830665 -22.5172405278 0.996431255811 -21.9891287239 6.38875216141 2.14146521187 3.9018983449 7.15784487494 -9.74208555058 -19.1113337592 8.70805775308 -6.12257089812 19.2284097583 7.14416843806 -41.4519482265 -10.2859454048 -24.9768363565 7.72662596562 -1.08963827857 -3.33246216622 2.61789310189 -4.50580115968 -24.7021087573 2.33717201988 8.71777398133
PEN
16.2246280084 -7.470531855 -11.7263071924 1.36732262393 -17.8154997586 -13.0658668896 -8.56817260699 10.4931440233 2.74928560478 -5.23976456264 -4.62900482512 5.00275940479 -10.0213620543 18.3577004451 7.98415430934 -18.543693512 -6.47337412291 -32.098452049 -26.1392739516 -19.5213146059 14.4600013888 -6.78659329547 -12.0283363811 5.61816984452 3.78972756001 -7.32440653423
PIN
16.9245761876 -8.21452664577 -6.40223810646 9.54669315603 -30.4842456343 -17.0177828767 -5.95494824635 11.1932633969 -4.7141039451 -5.21229845268 -0.662876222305 1.62787528336 -10.682725327 18.464826373 2.11708144901 -18.1786340022 -1.23791435165 -36.3953727963 -27.7731053446 -14.9425215012 14.4614491611 -6.41869535276 -12.7584948573 2.78848957235 4.89563237391 -7.07443535601
POKE
17.5470205362 -0.0841618735362 -21.5512259346 -9.59057674535 -25.8608689382 8.27424048604 -6.50723345365 -11.4114128732 2.25054187384 10.4072629655 -8.73642455954 -5.62198656341 -9.92561264813 17.3887452943 13.2598120725 -9.32157735385 -15.9635475531 -38.1368177373 10.3103234532 -11.1799010726 -19.4076873646 -12.9730809079 7.7113076703 9.63814114565 -2.12633395604 -2.73396547892
POOL
18.0482802317 13.6004705168 -5.37587847266 -18.9516676189 -37.9430085182 8.40338319922 -14.7184635523 -10.3391265796 -36.4514905176 8.83504116935 11.6487534103 13.137045652 -11.0140660127 18.3586843241 14.5220283437 -3.21774694375 -23.2469835149 -38.2861448276 10.7765970983 -9.8929825819 -6.29612504021 -35.2401868024 3.2220503319 2.48273175474 19.7036632561 0.943686220687
PULL
15.4101355628 -9.57121142073 -8.61551281623 -26.71104161 -23.8987928894 21.7249330823 3.18078160087 -4.59984905347 -1.30248573107 -3.81347001948 -2.14983263035 12.7006161666 -16.7333711136 17.7001407849 13.9795272856 0.576846336858 -25.7679803955 -48.6139399615 11.5088916012 -0.405002258725 -10.6354468239 1.82361139182 -12.9709551145 0.890457684953 18.8967629227 -12.2474568864
RICE
19.0018541781 7.62706117604 -43.0437191782 -3.20801661827 -28.0702672115 -8.54484270161 0.0049288642256 5.96791140644 9.46500716691 -7.16476066567 -17.3158833207 -0.935858210417 2.0248909466 16.8505111826 -1.54751622264 -11.4313931103 15.3290089315 -38.6501298094 -24.8859399285 -12.5661831787 4.02467495461 -3.06026012091 -2.50891295317 5.12517264709 2.2386379061 -12.8906696305
RIP
19.3104991502 4.51409036771 -25.4374121515 2.24289376977 -41.6152401115 -20.4585008095 -26.5616361259 3.47593184942 13.5209895621 0.336851744821 -13.7042146509 4.41112502596 0.739033066298 18.4239371681 4.85012304591 -18.5696502882 2.79260808177 -36.5917258522 -12.7979647226 -29.1625565801 7.90880117384 9.23764960198 8.30760871166 -20.5802742754 5.85986089097 2.52840998693
SAIL
18.4991447895 0.869090165598 -14.0200040476 5.81737946062 -37.72217488 -16.1592626819 -32.8915417961 7.66426373283 15.0774435027 6.9739447161 -7.47119315111 9.37568874525 7.39056070542 18.6100534066 1.92544707439 -16.7671678394 2.03913355722 -39.9357489952 -21.6730030292 -22.3609091708 7.77390007894 22.5684830723 2.35215208517 -1.78420448464 4.56543277277 3.56148185026
SELL
18.5559949243 7.26305756943 -21.0573336908 -13.3603045741 -30.9981144349 -17.0449519166 -32.0849925673 6.47934136096 27.8886741163 2.10703369006 -8.96085719368 -0.692576048365 6.87663690872 18.7978549623 10.5729561905 -21.1370202714 -16.6734721588 -33.2937746667 -1.90612286759 -23.8477228079 4.40251725672 34.5197576193 1.08879640237 -19.8215392082 -0.812210022651 4.63073826442
SOUR
19.3127638176 6.38036701184 -41.7351921911 -7.48023282074 -27.4299294708 -0.100399815572 -1.77703872098 -6.8298678526 3.45755336228 -7.09267072825 -17.1791916205 -6.4352487871 8.73250179068 17.7233705197 14.3428276461 -32.216683115 -17.4325673226 -25.2627125946 -6.87328855201 8.320329263 -17.9884586464 -7.70503733969 5.10531556919 -4.52098635754 -5.09478633895 -12.2052248287
SOUTH
18.6058860476 8.65195702778 -28.0297033183 -22.0706350372 -25.4007767862 -3.61722508767 1.35834850888 -0.188756677548 11.2283549605 -3.04872861965 -20.3386017686 -5.75936395775 4.53993449469 16.496535406 4.91166279577 -17.3159955426 -13.4610557972 -21.834663606 5.8971091411 -9.21890357386 -7.71931331783 4.17435485434 4.86723708261 -12.9264057049 -5.19201809142 -1.01338634378
TAPE
18.4343693081 -2.1167558949 -5.39790552646 16.3554925721 -41.0874826251 -30.1272686064 -7.74074163144 -7.84863665379 -3.32599534763 -1.13164460509 7.97446295028 2.87764328771 -19.1770635463 17.776257086 -0.552335910018 -2.4509641242 20.7062154837 -36.8286237503 -31.1310282808 -16.2874070508 -6.5305041221 -8.95751912819 0.353302791334 10.2014500206 2.73613236292 -12.8940508675
TOOL
17.6695072452 15.4211026898 -3.79144819119 -10.5644703953 -22.829499852 -0.158539840238 -24.7771408559 -24.9430508551 -15.9811612776 2.55420070519 24.4409211242 -0.767940570016 -7.16872977876 17.7990911981 15.8423224602 -2.43776796906 -19.0215735546 -35.7796399474 1.12058927739 -15.9689150831 -15.9708080827 -23.5555241933 -3.00019877944 16.7933650138 9.01302088822 1.73917494779
TOWN
17.29355808 -10.8844634954 -23.5934640229 -2.86430051646 -26.0875293553 -5.10582014629 -5.84400220586 9.80959957063 2.80949639779 -8.98591169 -5.4597990467 -0.720729854097 -4.24456564903 17.9248078923 12.925916231 -30.9665744791 -17.667288737 -14.0166998174 -12.047068172 -18.2464312675 4.60585178259 1.79963712915 -5.54278951795 -1.23449037049 -15.7936932057 -1.73523385002
TUBE
18.0739931359 -0.181619550969 -4.95434956582 20.1544854605 -31.8319141758 -21.3377384689 -35.6181802671 -3.39392583151 -17.889376874 -3.2632610549 5.0691828266 8.14803355418 3.5230930949 17.0484776057 7.50478992408 0.0560841000376 2.92611869241 -25.3252559743 -0.597074749328 -40.6439104634 -16.5603482145 -21.6030738957 6.79717039232 -3.12111693696 1.32567999673 13.4641161146
VOICE
18.2376368484 12.9227848673 -13.6499481314 -12.6474211449 -51.7066716662 1.84667031621 6.88068262194 -19.9899320347 -14.910865286 20.2785741719 -5.60759138314 19.0415362894 -7.61269005417 17.935155981 4.36009281684 -20.8119867088 -0.964048284278 -27.6751449684 -14.473065384 -24.3600559234 1.06425930562 -7.60859493961 15.717468533 -4.01130512629 6.73491127778 -14.5390804882
VOID
18.148677954 15.9017143249 -11.4423518109 -21.7712013932 -46.3094521046 2.68877654204 -3.08503965892 -18.2078746103 -9.13921918339 15.0958081954 6.44296822548 8.64135966332 -5.15180692227 17.709044133 10.7168114564 -21.4841055746 -7.81824090019 -32.1377885346 -11.3649843427 -20.0019695679 -6.89593976783 4.09853331567 10.538098538 2.00714421982 0.015159898228 -9.16192572356
WALK
19.216871401 10.5189131044 -17.5445726164 -38.9481051679 -38.1238867498 28.5551971864 6.69117075457 -12.230194562 -2.30125421536 -14.6085194963 5.61823114772 4.81714776507 -11.8808650283 14.4385079745 -5.85709526412 -15.2752305074 -17.9512938452 -5.52779276204 26.6881202635 -4.24894353341 -10.0574797069 -5.16892713831 8.49252027366 -15.2320663368 -10.4493413608 -1.85922214554
WALL
17.3999997949 15.9314055155 -1.77537849476 -24.2551991618 -48.7433489227 0.13839041903 -2.25474390372 -5.81376693869 8.3470560574 -9.33853490571 -8.82534317772 17.1497354176 -13.304503075 18.7188665206 10.4558746771 -16.5155066775 -36.9315413413 -46.9337605156 20.5679320241 9.32453271665 -10.7156545344 9.50494578898 -24.4963935011 4.25596274914 4.82452660977 -12.6624006971
WET
19.5426252385 2.73164101452 -38.0162565215 -6.74951953032 -33.0932243171 -4.0640118985 -9.90924389376 -0.976135216253 14.6323339756 -17.0185852222 -25.1773022049 7.04592511756 -0.788725330183 17.0823370894 -2.09717463443 -23.0646656875 -2.79060438972 -36.7606562941 -13.760756951 -20.8220302223 7.71728403563 15.1252025381 -15.5948178943 -13.3733629617 4.5222308671 -2.40036226103
WOOL
18.3199325129 9.23068348412 -1.56458494153 -21.199745648 -55.6852532946 9.59223264691 -16.1147358103 -0.875913413564 4.95880852036 -4.11445407191 -0.973362073694 23.5948025321 -8.48444196934 18.4437061502 9.58099121279 1.18459438311 -23.4777501425 -65.0808176724 16.3087422115 -20.2147385536 -0.805646939439 -2.5669415709 -6.18293848603 -1.11869242917 20.4131932346 -12.2127522717
WRONG
18.5987554817 11.6470147759 -27.7323484492 -25.2400667637 -32.5088030224 12.1656882323 6.21534214808 -12.7965641149 0.398390289936 -1.0448532216 -4.42545985205 -10.6471464427 -3.28643570974 16.9391182158 12.7119553564 -18.1660619782 -34.9105480715 -25.0575003191 7.84884735576 -8.01593567889 0.947600162156 -15.7227698202 -1.86601061532 9.5750770121 -5.18857048612 -15.4717227456
