BEAN
17.7658311758 -7.20021164544 34.8177826025 -4.55362456672 -37.5017145812 -0.290023328551 -44.0608228409 -9.04392746104 -6.27776178138 -2.97068191017 -0.361905400944 6.42433379427 -12.5013520046 17.9790292063 -7.28837840255 29.9568383014 -12.5727995812 -43.1576015532 9.22465553556 -39.6815940144 -6.59661688287 -3.72809525673 -8.62289732035 -8.00364744475 0.211784398679 -17.3990877072
BITE
19.5720791405 -5.96352690767 -22.7204758217 -18.2335862183 -10.9016589514 -3.38901606152 3.40664860782 4.18489488869 -9.75649131901 -19.8363802614 -13.9316945554 18.3131114303 -11.0703618457 17.2862669594 -4.28440581473 12.4264533344 -7.98770336859 -51.0675800365 -11.8223768971 -16.8748106003 -16.5254001938 7.08641163354 -10.2934282244 1.95926339691 1.26516043995 -14.9597375105
BOAT
18.3673524887 9.8096858741 -7.51350691749 -31.2594675628 -26.3421817247 0.369377989284 -7.78769086428 -8.94096564098 3.41803586273 -9.01873454561 -19.9214528445 6.76260904169 -11.6837691845 16.3833064193 5.1513517989 -2.49673486598 -20.2168422566 -14.5731904739 2.23374607237 -16.6541717744 -5.37569195524 -1.59900414655 2.24018753636 -11.9145256361 -7.78969328167 -20.964480461
BOIL
17.6493774769 20.1094988878 -8.39982875482 -42.0453533373 -34.4209379937 5.24386517369 -10.1668175005 -0.7731432003 -13.3659753828 -2.85116189552 -3.02559427991 -2.97413292363 -15.4737757631 17.8573433824 8.99163508276 -9.68778400026 -25.5029887461 -32.1755942625 -10.112738239 -5.21550401827 3.16230382188 -4.97477929478 -7.95409477069 -5.60842878385 -2.80787152331 -17.2945238356
BULL
19.171526035 15.0964599059 -20.2808399771 -49.6018550449 -30.7238748894 14.1453500816 -32.0321257644 -16.9114256025 -8.19588436404 -2.89550452802 -16.940521245 -11.6892560997 -22.4657936279 19.1852389548 7.14440257022 -21.4231701084 -42.6479374895 -30.0103762957 27.8857828685 -36.2037272381 -7.69134935629 -13.5402478772 -1.20585411932 -9.27698150784 -11.9894203638 -19.0743208587
CAB
17.8190017106 -10.3707458851 -2.81480021764 -7.98813215239 -40.6434256592 1.90957278674 11.3075449189 -17.3373457721 -6.52547393735 -15.6279636071 -7.64548843506 3.9495963446 -12.1879902325 17.9048609265 2.85548180607 -21.0774748713 -13.5537709188 -22.5456818109 2.64780887505 -0.517890641748 -14.2003096642 -20.7002933144 -19.6749264492 -3.17834559537 13.1760410175 -22.4938423348
CALM
17.5161123912 -10.9739998398 -18.1940980894 -12.6423553626 12.0842055262 12.6414126045 -12.5821990249 -11.7402790099 -7.20402802376 -7.6744515329 -9.543998662 17.2135177352 -20.7698922734 19.1904470299 4.27794914145 -23.0412654282 -26.6368714987 2.24933972065 17.1356058545 -29.2757865258 -7.61792257789 -8.40675706519 4.0973457719 -13.8502455577 5.77202909962 -11.3428774385
CAUGHT
18.6612028744 8.8660273128 -24.9400785359 -21.7302701276 -13.1065896146 13.7494695701 -14.4220491485 -21.1649886389 -4.7283525243 -9.49518596533 -16.9008394578 12.2994491484 -13.1673573874 17.89731657 2.41526030403 -16.9292352714 -24.8048525728 -5.87094988475 7.17034925669 -9.23393043338 -20.2995074099 -6.560337149 -22.4684577998 -11.4085061348 9.7565918684 -18.5961853697
COAL
17.9472564036 18.8725767497 -4.92266700392 -39.5307911462 -33.451479641 5.36237999101 -3.17164209615 2.71536026281 -10.7263538536 -0.677944271794 -8.64313515074 5.00145156238 -16.6386195595 15.0331751887 7.724496232 -1.1973122071 -33.760581259 -15.9188364017 5.40288473962 -12.1660241172 -8.28842757555 -9.3435431222 -2.97930058901 -4.76997217538 -14.6945905919 -11.2783712202
CODE
18.1981041065 10.0695535864 -13.9109120608 -36.1067250552 -16.1763566247 0.697838955225 -20.4568819523 -11.6903991023 14.9069806668 -1.50145613123 -19.0992990866 3.28064994387 -15.6571063833 16.9983457491 12.1238847477 -3.61672244571 -31.3252076591 -22.732035387 1.18320751845 -29.1516853062 -4.54424191504 8.59497158419 5.23389651248 -11.7323799514 0.582220691091 -26.5679033795
COIN
18.0774276 11.8311959935 -12.8650412584 -33.4726028677 -25.0658821031 11.4662406073 -4.99492538196 -13.3225964178 -12.132119458 2.4693749059 -12.0761820096 -2.47682621961 -15.0213746385 17.9235913424 -1.31933626297 7.24083538622 -19.82741915 -42.3964243084 4.29704803202 -3.47770310237 -12.6927231512 -4.06396886006 -10.9049879002 -4.48225543749 -4.12244864137 -20.5371035864
CON
18.670921749 -12.5580074081 -17.9408382081 -10.2178061199 0.374458968328 -3.57523381086 -13.926936214 -12.823173173 -12.3263435946 -15.9863259334 -1.45215727755 9.65325355055 -23.68803078 18.7788953465 -0.607025380372 -21.626990805 -21.2565615469 5.80596275316 2.2041971057 -30.9868898914 5.24650402904 -15.8567805437 -10.3747991604 3.89363560201 -8.92644625494 -8.28113378531
COOL
18.0337915751 21.4871098273 5.79143450407 -42.7795976643 -26.8576009842 -1.98572749978 -10.1545407853 -13.4831119825 -17.7901019679 2.02220899549 7.71227438833 15.0014280768 -15.6047234206 17.9416921527 17.0514836599 -1.34878195755 -43.5481044983 -29.2536756126 1.17702723448 -3.71014506646 -6.92122192152 -13.5708920654 -0.683971147629 1.76409229686 8.27813619742 -18.5662198839
COT
19.0674712566 2.2652435529 -31.9992743773 -12.5671327108 -7.06012809103 0.658111864115 -17.9921442062 -20.9174887496 -10.5047872207 -18.3545511258 -4.41443030721 12.2887242749 -28.8040181481 18.4933620748 2.7077196324 -28.7313099004 -9.15121152565 -9.02269478253 5.20824290586 -14.5049070208 -13.6198817069 -11.8383805305 -20.5106842353 1.69480081267 12.419977123 -27.9832636907
COUGH
17.9733744727 -1.29591077269 -24.3935478559 -21.4648993676 -2.12313463892 8.8446208836 -6.92258741547 -20.9492926526 -7.54894817404 -0.669374247974 -19.7208148308 19.7944643018 -11.6510443872 18.6171847559 3.73415323373 -27.0492013238 -30.6979025402 -11.1162529976 18.6221880911 -13.2428139282 -23.6655898601 -8.52787683348 -3.27535672334 -15.8653815709 19.4407859223 -18.2129091588
DEATH
19.1188852107 0.886897130646 -16.8714265166 -16.6673500283 -34.9910818416 5.36819365176 10.5492209462 -12.6327121571 -11.3776604221 -16.5627265783 8.48924620843 2.2469575524 -15.075157428 17.3187252389 -2.95336592615 -19.5206264352 -9.81049443627 -16.3734648967 4.82385603987 -1.78823186722 -20.2864716941 -23.1304683535 -20.3061366034 6.14304260252 2.730210704 -26.7985463968
DIG
18.3599150905 -1.14817343351 -0.61041178558 -11.7319625586 -49.7930509993 -13.0935155138 8.03839934796 -12.8429122738 6.09695696391 -1.04239427228 -10.2727527019 -5.45564439604 -12.3856192432 17.3821626861 3.03697056011 6.83986299543 -9.16648076046 -53.1499053788 -11.8287746508 0.271535436612 -13.312831479 3.30297523957 0.714825471428 -14.6937258719 -2.60887363891 -13.5831311927
DIME
19.3227046503 -5.61851890253 -26.4384178135 -14.5747598998 -13.1824168525 -6.22079192735 -6.57645028371 -13.7360784026 -20.5071330846 -21.2664110283 1.99131713108 8.02352323239 -22.4474581407 18.0621242577 -3.10731914195 -21.3715479948 -4.3089269958 -3.63679183995 -5.16901688206 -16.2768655329 -1.95158015776 -25.5989276047 -12.8228533463 9.44633563562 -8.48512142729 -21.1603283973
DOCK
18.9563764902 -0.836012290544 -24.6564100563 -16.5770124752 -13.5227811704 -5.16656327886 -3.56088691511 -16.7119913058 -13.8053056362 -8.77412781114 -1.81827652729 6.96803047091 -13.2071486403 18.179384944 -0.0178255612953 -26.0826664437 -9.54497658384 -4.65778078669 -2.07063433835 -6.39096550728 -26.60453394 -7.83318370437 -10.6187862838 -5.57671499798 12.0095491551 -29.2468835839
DOLL
19.0683096936 -2.62823602607 -26.7767232818 -28.1223513498 -12.9757927024 13.2170542803 -16.4771594178 -5.14513092201 -12.6197649935 -16.271449157 -6.78827919069 13.8913469081 -17.9494484376 18.1482084271 2.23739420445 -22.4970408946 -35.7286750926 -9.43727333178 27.6383758491 -28.0936174722 -16.125818743 -8.27923925008 -12.5632577507 -6.38432892043 -2.4540179032 -7.90490587667
DOUBT
19.026063495 -3.97201462339 -20.1515296628 -20.3791353819 -18.3989304469 7.55061610888 -5.31111415184 -19.0214323565 -11.2652966519 -14.0853788424 -7.07385147782 21.5315560165 -21.0841275119 15.7911358466 2.41100999573 -11.5065378956 -23.9263207984 -11.7342433654 13.7063637584 -21.4436517033 -8.58824015232 0.272916044391 -2.43297401425 -14.7844775672 -0.440622163081 -17.0171730692
DULL
16.8691981712 -16.1733820651 -12.0201434457 -17.6576395437 -22.7069044042 -13.7987931669 -6.7921288694 -8.52668561377 -4.57528353313 -7.95347748205 -4.45944616639 -1.58785003246 -3.00949516823 19.4328726805 -1.36822648053 -24.1587273772 -23.5037353119 -12.8398029695 14.0327914109 -18.1032383829 4.50248325616 -17.100081777 -22.7009826417 6.14471077695 12.0313038256 -12.8928762569
FADE
18.4975998417 -2.53685532681 3.84503227167 -12.2769326476 -57.1875011755 -5.86611510445 3.84475708853 -2.40535512053 13.3490207726 -3.27531377127 -15.3992901728 -0.633824755819 -20.5761884044 17.8810405182 -5.40658048625 16.4586583389 -13.8159106531 -55.8703518797 1.30231753914 -15.195251845 2.16207165986 9.57305441142 -8.91627778223 -8.22724192968 -0.552559649366 -20.0324442657
FAIL
18.5072789089 1.72727549081 -5.772123139 -9.15448955458 -49.9776423147 -4.4211696998 12.256707209 -11.6359816184 -5.60238004147 -11.4443820668 -11.5795940353 2.14607120026 -13.4289518295 17.9080976597 0.23364892491 -1.27553274484 -10.501308099 -56.195806596 3.3089959629 -0.662001681669 -11.8116812305 -7.72126412094 -5.43205152106 -19.700061578 -0.99342196385 -15.4625805092
FEED
17.6337957104 -2.79064857458 26.1020081969 -4.80295659841 -39.4749929308 -2.82931898275 -36.317019086 -7.72361355932 1.56997514159 -2.22035078306 9.92797211203 5.22053204791 -5.6643824219 17.3763445924 -1.84670967661 23.4165021472 -4.62336889927 -50.5110986562 0.0366561811775 -36.6819438091 -18.602333964 -2.14808130297 -6.36829352241 6.22516678623 9.16744821104 -11.8041258988
FELL
17.8391908393 2.26388909355 -19.1073528877 -21.473249575 -21.1034297314 -13.4142587683 7.13753412965 -5.52219101582 -22.2000373353 -19.6063559789 -1.73687646302 7.60152010355 -18.444602035 18.7538687687 1.18610664202 -16.8397248686 -23.3857076499 -20.4512159405 7.86587301079 3.93356905856 -9.04087804802 -18.5054376507 -12.646724054 3.67848981926 14.013942415 -14.9976644842
FIRE
18.3745910299 0.398774640783 -13.4009925771 -18.8552080089 -32.0168086399 -2.81355471358 3.32601237655 -8.60299831146 -16.5036236385 -11.9559889424 -6.6878844321 11.7659651282 -16.0412312064 16.8518940722 1.88642088528 -5.95483016205 -5.87246598231 -36.6704523482 -20.502844678 14.3151190189 -7.89519845632 -15.8298608252 -5.68006665885 -14.46430035 0.881717418122 -12.732508107
FOOL
18.0933162431 17.734632001 -5.17616326717 -29.5164694567 -17.0368444335 -3.15384350528 -10.3112955893 -11.2880548763 -18.4087534971 6.5452334819 1.52011788042 10.8694101113 -7.30909542443 17.9744155982 20.8518170987 -4.01420796242 -38.5168323182 -24.7356636614 -0.0521637813758 -6.45096428911 -10.3946897028 -19.5004112969 3.69401286301 6.84924655279 11.2174052061 -13.7673560786
FOUL
18.6713632338 1.88540769035 -24.2850052255 -19.4167575063 -7.56763615074 -3.59385081754 -4.21220185223 -18.8767720389 -8.15490082503 -9.01986150543 -13.7904033455 20.870151587 -19.2507013156 18.3631102086 5.17945591484 -26.1851869274 -23.5818348574 -9.5991624344 13.8219442707 -14.4445457353 -15.367267732 -10.5310757417 -10.4696166256 -10.4117524337 16.0582691521 -22.9852447502
FULL
19.0458923106 12.8132415266 -18.0190348525 -41.7989069852 -26.3291836704 15.3052206159 -23.6871529088 -17.0588941838 -1.23273573387 -3.33319118477 -12.5434595099 -8.15048809351 -14.5323023646 17.0673895421 10.1904690953 -13.1721533473 -31.0045404413 -13.8824374789 17.7629555888 -15.3071728286 -12.3053605394 -0.497722047081 -1.86472283794 -8.79337119568 -8.88192923574 -14.6369773869
GAP
18.8565959824 -2.04563174105 -11.3522423657 -11.7670565384 -41.1312138357 4.73474091746 10.1501361286 -15.55413495 -9.36655045134 -8.88543878256 -12.6043731182 7.24941462122 -12.3254956996 16.9776370139 -1.45026174284 -21.8783545218 -6.12822941812 -5.65493054555 2.07998835654 -2.82149344935 -21.8039211771 -14.9863474913 -13.8947829212 -7.54586320595 11.3830060408 -23.6750108828
GUIDE
18.7999061776 -0.230128213758 -29.6959391779 -7.65284898379 -17.1561932809 -0.306734924085 -0.968152613921 -6.0669343268 -26.1870120279 -9.4751499132 2.1754643833 10.0254507575 -31.1722009723 17.4548160235 -4.96480571704 -10.4884753901 -4.56572213462 -39.3693526449 -0.303212028498 11.9250432031 -11.0283839245 -13.518999475 -9.46011838492 -14.5070473569 0.71385594147 -20.0260145172
HEAD
19.2576916476 1.34472686989 -24.5141812937 -15.2933177307 -26.9303290039 5.25910106634 11.1098612664 -19.3147902591 -24.8626481389 -18.4850629021 17.1647700208 6.12649673388 -14.2242490756 18.1128622094 -0.207656490557 -16.1017498871 -13.3097614643 -38.2256493727 -2.41582358427 14.8176523341 -4.89747906849 -19.4907790099 -15.0429625015 -1.44494016813 2.30508434895 -12.2999459362
HEAL
17.7710386296 -3.39462231526 25.389001616 -9.75729314849 -39.5929460871 -2.61170885576 -38.874958372 -12.008151825 1.92007593142 -6.66909590243 5.98836341112 5.41337497281 -13.1256466243 18.0000202328 -2.34284269997 11.5733741297 -6.39355700828 -49.6606810756 -6.67944473568 -11.3821886168 -1.68999717469 1.32738468724 7.40478644762 -5.92762524471 6.50575080103 -16.1032543204
HILL
15.4661361595 -27.4499271425 -9.84297603497 -3.22995921038 -30.8714024349 12.8081054984 11.9322152942 -16.4342863018 -8.25436906691 -2.82475011274 3.67527148951 5.28520909131 -0.485745882307 17.8403237383 -0.447296034834 -8.98628642389 -3.62912700643 -36.9648371646 -5.74665713192 11.1691067893 -10.8601848469 -12.3796370132 -17.318333405 0.296626645005 1.30900372275 -19.93194399
HOME
18.6914348667 6.43288977713 -13.9139377722 -34.387845608 -8.98355371111 4.13478070706 -7.48890258229 -27.7849870698 -19.7140276645 13.4053147917 -8.695245111 -14.8092370963 -8.26402517112 17.1590951754 6.01305390646 -1.91723207612 -25.4986274048 -19.437224421 -2.32076227404 -1.74210072893 -24.0448741758 -10.3037942304 8.25108156514 -18.7850224501 -6.23074783971 -7.76941735276
KEEP
19.0244908442 -10.0793329941 25.6984270646 -11.7505275991 -36.0102129511 -2.47952348278 -34.1798733724 -6.3863837627 0.889371737736 -3.24002955429 3.41651322966 7.1915623232 -10.7635958682 15.868817494 -12.9711910697 18.2130294504 3.91674603715 -31.7603461302 -3.21212163072 -25.3337917802 -9.59778453796 3.61718673851 -5.73699526393 0.973460492547 7.66605578247 -13.4166335544
LIT
18.4159612092 8.95258654355 -5.10395309785 -13.3961980558 -37.8448833926 -7.73250071804 -3.60764339378 14.8315594704 -9.66542386592 -7.63636938031 -3.15603496385 -2.8425694788 -14.2035485326 18.0165750222 -2.51883332999 -6.63504910057 -12.8271517054 -42.2710920862 -9.34852670665 3.44626899177 -3.60551728978 -18.1537408065 -9.45601886178 -1.72582483936 -11.1996887557 -9.0196312355
LOUD
18.800224202 -1.97801016918 -28.690344882 2.34532056802 -9.23359484141 4.73366280462 -21.7236762344 -3.82254937594 -13.174564575 -22.9940562656 1.57279641338 4.47332450348 -30.0235051681 17.0209124254 5.54120007222 -19.3885862923 -24.8518497516 -11.7156286061 19.3147649137 -30.2779671911 -8.90759671396 -9.2488431688 -17.1319246773 -16.7255240751 4.10930670545 -15.1617734539
LOVE
18.6047052875 8.01251636155 -23.566219187 -27.2959353445 -14.9574481559 19.8676907705 -36.2314066446 7.03907369566 -4.99447614336 -21.9698353361 -8.17522894811 8.42500109973 -3.78751066864 16.6904769678 9.52165184788 -11.7257558004 -22.1576339068 -16.3454821513 2.20369490564 -32.7946583718 5.8831601813 7.3385497224 -18.2395942207 -11.238000259 -4.4709160503 -8.96342356039
LUCK
18.9362186492 8.04915532808 -20.6547177206 -28.8084491847 -23.3061054059 15.9824707395 -24.4994014491 10.5832090434 -20.0061161176 -29.3859052584 0.858357445725 21.3511299518 -18.1904853578 17.5396859286 2.4777571456 -17.286114561 -18.3521775449 -5.56644615353 12.0933813222 -22.9965895212 -0.395080219709 -14.1669789665 -30.4670672403 -3.87011456713 15.510600832 -15.8696412236
LULL
18.1481859334 7.06801016713 -15.352695577 -36.9791473255 -14.7831530075 23.8491182221 -30.4788476486 -4.80255427905 -8.88589028792 -5.39090895099 -17.42328055 10.5644804336 -9.64096788809 18.167881557 7.97157827033 -15.8186946117 -40.7720893105 -10.3383962603 24.8078039732 -26.4369803028 -10.1614496914 -12.3894785697 0.274630009206 -14.7127888969 2.75112632483 -3.11309544635
LUNG
18.5759245754 1.67100346472 -19.3614379279 -31.7425986415 -9.6613090448 20.2752954088 -35.8602190512 10.6829443669 -28.0696938875 -8.90863913723 -6.98655993886 -3.58742867295 -4.35272789429 17.5680765795 6.65277885297 -12.0954422043 -34.2275799666 -1.63937083714 11.3446448807 -28.3800792559 7.66309209901 -25.7013505722 11.4794428339 -17.4519034135 -10.1624262737 -2.62729052607
MAIN
18.4744608252 -5.22639223105 10.3286993476 -11.7490866158 -55.372211948 14.0617388013 -10.1165779086 -20.7127760243 11.0622612765 -4.95832836229 -16.7548552061 1.1352173469 -18.7409310571 17.9672013572 -5.19219301863 16.2429878937 -12.4157875147 -52.9206696465 15.6097250944 -18.5644043439 -15.4042018175 8.38916791745 -9.49908109677 -14.1822878636 -0.0572767458059 -21.2488599359
MATH
18.5258744009 -0.169987420418 -10.6401839082 -14.3508860945 -42.9313569985 11.5040034119 7.87661547546 -26.52551587 -12.3017358585 -8.81460907806 11.6003640194 -8.69484291334 -14.9610186063 16.9541735263 -2.91654825482 -15.1130936481 -14.4866372228 -4.47672073106 -1.34642918775 -13.5524922953 -13.1484024837 -19.0851458789 -21.4484298594 9.98575207197 -13.0262667645 -16.7215235358
MEAL
17.6208598766 -5.95002604415 24.500378386 -10.7775658256 -44.4243129064 12.7880761492 -41.4076171308 -18.6178228021 0.473585722919 -3.47884572592 -15.0883462461 6.00345174012 -18.4255589189 17.9231398661 -4.89973797119 9.5109827708 -11.5761421098 -45.6173869745 2.60262154348 -21.7569111439 -10.3180141927 -4.71146235254 -1.44106606647 -11.652814171 4.02672881722 -22.5996535452
MILE
18.6582699004 3.10638363616 -22.5328456995 -24.5913189516 5.13527767617 0.198030902147 -28.8288991199 -1.08408954014 -16.0427165146 -4.51575079959 5.90695505784 -12.6218107184 -7.9099677073 18.5286031091 -2.90988030956 -20.6067420454 -11.4858006919 -17.3584802537 -5.25453211171 -0.698624923679 -7.31606354035 -25.7596949683 -6.53549933794 14.1751431816 -9.2674867615 -19.1622181895
MILL
14.9367061747 8.44975940966 13.7817729138 11.3580107596 -22.5346245172 -32.5360184687 2.06321536483 -26.2049848518 0.767197867872 -16.0069512958 0.690809628407 -1.13804819317 -16.0198406216 18.0055490333 3.57842380279 -9.52128504708 -16.8416941728 -27.7891591038 -16.7704495226 3.17481239977 1.90915930504 -16.5479369321 -4.70334295258 7.59612278384 -20.1202492132 -8.19503348047
MOB
18.1991391664 4.01048482759 -18.849063798 -24.7403552013 -2.20324995977 2.11808417921 -27.0224423483 3.65746262122 -20.7794408494 -9.57163749017 4.33356438415 -9.08438782797 -6.45033447551 17.8498360037 5.81380456284 -16.4338584167 -24.2545770142 -7.03761405473 5.39470057107 -21.9153988553 -1.00156296334 -16.1751650435 -19.0690062309 10.7438379866 -4.28051910493 -14.4530890449
PAL
17.3511632187 -18.2001907361 -8.24198403825 -5.52054598296 -27.0041169526 -0.365930227864 17.4576005832 -19.8160493268 -7.20322654037 -10.1719663969 -1.59875623738 2.74599092326 -5.78668341539 18.7621956044 -4.07903823195 -21.1787949295 -12.6078743537 -27.3382770774 4.95085591732 6.0403952901 -9.27426020078 -23.4420527088 -19.664546149 9.88277446271 12.9233919556 -19.4806242772
PEN
19.3959518728 -3.96837189046 -23.9908070115 -16.3690757776 -15.4892072337 -7.70431905603 1.7196128008 -24.9630336206 -24.0477023453 -18.7273737141 12.3593685081 -2.02878710748 -17.1771874005 18.1216466656 1.07138381229 -19.7954507155 -10.5948326404 -18.472587581 -12.2444160196 2.55012182693 -12.1240215502 -17.3547030437 -15.3393712383 14.9159448127 -11.2427535401 -13.548714669
PIN
17.9195663021 -10.1419852198 0.230891715872 -12.3545489981 -43.5010152944 -4.13821816035 4.89476637408 -14.4074914058 -1.73050559628 -9.09691646806 -5.98269403067 -5.91349665543 -5.69594806744 16.5037566008 2.85886154448 5.139926818 -4.21026474642 -41.0585009875 -15.8208244882 2.38108389917 -10.6808659636 -12.9509625452 -3.37807595646 -2.46389669248 -20.2138628588 0.64889041745
POKE
17.6563148789 -6.5278639223 -13.7728561417 -24.8962479391 0.424860595208 6.14166686303 -1.2830964209 -9.29183433234 0.690337513436 -7.33406705116 -18.4066575139 15.0839124172 -12.8726462358 14.9239661613 -0.0491439108067 -9.28454514286 -28.8364405894 -16.8942951782 8.90411126987 -0.451909392392 -10.5453431031 -2.51719511675 9.52291620327 1.91904903042 3.15162447517 -17.003380208
POOL
15.281808765 -12.486296536 -17.2417892134 -7.33138309617 1.10464853142 3.96467024624 -16.1842678866 -13.1483484301 -1.60885017206 11.0811741232 -2.35818433962 -6.97761726342 2.2201032159 15.3825288274 -12.5451070953 -24.0542979456 -16.5106631596 -5.5692829132 0.795836109269 -9.94909841606 -8.45339746555 7.6424002975 10.6922691827 0.110729780506 -6.00752034302 4.36663954988
PULL
18.8238272775 6.08984726945 -11.4528045635 -38.5168880893 -8.9308579039 13.7874753541 -13.0567144708 -26.3372422088 -1.3043053111 4.45831278803 -14.4675845206 -4.09245352143 -6.83025804267 18.9524497253 6.23881378763 -14.4611129381 -45.3312111817 -12.0070133238 8.65733236092 -21.2099738424 -27.7653637375 9.32243365847 -6.09410723511 -10.4838101101 0.886731177837 -17.2805977348
RICE
18.7945898666 4.67985886149 -26.8174075849 -12.1737239165 -27.609724568 -1.53096011907 2.04876713396 1.11051661823 -20.6235057782 -7.83982185196 -3.24751627018 14.0029179661 -6.66537977855 16.3385341362 -2.03995473055 10.5475399874 -6.43318380018 -47.6689311884 -2.49320701757 -5.97933019623 -12.1865431527 3.06670764521 -11.287964483 -5.88065145008 -6.04681014717 -19.6504534731
RIP
19.0506403718 -0.0990010212415 -17.1358093424 -0.397895026263 -50.4801411763 -5.77988183262 -12.2900132278 6.06158752953 -3.43690633935 -12.4518669612 3.11541176538 -9.35337103991 -7.95964697186 17.6553356867 -5.08363636572 -8.85880039925 -0.872851804818 -36.8136043675 -9.05149860791 -4.52988098051 -1.47060672531 -11.7906952806 -14.192889025 -7.15875987545 -4.02239109436 -20.7024865256
SAIL
18.8180187043 -6.72259767418 -6.94864654891 -9.43038444478 -49.6733117691 -3.92194548656 -3.09078480216 -17.0215410423 -1.13394385371 -16.6494904173 -10.7121650041 5.36046060113 -18.8600357458 18.1600050694 -3.41917108676 -5.80499394724 -9.57241617795 -51.6909250559 0.995796034757 7.35639785622 -10.125153327 -13.3588901999 -6.73700502418 -18.6919818393 5.56498767411 -13.003583798
SELL
18.8426760599 -1.26535008297 -15.8949582868 -19.1012561327 -17.8800330813 -1.94297097871 0.864317183294 -3.76427113325 -17.6750848707 -17.1275409351 7.53054504472 6.65326308518 -17.7219504858 18.6392211137 0.9629644722 -28.112281092 -21.845878943 -10.3031296007 11.7070832035 -20.2194615752 -2.709496303 -19.6077514707 -22.2726860745 -0.337040279848 7.24512903058 -21.3227240697
SOUR
18.8846962863 1.43420212748 -29.1758931657 -11.0833012221 -9.21346076677 -3.01984240578 -9.33173921926 -6.55921602565 -14.9534434406 -13.2818037423 0.608872929805 13.6024007793 -18.1195040641 17.057178151 11.911830958 -14.8940137852 -29.1527775406 -23.3681636834 7.09611779057 -4.07794230135 -16.3872732243 -2.45572293676 -8.10245522741 -18.2712592244 8.1335538262 -15.0262177689
SOUTH
19.0583052495 -0.435891018407 -25.3481139121 -16.5817287988 -10.1669400985 3.97167653804 -5.23865887244 -14.4266361289 -16.1170389798 -8.01864353862 0.363716117718 11.783064104 -20.3465871408 16.0835014561 8.51031022425 -14.4648815812 -29.9902838436 -6.84669017122 13.7161040637 -15.4922996529 -23.1084802042 -4.1718659495 -9.92379071192 -12.7623524384 0.719311194316 -17.0375279236
TAPE
18.708244463 -7.32048766616 5.57248387688 -10.5904548589 -52.459767935 -3.68818466966 -2.1720417452 -16.7994426609 6.46295081664 -12.4407218885 -10.1301613585 0.610532669165 -15.6329126331 16.5025323965 -4.64899324122 20.358961099 4.22916625416 -38.5947046496 -7.58191116041 -22.593541776 -10.3335724126 0.694148449082 -7.55492211202 0.242049115288 1.5987702855 -15.8253342076
TOOL
16.5588774004 17.0601340846 6.27382708459 -28.3692343299 -16.3625219726 -4.92093662804 -14.89143151 -12.1136377228 -18.0334462593 12.6266755098 1.06103711451 16.3431139496 -16.7717941012 17.6163696199 16.7175665062 -1.14101863722 -38.8107670114 -28.6889705999 -1.36024829257 -9.68510114631 -10.3909887197 -9.84193588614 8.37843312727 -6.80539582313 8.65550836181 -25.7095759512
TOWN
19.2983729802 -12.8927609355 -14.5482943046 -5.03297248763 -11.8878499112 -0.240414528083 -4.78461762475 -17.0893226371 -13.1783795298 -12.116393012 7.08743144457 -2.70934515382 -19.0479992019 17.354273876 2.03241240556 -14.938011012 -22.4223005166 -7.6118683628 8.93989264087 -20.6933977426 -15.8036194257 -4.5108471086 -6.87213298902 -0.989684645217 -9.36132157869 -6.83278528654
TUBE
17.894325089 5.74372427513 -5.05168215972 -0.534893259988 -20.4094934901 -31.2203499005 -18.2094444535 -3.84924760294 -7.06355695948 8.53433187079 -1.20270677806 16.2087921134 -10.538805002 15.2722969451 9.43626963439 -1.50403658461 -20.9808245559 -14.3836727967 -11.9501830607 -29.0594869994 -17.5510662518 -11.4243353366 2.91449188712 -0.563417088265 9.75263646361 -19.5532720772
VOICE
17.6069230399 17.0964759952 -9.3577123509 -44.2130127245 -27.9180382391 3.76768774367 -11.3594675416 -14.5890547346 -16.7036960312 2.57069398902 -10.0474922459 -0.108651757952 -15.0599377795 17.3063988243 1.18237484337 1.80246243333 -11.2176302787 -37.447863164 -13.0234063678 -7.03031154941 -4.59604367691 -1.0848880527 -5.99713350183 -12.3080494965 3.9100393325 -17.9970021492
VOID
17.8734240029 20.3678380009 -7.18612710797 -37.1332141985 -28.7703760539 0.0320559649699 -0.387865020685 -0.574148570751 -7.75585759079 2.94932724895 -5.95400534631 0.175028623619 -14.74204954 17.4898494475 -1.53352748713 4.03798631892 -15.0275788067 -44.7393568804 -6.34299074381 -16.4468878526 5.27514670831 2.02417604244 -6.16994297008 -12.6098954064 1.0913385773 -19.0616999119
WALK
18.572674171 11.9785880035 -18.2133584737 -29.0164331514 -31.3171982658 23.6923382139 -4.10864571448 -15.450288109 -0.262591397999 -10.5109319769 -8.37218086511 8.22948801849 -14.7123320344 18.223203148 5.03322428828 -21.9671610459 -25.1421333217 -20.6701710781 28.845226731 -14.3730724994 -16.0185684666 -8.40463068663 -13.3484606018 -7.13035820743 8.52974794802 -14.2716288456
WALL
18.2470131819 12.4549701972 -15.3535187188 -33.1426904179 -23.1479754779 22.9168081648 -17.0962466548 -11.3128849337 -9.48211065907 -5.11241866801 -5.85315752331 -2.87434000801 -10.2602534829 17.7056871275 9.10220627243 -15.3406369906 -34.4519811907 -16.2747941973 20.8562803415 -19.3858871324 -5.88301604714 -14.5587268741 -8.26631848999 -9.35169608946 0.856254091417 -10.4734182104
WET
19.4451180897 -5.12025126284 -24.6001257151 -12.4565391029 -19.4311088862 3.05991484773 -0.0644445172289 8.31340852444 -33.4315882459 -18.5563872413 11.0873689768 9.51689928449 -22.5983036456 18.1768563258 -6.64077555669 -14.5604478529 -5.64772572485 -19.9436620824 5.22192268037 6.46282370118 -19.9253028094 -25.7190523019 -18.7584474377 11.3481839189 -4.99641845711 -12.6946620196
WOOL
17.9829648666 17.0629092626 -11.9291120593 -29.4591938697 -22.4594866353 8.01671769419 -17.1742980651 -10.3550177872 11.3793298825 8.16459677596 -4.23708271177 -11.6585334267 -21.187686073 17.9720130545 17.1365525594 -12.1279180512 -36.4461645425 -26.7163170656 14.9149813911 -27.8760590642 -10.8544141531 11.8941358106 4.08053213838 -6.20203610401 -12.2747795548 -22.5001704006
WRONG
18.3070433478 15.4007938681 -29.7957566742 -19.1058199782 -14.7040680138 5.60987526958 -20.4852315633 -6.67289642164 -11.3463883491 -3.01091458398 -2.56187944761 -12.4649086972 5.55211862127 17.8944621527 8.8129309116 -19.6385843149 -34.5229748035 -5.96967372507 20.2380332316 -26.8313441462 -7.39053456031 -19.2795857548 11.3264116079 -4.61383491117 -17.5888585079 0.406926667219
