BEAN
17.5493223226 4.39581610164 8.87505809581 13.1164543695 -53.5304239906 2.52126388751 -28.5287699826 -20.1628140304 -16.1594279066 -5.49744716671 10.6913803258 3.39928273728 -5.7532419655 16.395416868 4.84148872255 11.8401371333 5.16822998021 -38.5809337486 1.14391212445 -39.3367253885 -16.1697608762 -17.2201975406 8.48851167088 -3.97633046067 4.23443518921 -2.63485374574
BITE
18.650175217 15.614578178 -23.098616151 -13.6114268305 -34.305541403 -5.6282085142 -18.8697187421 -1.33405477476 16.7805888339 2.17338604748 -2.37441570557 -21.6121667602 -6.52582359804 17.7551007496 8.55702565973 -10.3052156615 8.11131831215 -45.7561586584 -21.0622569812 -25.5262128956 12.4672537745 -0.0925445670705 -6.03847032476 2.70273477955 -2.1289301028 -0.381688795284
BOAT
16.7145440015 12.9682593849 -16.5653127586 -16.714957891 -22.3752085655 -11.7610383407 -2.45039841244 -12.8237180076 -16.4432792989 19.3745015767 9.03467321116 -8.43663425648 -12.9136353805 15.7300369881 17.1078619163 4.11219944275 -14.0183034324 -29.7706458145 -17.9255200499 -1.04227398656 -12.4451939472 -23.8445098442 -0.790337360569 2.08316527173 -0.598679179515 5.25226190616
BOIL
17.2619047704 22.5155280485 -4.57821630642 -19.8269774817 -41.7808881955 -17.5680212673 7.4592214157 -10.9367411896 -12.4205190061 -1.26176825983 -1.36638267786 5.71997498723 5.3081686444 17.1687789239 15.1002090165 -12.5443641535 -6.51146961208 -31.1315546419 -14.9932437617 -28.6116435886 -5.48939031601 4.80604592525 4.88467402767 -1.11073474608 -7.05999717692 -0.951966717139
BULL
17.439347802 23.0752693635 1.06191490988 -17.6483405057 -46.6811256753 -5.89421134766 1.59446396747 -22.9124241026 0.367775942231 -0.348762010126 1.21079694546 11.6052111036 -17.8788738061 18.3658556693 23.8673725478 -1.31049185744 -26.7235638852 -49.5789849094 -7.29405246296 0.955680288967 -14.8290723867 -0.499466267909 -4.40430710489 8.12175359464 13.0452771942 -13.5832862602
CAB
17.6757078046 1.1139732135 -15.2402503876 3.41345475112 -46.5051654434 -9.50209257406 -4.15372283151 16.0494451949 -2.70526100418 -11.4685433706 -11.2762404312 -3.31801018211 -2.10340880656 17.7893800453 10.4947387071 -14.2844021901 -1.78770643939 -45.6506404617 -9.75689998724 -6.09192267934 14.4033339845 6.78264421213 -14.8581299707 -17.9871740038 -4.11628272183 2.94641873796
CALM
16.9073124632 -15.194591161 -17.3959910541 1.75818254873 -18.8373599945 -4.80149292069 -14.6581726111 12.7838019506 -5.7989545164 0.169358957986 -15.7825240939 -1.49264466091 4.01696283552 17.6860218168 11.6547671946 -13.3576477147 -14.0592716492 -24.8078460118 1.91638149188 -22.4642777292 2.45064504242 2.5865383211 2.58505576397 -26.2219324448 -16.1922246151 13.47750593
CAUGHT
16.6764512072 -3.69360044956 -21.7106515365 -11.5836456044 -18.4192956841 6.04061558901 -14.4822383073 3.32055793903 3.08874575988 2.47366784025 -13.6312594727 -8.98284787212 2.48172557475 17.0555440835 13.0944930761 -16.4257607593 -21.3293975987 -32.3660433764 1.75608845803 -1.4607446854 -1.54867114523 -1.69417311431 -2.32077333546 -12.7180783734 -20.174275669 1.70676759081
COAL
17.1182222977 13.4320657843 -10.3831982589 -22.6730432206 -30.2756649791 -8.01534810113 4.84848978085 -6.45073137493 -16.013552926 10.8384538682 -1.58458270375 1.72973392934 -8.68894355038 14.9906805693 14.180059459 5.69757176924 -20.7368402994 -34.2546028599 -5.56395365663 -6.04924049349 -0.128042913431 -4.51141313047 -10.2936593375 -7.65537263072 7.61698444072 -8.55806572091
CODE
17.5136197864 21.115198217 -11.708669037 -19.4455039556 -28.6363867458 -15.5245312992 -14.9455019009 -5.94410991496 -3.88365765429 6.94846168334 6.60624191418 -14.2135066267 -13.2901179819 16.6795888635 23.2541444949 1.99074766465 -17.283149026 -26.8743369513 -11.5162604692 -18.4098890142 -17.022558157 -18.1258817725 -3.8007287416 16.989096859 -0.847496694698 -6.01708470435
COIN
17.8980441328 16.1646505279 -7.90428377289 -8.49701285176 -52.6296228886 -13.5113978148 3.81514509354 -8.05882196792 -8.30401624176 5.84777283727 -12.4323157681 1.71958716723 7.95362623726 17.3502485948 13.6396140556 -13.1909376429 -8.35053691452 -36.400275277 -13.3584105423 -11.7422421966 -10.3650985413 -11.8672724611 9.12765661395 -18.4732483566 2.45099948388 0.782151579946
CON
17.1642241918 -3.9966647799 -21.9837208686 -10.7059152542 -19.4815125692 10.0462288963 -12.2135022148 0.763696901748 -3.64356419731 7.22652050999 -16.3884657173 -13.4288399052 7.7411033636 17.7460794537 17.9380840749 -14.7025335993 -27.3438249462 -26.2846172817 0.325796273248 -11.9676760079 -0.372870427586 -5.06741339079 5.79577245703 -14.6897944998 -13.9780886013 -4.34178374954
COOL
16.8572462456 24.4576470995 12.9798915601 -15.6481164654 -27.1112313097 -21.2844053581 -12.2025538534 -5.07525841684 -9.53491010503 -12.8404215961 -11.245475214 -3.13401745935 3.3268282874 17.1183969631 23.894687268 10.0915116456 -18.7090529409 -31.4250776213 -18.3589666651 -4.42213990072 -6.32079565836 -16.4509380004 -10.9195099753 -17.0951557464 2.53503773249 10.1100545841
COT
16.5235589586 -6.54552653703 -22.5918976911 -5.82487653357 -13.1910026073 -2.65891310558 -9.45762278809 7.24542743924 1.63763756997 -5.74622809836 -10.0070099244 -8.78460846181 0.800848154715 17.0677054531 13.6069111853 -17.2246740264 -21.4130314924 -31.1612590409 3.68104513649 -4.50598574323 -0.286816596808 3.55411686247 -9.64167945208 -12.3285595916 -18.4017528749 6.44243954105
COUGH
16.5303515132 0.61791646064 -20.528321614 -14.3395998899 -20.9389156812 5.32146793534 -15.0482399132 4.16505870251 4.17589409985 5.70185677912 -12.2280286277 -9.5643856017 -3.557698851 18.0422404939 14.4331884162 -18.1094615993 -22.102351253 -42.3773115118 10.116859732 0.698698965299 -9.67000148485 0.294371129749 -0.727047908885 -6.67646611237 -16.6494429843 0.0161570394303
DEATH
18.4975558428 10.7016244905 -13.6579659854 -4.47722314356 -43.979524955 -15.8042633936 -17.2955552728 17.1953931257 8.90542742964 -11.6324988404 -8.15773962169 0.74655778896 -4.43206052288 17.3923324354 10.8496466201 -14.2714581258 -5.90352449871 -34.6981876542 -12.6314560087 -14.6999257384 16.4846141879 7.52341839058 -11.999012462 -21.0284918609 -1.81665582444 7.92631324765
DIG
17.6006470208 2.4818083123 6.23258369852 12.0049394979 -46.8398749321 -19.4083509112 -27.7540113171 9.06235891279 -7.05041638764 -6.21470091323 3.46819389348 7.50178788915 -7.1500810922 17.4010762991 4.30280054552 4.38330070497 10.3994396769 -47.9088027186 -29.2569943172 -22.6568637784 4.53424687906 -19.9524997977 0.834715503119 5.26462119473 -2.28244548206 -3.42578603769
DIME
18.2553969131 13.70520772 -16.4035236853 -13.4040147754 -35.1638916117 -4.06138270901 -19.8713156979 14.4030750135 12.1979659406 -18.3084534688 -12.0291355348 -11.2802635418 7.18809143705 16.7578770209 11.7413655572 -9.54775600012 -8.31592872737 -27.1819550915 -6.52662382349 -29.3511046132 15.4729473125 -3.79204643099 -10.6812903341 -16.0823379982 -10.7357398387 10.8861994625
DOCK
17.9975537622 7.85785345826 -15.6973653677 -12.2427896459 -39.2809216386 2.10523007129 -9.48688152837 -1.11265852508 8.07163277579 0.959073356627 -11.3416439245 -14.9516783265 -4.30741540415 16.9980109025 10.4085728511 -17.8224884497 -18.3840336306 -24.7708227041 4.2730756536 -10.4046884273 -2.19938626155 0.020756713897 4.0433551337 -13.320326819 -22.7218076955 5.24380566484
DOLL
17.9645616611 16.2292084837 -14.7659037965 -22.208487771 -37.4199159906 5.61588277107 -3.49543468601 -6.78979850235 10.7528416781 2.1010188686 -8.14328254234 -11.3145277607 -13.931241178 17.9573499994 17.366512044 -7.91313983639 -32.6704026721 -44.6301066499 15.5179140114 -1.43721047241 3.18995976869 -2.14281999634 -12.9244364242 -0.286222257326 -4.77557841075 -10.2761321092
DOUBT
17.2011582399 20.1168883791 -9.87992517766 -16.1982764831 -36.6966122667 -9.63034492591 -10.6158599827 -13.4699662401 -1.29135625349 16.434482749 -2.4305247158 -9.19813298736 -3.50212665961 13.5335490889 12.9410521458 9.98194448769 -4.55863706264 -29.2204448857 -8.57516211313 -0.431358964934 -22.1284056609 -17.5712412518 3.16269310374 -5.51904037465 1.94037410038 2.83220388812
DULL
18.5435170075 -3.07698337024 4.91740663768 -17.9198056329 -31.1581737273 -14.6847034587 -17.5384737345 2.72751580386 2.31701497263 20.0447142082 -22.4519412192 2.52795141186 -9.41956088305 18.6000845637 11.9329132623 -8.10051891108 -21.9777177776 -38.2609099568 -1.97603849802 -14.2064890112 -4.45823529965 13.9832480364 7.59243081723 -14.7568793858 -9.9051182837 -8.30130293082
FADE
17.4295467399 -1.05118923792 3.96530020392 18.2154847421 -50.162198846 -22.2971171606 -14.8215937266 5.04403018337 -17.9396079054 -0.818925783026 8.16815315667 2.46407200404 -2.1668964789 16.6299902948 0.377672786034 13.5777753474 18.3348608477 -47.7139783327 -19.6476825321 -25.0195388402 -6.28865343382 -23.3359908489 1.78752592307 5.38858177372 1.06956919792 4.66106164782
FAIL
16.9535951698 -1.92687258782 -11.975827845 4.25576227895 -41.6184952378 -14.6913461824 -13.1787333372 9.79909935618 -2.42781561387 -3.53972017056 -9.18921047717 -2.41749279297 -0.479793724955 17.588694304 4.54750030806 -8.61949655063 8.50364796248 -48.1947299592 -19.5901959796 -17.2147918497 12.3645830139 -0.693407686988 -6.42067541238 -7.22687054565 -2.37671836483 -2.57415250801
FEED
17.783091272 -0.865095039263 15.1195644682 18.2994345593 -48.4759934103 -7.40139646873 -22.6077443445 -7.19857109354 -29.5135061919 -16.5003116957 2.79127739899 -0.548643355424 -2.23298245883 16.6342836706 -1.34331537209 26.9731106366 12.533763967 -39.5891545915 -3.02361911431 -27.3932473764 -14.5276646939 -22.2186152133 -15.9826749554 -3.21818435584 2.32058311312 0.713771649556
FELL
18.7678287461 15.1065049928 -21.0860010914 -18.2700345555 -31.475905501 -6.20257903247 -18.1190150513 12.9359241394 18.720278251 3.97312127296 -21.1534765389 -11.8302437437 14.505296162 17.7690743095 17.7973977697 -11.0392106339 -23.4828581712 -35.7768037206 -0.754738708056 -7.57680656556 1.64870070751 8.17489068227 4.20772471889 -15.3901720548 -15.6330786735 2.07725491742
FIRE
17.9342232318 12.744592893 -21.3137523989 -21.5017209551 -29.4668250733 3.79670353209 -5.32402275678 3.3629771934 8.73816731898 2.41371421184 -12.136436163 -17.3797615784 2.36209401798 17.1213462507 12.0126639626 -15.3978412009 -5.6038564379 -34.7006001734 -16.6676934688 -9.82219787096 16.3938169449 4.02809013664 -17.562271023 -14.453877644 -4.23862121042 -1.09640724471
FOOL
17.292915832 24.7592105936 10.2950889447 -17.1607253896 -36.2389939628 -20.9854100118 -6.33214464003 -9.79418920055 -8.16613031519 -8.34513304829 -12.1036451525 -3.21829543857 6.73295362742 16.859594284 21.0093884636 13.3233854057 -16.1059117862 -38.1018220472 -20.8337279103 -8.85457987045 -7.9503309824 -8.83772058981 -6.66707705422 -15.3869316177 5.9135971001 6.88668601734
FOUL
17.7777755581 10.8298617687 -22.9967253584 -14.7774447497 -32.4798397403 2.47573437737 2.25809610827 0.698084535085 2.46128218533 -3.35247390052 -9.95997205692 -15.3122921202 -2.08844961238 18.2395040003 14.6326080781 -21.0508337571 -19.182004844 -38.9291144121 1.87092851309 8.79119047768 -4.44770055128 4.81639118344 -7.21541278089 -13.8306322362 -11.8227770414 -0.547520619165
FULL
18.0387766794 20.3918692548 -0.742458987429 -20.8546756756 -45.6957047812 -10.9298440043 0.164826615501 -11.6597633601 -7.90667970321 -7.46889916076 0.893419179801 4.05127468317 -2.15277226248 18.5593549927 19.6011370028 0.116995238489 -26.4431350919 -50.7140129471 -4.91896564626 -0.472041970773 -11.3967988011 -8.50190206898 -7.17926395302 8.81472849229 10.8785425434 -7.15093812367
GAP
17.9519092706 8.93098009568 -8.18559273569 2.11374101317 -53.8478994021 -10.1767565583 -5.82400825002 2.272990239 6.44948851091 -10.7964398028 -4.09506203486 -0.895887393469 -9.07071454234 17.5542385986 13.0473072965 -13.144757791 -6.08658557001 -44.2121186252 -6.29859906702 -5.20184055635 8.38315469123 6.10159254388 -17.5234841395 -13.1290745655 -9.34970243607 3.83531439036
GUIDE
18.2000778183 17.7561072818 -22.3503974915 -13.9607696319 -32.0782162326 -6.86548243612 -10.2531891607 6.72625585572 19.4959275163 -11.4684392947 -20.3085422109 -4.92789895458 0.492967270447 16.5116791576 10.5996920931 -7.84440859498 3.00432042108 -45.0042940251 -21.569160576 -10.7743795594 12.3387925084 -0.268192951624 -15.4126056194 -4.82496279174 -5.15183062465 -7.84366554269
HEAD
18.1561148237 8.75644527426 -9.87910241456 -2.63597031913 -45.8427429054 -14.8254900782 -23.0885843274 10.7800781003 13.0338753239 -4.48518577496 -13.7812735154 -7.44588318314 0.876524982118 18.3934325217 12.0494038027 -5.59282015709 -1.33943068029 -46.6664315117 -20.6382193562 -24.180870492 4.65812886155 12.6422967465 -4.00456071492 2.19381766089 -4.03885766441 -0.839147102149
HEAL
16.5330845567 0.256247438982 23.9581705765 10.6483325556 -43.6954775878 -4.95033774536 -27.5531215673 -4.74179837292 -24.9703755602 -22.0214130154 12.6582423258 -5.88429044569 -3.93343190983 17.5389733055 5.33382566532 6.8320500083 14.2052742416 -42.5770196925 -24.0627867403 -23.6076606931 -2.30320873155 -21.0783545578 -12.1577772773 8.21304118453 6.07316147524 -6.20675687455
HILL
18.1542182404 8.02569176641 -7.515601146 10.4301851315 -45.3035840533 -27.5202630783 -24.1322331045 6.59354022117 11.0956189312 1.46419873531 2.36912761311 3.87315465108 -10.042977117 18.4525657352 9.26583068845 -5.74249677989 3.54865791565 -40.7956156596 -24.5089333551 -20.9058682276 6.62726962819 13.8983605433 -0.679306119452 -1.91288294204 3.73655639107 -6.5879983957
HOME
15.4836380873 4.90026321679 -10.1222950228 -18.1167472503 -18.8946482515 -7.84055020348 6.49231037861 -5.60150232425 -10.8490219236 6.41321357289 -22.7117861341 6.97101241381 -7.89275668035 16.9232829882 15.9408219844 -4.23027500262 -15.5011317595 -25.3135314929 -13.8220350815 -4.55922614335 -12.9330199178 -13.5044844222 0.547160446917 -18.2781736277 11.5750975405 -8.64337327821
KEEP
17.5698085035 -2.25277955225 30.3004192349 16.6541832646 -33.7335134663 -3.15554145088 -26.2947545847 -13.1721688387 -17.7152443224 -21.7131213388 -2.90040864486 -13.1586591281 -7.39925266587 16.0342913698 -0.779412245316 24.2916732033 21.586339099 -10.4242367263 -13.9885346779 -15.0299387587 -12.3321960387 -24.9377419847 -12.524374174 -6.79151353134 -8.57101258841 -5.26545544337
LIT
18.3596339678 17.5507670639 -4.8412646058 -9.65109325473 -36.9596076542 -15.8019963048 -29.0564695467 -0.874053410052 10.5494859313 6.2189346653 -11.4696237122 -8.03077874939 2.14998708316 16.6247126476 9.39333064317 -2.34100511349 3.20826362243 -33.0718156835 -23.8403096515 -24.4704230518 0.087906046615 11.6839073533 -4.22211482238 -6.71617543028 -0.0337548730617 1.03785470247
LOUD
18.0261809459 9.76769708981 -20.1940357494 -5.39766373315 -45.9092057776 0.196547555252 -8.82126413 8.72865191066 11.5657095347 -13.452911778 -14.4568238845 -11.5510840592 10.1575604991 17.4222193423 9.74800856739 -24.5819295357 -4.74311214579 -38.3480459547 -5.87489292264 -14.8303060896 3.00744962655 7.84633758825 -1.5966054062 -9.58186194266 -17.0415298538 6.14578709414
LOVE
18.3311305504 16.1715736206 -13.583003192 -23.0074895075 -40.1425563016 9.1697582393 -7.60673594245 -15.0381832646 10.811270906 5.89535949757 -1.91773490376 -12.0289444572 -19.5653327453 16.8039227776 14.7613764431 -2.57950093697 -21.4556067022 -33.9804692505 -0.947799743737 -12.3278639795 -23.0004985871 1.29809818129 11.9426670211 -4.98134217228 -5.38043541407 -14.3324920197
LUCK
18.8230700195 16.6068678775 -11.3376458009 -29.588760547 -43.270801941 15.6504383851 -11.8089170523 -1.84451298719 9.49200255597 -2.26353811506 -6.53702068346 -14.6033847536 -7.30397731595 16.4106063011 8.57584251818 -16.4550678676 -11.7069985896 -17.1689885758 -1.75380211592 -14.0662877421 5.53698918245 2.81007545867 -3.15644061588 -19.1305681971 -10.5448618201 0.108645331828
LULL
18.5594659917 21.4423429292 -7.65614855008 -33.5809267092 -51.297058958 15.9352333687 -2.15040511708 -15.591829599 4.40555234174 -2.30102229242 6.0718120431 -7.64282631481 -20.0366697739 18.499865714 20.1324608637 -8.36286680995 -30.0031825625 -44.994432223 15.16247329 -5.72152465719 -2.69087295954 8.17483331866 -1.80021343762 6.28637703868 -8.88393092842 -16.0730710397
LUNG
17.4870163947 17.242912306 -12.0708355745 -25.0443791597 -25.0280649832 3.55103249125 -20.2268095035 -18.8091409566 -11.1845974397 12.5346124022 -20.1045432891 -1.58482709451 -6.59627308396 16.8318772078 15.0981077678 -8.0242867016 -12.4017428859 -22.7439239326 -11.8000087048 -19.2279969352 -13.5191304259 -6.97364969929 9.90367739552 -23.8209995904 4.27071935594 -7.28076859679
MAIN
17.6275379747 4.08013717498 0.256835241199 8.83007224476 -51.7395863444 1.57965362032 -18.5417642659 -11.5314668125 -18.9967488689 10.282582749 0.568334325417 -15.3811690721 -0.649446853566 17.0034855838 5.39652841835 8.51210921201 3.9883469979 -44.8836426789 5.83908450096 -31.5104570447 -14.9667961942 -18.6260038645 4.4994651974 3.21815397329 -7.47030515069 3.68793116359
MATH
18.0185675966 10.8372402988 -16.400061555 -7.07033323731 -36.2596885521 -7.03052885443 -18.9512743721 21.2192292471 -0.770990438755 -17.5635501099 -11.2428787149 -6.12215055671 2.56775030918 17.2016135147 9.99878355768 -11.7111319527 -10.4937079235 -33.8596248738 3.18016323951 -24.3104904008 17.1254314915 1.47665871639 -8.57682954322 -25.3280635189 -6.00592902972 16.0090390732
MEAL
17.3067611929 7.2576678602 1.10579166651 9.81082240283 -49.1429291128 -2.01800968112 -14.4567559169 -21.0334759454 -27.8386164827 8.79669526284 7.36090259711 -2.13061950085 -4.45159639644 17.1149314257 8.9864774364 1.02870708478 6.11394690034 -48.1767359905 -11.2078926329 -14.721634832 -12.3590252747 -25.0349274259 5.25542306655 7.87402488526 -5.55701276726 -6.1873981192
MILE
18.0670796108 16.7015189213 -19.4834071538 -25.7616786704 -27.5039384367 5.30887105264 -14.8256636121 7.27899798821 -2.86825719469 -1.96971373686 -10.3744933719 -19.4336817803 3.64250064627 17.6327157836 13.0412235927 -16.5508536512 -10.8792104866 -34.7094673813 -5.98670158602 -24.0217778484 18.1033316722 3.87031748768 -18.0832050656 -9.10465695848 -14.7901131291 10.6644663435
MILL
17.9042504436 9.26249863997 -15.3826250384 0.14120937076 -38.775507401 -14.3560820379 -20.8024966898 2.92071288922 -0.849939706631 -1.02130597853 -4.6333413649 -4.44874941035 1.83302737553 17.9465491172 11.2237859084 -14.2506870113 -6.46546795551 -36.119912277 -7.10313505641 -25.2713178024 11.2610881754 2.01082900714 -2.70970395387 -8.89501063078 -9.62265084311 8.93661370364
MOB
17.7813560207 17.5649089185 -10.4135212425 -28.3985627287 -36.1577107405 15.4748936641 -10.4699701715 1.85469402982 -6.93015947117 -3.52196585687 0.0746484774225 -11.3354247257 -10.5717071069 18.0056059325 17.2020854656 -12.8995661058 -28.5902117852 -37.851496666 18.1614631878 -9.09250610684 -5.19780217817 2.45931944758 -4.75420891389 -1.63049046486 -15.6636696579 -13.1081349429
PAL
17.2527991334 -11.2138596694 -23.811284276 2.1609198889 -27.7306495153 -8.94105582647 -7.50359799402 24.2942605759 1.07365598557 -11.7503826126 -10.5218901155 8.26962897707 4.69528366608 18.1384836625 8.32082437144 -14.1330258278 -6.29743598462 -36.6902843951 -3.52072144245 -10.5142281241 20.9075806564 1.56277812677 -18.4878390932 -22.0975174897 -0.366573190354 8.94558693663
PEN
17.1419995773 -9.76115640974 -16.9866846035 4.48031424167 -31.7519583139 -8.67037303373 -5.75692484089 19.070471848 -10.4839463997 -2.93576221998 -8.14864724201 -0.506709446876 0.841012732398 18.2935189872 6.13814066829 -13.3322930193 1.48745057761 -49.207179255 -5.29363375433 -11.3805383849 5.54965745923 -7.764518496 -6.52566460623 -12.5805446761 -1.31141476577 5.04879821408
PIN
16.7685195226 -11.1468895853 -15.0774542715 7.86540300708 -27.1505603014 -8.1729609635 -2.81751424717 11.2485436405 -13.7764206537 -7.74716619548 4.60832628335 -0.371603700376 1.32512416781 17.315030549 11.9512926495 -1.44559711696 0.912019591821 -30.1136312475 -21.4778983525 -15.5876932465 -2.52840514975 -20.8540847219 9.68115364527 -6.77212736494 -11.0506264566 4.42760382712
POKE
16.6784096681 11.0403544536 -18.2189952116 -14.9328416647 -17.9315298977 -3.76862805455 4.17320270102 -14.7294441701 -3.66271623276 17.2368047662 -3.04009391812 -9.91205870846 -12.301957116 16.3412289557 19.85557992 2.28678000801 -16.9733135274 -22.557248182 -11.3718349836 -1.00008011137 -13.5691495071 -17.4450166716 1.62513136008 3.96134198555 1.07371518437 -5.71149688135
POOL
17.3358665288 22.6910421448 9.99063261207 -10.778139293 -35.3804184148 -22.9108436553 -11.790377142 -13.2945406244 -6.19426902233 -8.30348593927 -10.4857007487 2.67099457555 6.30028005674 17.264000621 20.8722317234 10.5265390272 -13.1059530669 -41.4681905054 -19.0217471902 -10.2422218475 -10.4066641651 -8.22126317461 -4.5643091051 -13.0886977528 11.9912198573 8.27071573888
PULL
18.5775771174 17.893935877 -2.18033105225 -24.7169310105 -61.174675764 4.04474274078 5.19848942401 -21.0685797249 1.42854630453 0.761324976024 5.67610657593 12.0113563343 -20.2792630255 18.6915823122 17.3063091369 -3.10323958539 -22.2087053628 -57.3389937176 4.39637726224 2.75949015536 -16.3611315915 7.63096225767 1.08082030653 6.1201296668 15.5343906223 -15.9567874832
RICE
16.1322449695 5.53771582795 5.54076406216 0.0118080143568 -45.5562145884 -22.017823806 -37.493298331 9.06575488579 -9.04269271925 -8.44876971993 -5.56217198646 9.39096271077 0.326852465382 15.0226476068 -1.50652720208 10.9468678039 11.7237983054 -42.3692372587 -23.3750882365 -22.3245334572 4.41995746627 -17.5090345584 2.60071459225 -5.8450570735 4.31163252124 1.53393397319
RIP
18.3156259387 10.9869248292 -16.6522189557 8.23566814557 -28.4499040381 -33.6591815624 -40.0318034203 14.0121617981 13.2742977367 -15.871670684 0.806852385304 9.47069512074 -1.95947233134 18.4679628451 11.6128462751 -12.5084645235 -3.05401890424 -26.7926783905 -25.4303973866 -43.8673697584 20.7914641264 6.56583252813 -3.15546890604 3.60415366529 2.40751326596 -5.13654654721
SAIL
17.9295114422 9.13634978705 -6.80220704664 -4.70845896414 -42.7678930248 -18.5356397134 -22.6152587799 18.2277766111 -4.07054120606 1.16631279379 -9.92945118269 -6.47144689134 2.10968764704 17.4744184307 9.36601966062 -8.28728133397 -2.05338663707 -39.6445415855 -27.644603369 -17.8346598064 18.8672159154 -1.39685431951 -10.1818150478 -6.94717462295 -6.2521549125 -3.45851585459
SELL
18.3688786649 14.0026870651 -10.1224037012 -17.7400813429 -40.504046475 -3.21724919552 -18.5412271463 6.79811445193 14.3603251085 8.65510396669 -20.8758621075 -17.165695733 11.2992702233 17.8613865314 18.2435372145 -6.44230383296 -24.9155701064 -39.080452738 -2.11035638986 -9.33349025466 1.33091950515 6.41415195838 2.66122654792 -8.47325040548 -20.672117808 0.841407908053
SOUR
17.9074719813 6.61305617071 -14.6651196006 -13.3228851639 -36.8116265884 -3.87307501135 -5.4213702577 9.74232296541 13.2441633092 -7.3267515832 -25.900071038 -5.16765892849 3.70545683553 17.1878391143 15.8544356409 -9.56163696421 -18.2475610186 -37.6235791371 -9.49947878974 2.08574389257 -2.86995200643 -11.8260121106 1.37212775874 -8.82746154967 -7.79826178115 -10.9818667732
SOUTH
18.6229315445 15.9521865814 -16.5348499261 -20.4602939081 -41.008511817 3.21450873092 -14.2285167827 -7.43499962395 20.2399932661 10.7709394509 -13.2057090634 -21.2780456585 2.88206981853 16.4039116899 17.1275814799 2.3933926142 -19.2603686966 -37.5799653651 0.77418088109 -11.8996122689 -15.8611528574 -4.25495672 9.8025672898 1.4882922987 -4.35653739074 -10.9690847903
TAPE
17.5576136023 1.22636463381 0.905617109752 16.7525708029 -43.3287720908 -22.0536469324 -26.5996280253 4.15348380039 -11.1080927993 -14.8475027984 9.10160456813 9.91317330054 -11.2936553308 17.2730249385 2.63825567536 4.2382294019 17.9148766829 -40.9049154234 -25.9478137146 -27.7999585367 -0.618339172694 -22.5596593231 -10.6692928062 11.1748228813 0.894015284205 -2.07310393985
TOOL
17.2278994742 18.7446983994 2.76840736114 -17.9283519314 -30.3235645597 -8.96637470569 -8.75639860003 -12.9075505447 -27.3728670741 1.68019927642 7.35125498675 -1.12645893971 1.87770663883 17.0861555746 20.1979098295 9.46388529317 -16.4273173447 -35.2782762121 -18.8114177255 -1.00255147501 -8.08869195295 -17.0053589719 -3.36979691888 -9.49330427216 3.34637257752 9.75860606427
TOWN
17.6874941837 3.25649952685 -13.804190312 -4.1850595174 -32.5927515552 -7.37791578322 -9.80529178236 24.7931927853 -6.94825110617 -8.02558261347 -20.2578006752 -5.08624520657 4.84911714156 17.5459405243 14.5103506278 -14.080332279 -10.7425559781 -28.9571012237 -8.77873632316 -18.1304371321 11.2236756532 5.48734222136 -10.3785162638 -21.1129757558 -12.7792570629 10.6364859144
TUBE
16.4921368059 7.89077840943 2.41228396428 5.06028788674 -18.0795072015 -20.0098699341 -31.4989118518 7.16949770872 -17.6365768023 -5.81789108221 1.21087803353 -19.4745988044 15.2915880161 16.2120819731 15.6487328298 15.1170425861 -4.44007444394 -16.1087316794 -10.4739480277 -24.5117227203 -11.1301608526 -23.4394889179 -5.1147334363 7.15834702405 -12.4123196089 2.2687439415
VOICE
17.8674767274 22.4575518396 -6.40258721042 -19.3054346121 -39.6624880475 -17.8362219723 4.75683640706 -11.0686847929 -22.1422627514 2.44264088842 0.960728856149 6.4371778804 10.1208814996 16.6613448522 11.3816113602 2.70640180316 1.1541048701 -32.8090320956 -18.8171615966 -28.0186437062 -4.4162998877 -21.7061689989 5.3174903945 7.42827760429 -7.70715055541 8.61125482219
VOID
17.4514177767 26.5587819918 -0.39487688757 -19.5391861193 -35.7798636149 -21.7995375859 5.31777396578 -4.5094868289 -20.5920105377 7.09164971238 -1.18919117377 4.56643283415 9.92382012843 17.3185524927 17.3343030839 -7.97168372034 -6.69341026999 -26.9522763266 -20.7418904929 -30.3767099595 -0.479043270804 -9.88271339699 1.19864964374 10.6694770118 -10.8275893463 1.90114697292
WALK
18.0437914915 18.5118498734 -0.0825746625954 -22.158596618 -47.1308267606 -16.252459334 4.30903995879 -1.42122640735 -0.467031352841 -5.56695669649 -14.7635352918 5.43549829496 -0.714212142546 16.5769803779 9.3203774552 -10.2822787659 -20.9773970191 -25.6023316991 8.58055110934 -1.04389058341 -7.02222786397 -7.52418792475 -6.69970374657 -10.2626107805 -5.40472958841 -8.62490790342
WALL
18.1880380893 19.55789213 -1.51916494221 -29.2845370531 -51.3256771338 2.80102392572 -2.0349506149 7.9794604716 7.65704057916 -20.9391879234 -0.21884527209 -1.34978579159 -7.16008452578 17.3145862279 16.5388991001 -0.0762477472529 -32.2422215312 -46.3224730296 13.9090134861 -11.8879588859 8.75154777568 -7.43869308314 -17.0159394269 2.0572346728 -7.71608724255 -4.11882674745
WET
18.4929928323 12.6393217959 -20.2772584005 -10.8594517568 -39.0887451476 -5.68159055407 -15.3789347149 -4.65189805936 11.7850272865 -2.38604397795 -7.07887954619 -10.7637535192 -5.35784894132 17.4749094473 3.19033041465 -17.0648595498 -0.0308868104998 -33.8298897633 -6.53369833543 -21.7461298425 12.1169975455 13.3827804669 -2.69058525944 -20.0266765212 -5.72858695873 3.81042801208
WOOL
16.8482576714 16.075274926 5.82585704219 -18.049808678 -45.6684296112 -23.3204715321 2.52571428872 -14.559367626 -8.51112724661 4.82224983645 -21.3849429979 13.3349809287 -0.344234763283 17.8677490698 20.5818254084 1.56172188445 -20.9202612248 -48.4353805348 -13.0522398347 3.87373023036 -16.7920893018 -2.42981875151 -0.581457232842 -6.71186201227 16.3452136824 -8.3981763616
WRONG
17.5266488485 18.4476099152 -8.60499009406 -25.5981304981 -32.0426118726 6.48866041342 -16.4338237019 -6.40495708579 -2.3461781348 -5.41724187167 -6.18423221209 6.9131560109 -18.9387886013 17.3466517629 16.5250428952 -6.50835919159 -29.2199172746 -31.8472663017 6.27425680139 -12.2530152865 0.404472908695 -14.4415902517 -6.25724191739 -3.92938746898 0.935641805997 -16.91929317
