BEAN
18.9740649323 -9.61759648279 9.57745340044 13.3125626731 -62.8537367104 -3.93779366501 -26.1063093193 -8.28945726272 -14.7570871523 7.8566331059 -6.58626024707 9.21008288877 1.67828758374 16.309841553 -4.17623470263 10.3258933321 2.0372020017 -45.9736137153 -10.7161444072 -18.6249055798 -9.07498445127 -15.0932598923 -1.12436461995 -12.3723641079 11.7580278146 -4.31689485355
BITE
18.9370118647 -1.20097145129 -20.9692416208 -10.8586465851 -27.9052040956 -18.0097635459 -26.2040306217 19.0249602248 8.32867436957 1.65727300105 -16.7570143285 1.18214452862 -9.9043646763 17.0712240631 -4.84923349423 -2.86685436024 6.72540324929 -36.4319404825 -28.4902329855 -24.5711949539 9.68761741813 -5.20498512985 8.81369565099 -2.4149719724 15.6185436002 -11.4221584248
BOAT
18.3120630189 3.72650635119 -6.74251886799 -16.3623827964 -48.4274873177 10.4537936844 -12.4927858984 -23.9886086767 14.4396548529 20.3924188737 2.82572835123 6.61733627925 -29.990966643 15.23992599 3.16479883391 0.0354437689956 -6.3088586111 -35.3763488437 2.25921919339 -24.3910460096 -28.3990497191 -1.71659495231 17.1188083677 1.42321745742 12.6024079086 -10.4602628911
BOIL
18.2379219834 9.19299303085 -0.342192611284 -27.9635368692 -57.7007160974 10.80314212 -5.88296828686 -9.82996744155 1.47514017275 -7.64184776668 4.22711258118 29.352629531 -18.2571423545 17.3008247751 5.52325386553 -6.26087372039 -21.7501581768 -34.8185500439 5.08304468521 -26.8830111964 -9.2198844004 13.3370718607 18.6329721117 -2.49294604548 -4.73706894711 -16.4025059541
BULL
18.8716721045 5.73994634234 -6.8066852488 -29.3048320752 -54.6305446646 19.665858003 -7.79904540258 -13.2707582206 4.394979856 2.68592283266 9.42052167801 23.1067591072 -30.798203136 17.9494787299 7.70611930754 -0.443178231891 -35.416032206 -56.3102201985 20.1598181256 -15.6590429311 -1.77447616403 -3.30325626757 -8.69028810587 12.3285040187 15.0636349823 -21.8206923817
CAB
17.7309820947 -9.99106485436 -18.4545119667 -4.43204599023 -30.4789275522 -15.3712910965 -3.62249052438 13.2815694556 -3.38233241373 -9.51325424074 -8.37488337511 5.44180713825 -9.19896636397 17.8715124083 4.43607402304 -27.5357982551 -10.4673769886 -30.1799379964 -13.4351818908 -11.8593407537 12.6795146867 9.60616012637 -5.30497753667 -24.3486611841 3.86478432175 -2.70012432962
CALM
17.0593111883 -6.51486648244 -21.3441734146 -21.888622598 -13.1799099715 7.73621614975 -18.0318048524 1.05243922481 -4.51717574523 -0.171152906143 -5.52822607229 -11.5052659989 -3.82391964575 18.433636799 5.12617428275 -22.0405542627 -33.3772803449 -28.7581664714 12.2787804761 -12.8211468008 -4.16999438425 -7.17878384656 5.4058699721 1.09680035255 -15.7161162381 -13.4405461393
CAUGHT
17.4560987411 -4.68208682233 -23.5779547578 -22.5997614334 -25.7725102246 14.3016828299 -10.1092817031 -11.1372817905 -2.45441960755 10.5437056918 -11.3940350133 -7.92728999601 -4.0361151089 17.2993637417 3.92363557737 -20.9094368501 -20.5844083097 -33.9338191313 8.69579166305 -24.1737111212 -3.29422325529 3.94062337887 11.2694610627 -12.7397739735 -10.7978287002 0.961603269089
COAL
17.1864786135 -6.63968680803 -13.5468697779 -21.3321284903 -20.9062667637 5.54778095626 -12.257041221 -14.2696072025 -3.04150644945 5.22839081496 -6.35521818902 4.2049978327 -12.0966590952 17.5314784173 8.4292303193 4.02373807712 -27.3627827898 -61.182075239 12.9689832287 -13.6458783767 0.377708042446 4.27549702205 -18.1450996623 1.50923974442 20.3368910275 -11.2651827941
CODE
16.434735581 -3.83549357766 -19.9240852094 -11.3067358601 -25.0456389919 -3.04605910573 -19.4434886274 3.23460152124 6.93215007382 14.926348019 -13.9306294525 -2.61589483738 -13.3773914688 17.4756505866 4.37564657075 -14.6740904678 -7.34812402069 -41.7757811381 0.567206439597 -30.2398278606 -13.8641008542 6.75581103152 26.7922895882 -5.0934260737 -0.174456807225 -7.48475164853
COIN
18.2499364934 8.80392137111 -10.4047803372 -26.6313826211 -43.7756006489 3.74307078553 -3.22759533996 -8.38804285861 -24.4297000771 12.7020450643 -3.14899114096 10.040018887 -13.1569158776 17.3949412076 6.93827633543 -17.568401538 -12.9953292341 -24.4869147171 -22.0228423878 -13.944891668 3.1019575867 -18.9152344773 19.682160621 -14.4936752563 0.288573712956 -8.07788211286
CON
16.7987792754 0.486550651416 -19.6676045517 -25.6664624701 -12.9387506245 2.0997148146 -9.32258979287 3.53408392186 -12.3481617218 13.3308407377 -2.92015750599 -15.2892056383 -7.80220607008 17.9929673309 7.73224030513 -20.9809122972 -30.0109091286 -13.8315642966 -7.57382561356 -19.6388874566 1.47948144303 -9.66715448251 14.4310753471 -3.45629580361 -17.7702785428 -13.7008786237
COOL
17.7517188368 18.9117054643 1.79519261223 -18.3584376516 -49.277566 -4.10815762487 -5.53960830389 -17.2309678118 -11.7664387376 -8.21659816627 -2.53230174926 19.5077226718 6.63807122459 17.2775572073 16.002343138 8.45953428922 -27.335643809 -49.597932109 -8.71577388551 -15.2121112059 11.5864320639 -11.2463642437 0.244773066186 -4.92587159186 8.38612783424 7.19605318498
COT
16.8549121704 -3.36774177885 -26.4132867837 -18.5738105248 -20.8913243351 10.8615238913 -5.3119544053 -10.3623402269 -0.312593086505 2.06007081021 -4.6602862078 -12.9408711397 2.88129455625 17.6822149967 8.56010608097 -21.0127943725 -30.4398735551 -23.4156774041 4.81431972583 -12.6773546664 -5.17926036655 2.16204713379 6.38148268388 -13.3481319048 -15.7927495606 2.83566454295
COUGH
18.8804838254 8.20167865756 -30.1487688226 -27.1367784674 -23.8727860325 11.0505564718 -4.60626267245 -5.27013702979 -13.8543573401 15.7719732529 -4.1268747569 -15.4852023645 0.901591179167 17.8420195397 9.36308688253 -25.1704615837 -31.8601340461 -21.2874853662 8.90356412115 -0.439620734891 -7.52666204028 -13.5062364443 14.9844508839 -7.03003747655 -11.5094262456 0.159610845387
DEATH
18.6953676673 1.59167681355 -17.4561277183 -2.43747070757 -43.0300795204 -15.8842206092 -23.0438459394 16.6339444436 13.1240846991 -2.53538486063 -13.6826619806 17.2891229443 -11.6044152451 17.6817129801 2.75927826238 -18.8701518591 -17.3418047833 -27.9004590876 -5.51959135192 -16.5360663614 4.48018817835 11.5869035027 -0.160889045759 -24.7236226999 7.92390719796 -4.31067400268
DIG
18.4638397271 -2.96587300063 -11.1938666486 10.132940696 -45.820205342 -21.4837011524 -34.6007286344 16.229079109 -8.49721751124 1.674146777 7.45309434233 18.2395979125 -10.0842452891 17.8166115589 -0.492983591048 -12.6952285227 14.4657588115 -42.1952854363 -24.160902604 -26.818154813 11.8584004796 -4.25309931572 -2.13173676106 12.2233066113 10.8624548141 -12.2900594027
DIME
18.7604901782 1.86456405301 -27.0115983982 -18.3071742338 -21.7087213924 -10.020364742 -11.5476134713 5.34221430386 2.75950419133 -5.7815941265 -15.4322560393 2.80330941638 -4.63734579191 17.4484158018 3.20118486813 -19.9014280218 -22.535491065 -12.3414168089 -27.5910394539 -7.68588491268 5.44267977247 -10.7390950434 -2.27722258601 -11.5589604144 -0.254931779413 -3.99871867002
DOCK
18.964272274 0.70889989671 -21.1028570344 -25.8304702658 -33.0153991556 15.3552609448 -19.3045093344 -4.33611550694 9.99655867215 4.61297880397 -18.1026511642 1.15449784272 -9.26237470128 15.7615163337 0.523355661941 -18.8165945157 -19.0528489764 -11.8221294453 2.485110486 -9.99683837524 -6.91377944352 -1.02313219084 -2.3807897568 -15.1509227935 -5.02449899701 -2.05707639295
DOLL
18.7478801227 1.34129467597 -15.5311924739 -25.2576759605 -36.7249644643 17.1773685211 -22.6121483711 -2.64396451194 9.99619441138 7.55383681889 -10.1590076198 -15.0122055478 -12.1352477106 17.3333520392 9.01874580808 -7.63882718517 -39.699383339 -27.3226051662 14.0700539205 -9.17482778352 -8.47571203875 -5.52172756928 -6.23020249287 11.2723542409 -12.818897912 -8.27182905843
DOUBT
18.7500513621 -0.360705773222 -23.7638113767 -6.43252667564 -34.0978726339 -8.77315686997 -18.433744418 11.8926397573 16.3429719125 0.0760399585573 -19.0913381984 6.53451606519 -9.53248466494 15.2469735304 4.56962365288 -10.7872154304 -16.8574124167 -28.4821654776 -0.909838412483 -13.4621010755 -18.2571987972 4.92316988492 21.6873337751 -0.252345257544 4.42644684517 -16.6323451299
DULL
17.6761523257 4.31710912618 -14.4845153424 -5.23604500671 -36.7185472867 -2.93841550763 -35.1190425635 7.60816943337 16.5362101478 11.741022696 -13.6244553529 4.15880541037 -8.24047687241 18.757150887 6.56861948905 -18.5248577042 -20.8842459703 -32.9020727054 2.98166700757 -24.7213487796 -0.289349109622 19.1553947924 11.2721733536 -9.26689482887 -9.82247127278 -14.0470856274
FADE
18.5320574028 -2.12910686 -12.0070507277 16.0565694565 -52.1892342157 -27.169831702 -19.0007406652 5.76160811573 -8.33537263716 2.40390704868 12.11277236 5.07911999896 -6.79811569569 17.3555929791 -2.43425769302 -3.54403146471 17.2261811188 -44.1966655219 -21.0785380878 -25.7003023404 -0.0937972830519 -18.7821295405 0.591436919573 11.7960613777 5.4368351993 3.0710334199
FAIL
18.6125227559 -0.991214671765 -22.0713211545 3.88784268146 -41.1028090109 -20.1312294236 -28.0172039869 21.0869553773 10.0426136285 5.85619395727 -1.0747414803 2.88091037123 -2.21060488578 18.7123163901 -2.10435233454 -21.1718369566 4.07115912526 -41.5693667832 -16.666776246 -23.301124292 23.4415574072 9.96915952774 3.36907561933 -1.36077159851 3.76140855385 -5.53435418002
FEED
18.8504976468 -9.25316220351 5.98247052078 21.9391235932 -50.3323875157 -8.76186046404 -32.7995844949 -1.7784325694 -19.8729381163 -10.3731409798 9.74949478517 -5.21638968397 -2.22014168918 18.232061183 -5.51370906226 3.6202911212 21.3573880535 -49.4167357795 -12.4688062337 -30.1856695292 -5.27690084651 -17.8305808358 -6.3228005019 8.60179344945 1.83549625006 -2.81294366604
FELL
18.8452754737 7.05891184416 -18.5812818638 -15.9525257151 -40.2225064189 -5.08732554949 -15.2762352802 13.5629790113 11.0355888813 7.55146377078 -27.6663151666 0.446310662083 -7.88839660729 18.5778779273 6.99920077502 -19.2192971578 -17.7859763554 -30.3530760205 -3.6544212202 -18.3278740865 16.3282325424 18.9627632162 3.0010660924 -27.9961567099 -1.81006205999 -0.328696933671
FIRE
18.4746060485 4.55843592625 -20.2383669493 -21.6410612189 -36.2396142026 9.63661379155 -6.76703809587 -4.52508029335 15.5416275361 6.56130461072 -16.1645945389 -8.85654259162 -3.73382365087 17.3622106155 4.37208716678 -21.1922618405 -12.2434354405 -32.372189721 -18.4959986451 -12.8332646663 12.1931122808 7.06308386142 1.24485606841 -20.3516437448 2.51339289963 -2.48980142632
FOOL
17.2523568437 13.0372931822 -2.02450420339 -13.2342794235 -52.2188424169 7.51426619548 -4.12571267662 -27.102277028 -14.8429446009 5.25193173404 3.99520607769 31.1314754969 -2.02972270128 17.5120110814 12.4212040715 6.02158441225 -13.6390161095 -62.8139204502 3.47503846311 -15.7182108745 -15.6503370991 -12.7307014272 -9.2038981182 -6.99801813198 24.9471124807 3.94103100791
FOUL
18.8998437044 -1.86581400022 -14.8360535129 -26.0293660538 -33.9646223061 9.41948374981 -17.3944473326 9.72765208574 11.8484329397 12.0659131891 -18.092444798 -12.5988842305 -5.42721691947 18.7993930631 -1.07813491536 -17.9225633643 -27.1321014094 -28.7200941697 10.3684870053 -14.237077756 11.3758209541 8.2203203048 9.79542109595 -20.697059929 -13.8589668593 1.76188518716
FULL
17.5086237159 11.302076 -6.14412038231 -31.70911832 -43.7744641352 6.0883623125 -11.4125209673 -9.33952549652 -2.16688107396 4.08969771407 12.4011621231 14.1579820895 -13.1294634078 18.2621528388 10.7784140831 -4.75771646079 -31.4165560847 -53.161039797 11.8977084442 -10.9389074197 -6.94985247042 1.2861351923 2.25538100011 11.0849504823 14.4754580587 -20.6467733216
GAP
18.7183115211 1.21876108863 -24.8867667056 1.50932833616 -41.6866634344 -16.8107001236 -17.446340797 26.5392824133 -4.26112154202 3.07615861628 -3.72892378294 4.47548784722 -7.25980140468 18.2492254918 1.54280270888 -30.8196307067 -15.5868990457 -34.2799259261 -9.69317395907 -12.0145547657 10.3034310262 -1.52362979292 -1.25666647385 -25.1235368574 3.15764226404 -1.52432246991
GUIDE
18.0655739639 4.53180220995 -22.7845042791 -17.1881557445 -20.2810399486 -11.2027304144 -19.9128542422 14.2006710774 5.33289338422 0.319290076315 -21.2034572661 -2.2550493376 -0.863703327008 17.8686784019 2.75136866543 -20.3511636627 -8.72369081773 -28.3763873209 -20.452907403 -18.5285057572 12.9409660935 0.416645314891 -1.44169208823 -12.2705769302 3.34215116327 -8.69453371686
HEAD
18.9212408831 -5.65428499312 -18.7563334234 -10.4236932802 -33.8999166672 -13.5450321115 -11.2136698516 18.7065789833 2.85458913201 -13.9175674221 -9.29112760539 6.00751013258 -16.5446630064 18.6977487668 -4.61216912098 -17.1635550073 -5.66418125793 -44.9265673111 -11.3749066484 -20.8273755319 21.214798092 12.3002482918 -4.87447313558 -12.4540264595 14.0531879688 -15.870375479
HEAL
19.015089306 -9.50339177951 -3.41574405778 21.4550690282 -56.2934470516 -26.8212019789 -22.7472045412 -4.29880867519 -21.6306778029 7.20751700821 4.44360268658 4.26974895861 -6.73235431138 18.7420393523 -4.37241910098 -9.81923500505 10.2379174828 -46.0053996465 -20.7924183068 -32.8936990026 12.1309287037 -9.64277458252 1.28598439562 1.37633637328 12.0664627 -12.6462639612
HILL
18.4552773458 3.10508622466 -21.9447990102 -5.52783863286 -40.7195623166 -9.27419136204 -37.5939350733 19.5867351743 6.876907888 -1.91695491167 -11.9471326606 6.19319309689 -6.85371867012 18.7413242061 3.76299605204 -17.548453139 -2.44444337654 -43.1162790297 -8.74229433418 -30.4920316901 14.8920483782 22.4395417369 0.99310198647 -14.3266106471 0.324486810824 0.501086697193
HOME
17.0031532584 -3.82365208703 -11.5985600589 -31.7294226445 -25.0179744077 4.87006205742 0.37078829574 -6.05531800011 -17.327019496 14.8490834165 -1.91019219669 6.45617828782 -14.8380652337 16.3272134083 -0.585913886769 6.8704273588 -17.8137730221 -38.3091658945 -11.7214248933 0.164951817339 -10.4339445303 -21.9021115296 0.606725689715 -12.1074705786 23.903157834 -16.9140371854
KEEP
19.8368575547 -11.7179080425 10.6484436316 26.8456162457 -54.0267942424 -11.4803778852 -19.848000984 -20.4932965004 -14.1221929909 -11.8269774087 5.09234820891 -8.47618986984 -3.50421355173 17.091722564 -9.23997431983 7.73133359529 25.9201135044 -34.9839450355 -13.8626784132 -12.1645825849 -15.5289130737 -16.1658036258 -9.55321264649 1.30416387463 -8.25856670854 -3.18028600982
LIT
18.6345511573 -3.21210819449 -11.8923324146 -22.2775937559 -30.5152998043 -7.57177164771 -46.2995436389 17.834721883 13.0020794158 -0.930460125642 -18.7873136619 19.8876757469 -15.8354065997 16.9666064708 -0.305575298838 -12.1913741616 -14.68653101 -30.2785238423 -11.830955035 -35.6503304414 14.8638959989 18.0196789778 -2.83489725746 -11.2713313557 16.5264277273 -12.4560560321
LOUD
18.4052399341 -0.302099509076 -24.2689013077 -29.3448291137 -28.5987306297 9.58943226558 -15.2229595898 -2.59467497239 9.51391286814 1.92323080694 -26.9992164143 4.02140178951 -8.30423981127 17.0795969477 6.59867039089 -17.3880019317 -21.6427860196 -32.4469139479 -1.02749920779 -19.6665047724 -7.50622596567 11.3399374455 13.0088066461 -11.7457079146 -2.15187832954 -7.88507118212
LOVE
18.2519488398 5.39763419118 -12.9216752247 -25.4001263603 -41.6542959517 17.719198434 -26.0501531205 -4.17427168093 6.19570378326 7.96393230811 -9.17176550947 -5.8272907328 -21.0062733736 17.0213095405 9.63207371325 -13.4279956922 -17.8552041686 -35.6713156569 11.0205011894 -25.0463392884 -17.9432226153 8.34000304715 9.83385161504 -2.86884176236 -6.29667094064 -12.7699347328
LUCK
19.020861578 4.29449584876 -18.4603034361 -33.9482061415 -38.3203522548 22.1956287215 -20.3078444366 -9.15945830392 5.67916471056 2.3673742412 -0.772361448869 -8.45927409939 -18.8539157396 14.3572488374 -5.91071521299 -11.4518891791 -11.9285725562 -5.4224518124 0.775752363341 -23.6188794673 -7.29543200312 12.8410602659 1.68906037468 -13.1042023234 -9.17153157269 -4.60989696557
LULL
18.4009475955 3.74801833774 -13.2800624028 -40.4709453591 -33.8346838116 13.0065593878 -20.6586436124 5.18416480323 -6.96281345773 -3.00746961772 2.14584791425 -10.5087537392 -13.6233783454 18.0777739056 7.26917500163 -5.64515876698 -44.8880189577 -37.7707362804 30.2007459227 -14.9011285219 6.41069781059 0.507455368945 -2.04599605612 10.3135273975 -6.02392683206 -26.3962834303
LUNG
18.7362793915 3.41943506542 -12.2088998822 -32.9325220675 -41.212122971 23.2124171851 -17.7399480475 2.30522420322 -6.71021478036 10.4349454643 4.9606643488 -9.55822331554 -19.1362220798 17.3011811339 4.86339758774 -15.2038369541 -26.3627797546 -30.78628152 -8.80657070388 -1.71331094429 -15.093844224 -16.0298009974 22.8929165009 -9.26907779355 0.465578835277 -23.4209043574
MAIN
18.7380473919 -3.82898685339 -10.5987774378 9.33662161371 -56.6167424656 -13.9950770618 -14.9925117191 14.1749471876 -13.5059643912 8.15462051098 4.90180033693 -3.94628079265 -7.99879648138 17.4019557862 0.0844563319917 -8.30797829846 11.6322069568 -56.9853156908 -19.8038931658 -12.2771151255 3.84179135623 -13.9110636301 2.14526459987 7.48359809282 -5.79255539047 -1.95591031233
MATH
18.7391604612 -1.93095682852 -23.8520693922 -12.7161382407 -26.7954037825 -20.1200881873 -13.1255270881 23.596078749 -11.9058526704 -0.0150650560987 -16.9075627789 6.23335291211 -10.3549994158 17.6153688285 3.16801469879 -22.0618559319 -21.2846414013 -23.1663411963 -12.4026289789 -11.7386839785 10.2827839005 -5.43645636836 -0.103249919954 -20.4824637142 -0.591898930433 2.60572996939
MEAL
16.8402971489 3.81519555964 -1.27659781227 12.0062716884 -40.9970178987 -28.2584519101 -12.1933360577 -4.35694652821 -21.2754546569 3.75697462304 -8.26204567405 1.62542533854 -1.87117684764 17.8003750552 0.517378849351 -5.3598956064 11.81120412 -53.7146815304 -22.013965518 -27.2494202879 8.41420156933 -16.0127793546 3.94502565334 4.11531868396 -9.89807360522 1.52298876464
MILE
18.7451744 -0.240435047651 -14.1613844845 -37.8138366684 -24.0743564165 18.177848439 -20.2698473254 -2.17635427133 -1.45274158727 0.596067954272 -5.20758263719 -12.7848639397 -10.6085621533 18.5909295272 -6.30834026997 -16.7811724359 -29.1899134594 -18.2457074326 1.53970341333 -20.675559086 10.0783108488 0.219292138468 -2.48286122296 -18.11818808 -8.47338034308 0.402620521755
MILL
18.3099997366 3.05245475671 -14.633792316 2.08466579043 -24.9210582414 -21.1104576014 -51.7488744594 17.5415631577 13.6956007143 -6.68592002427 -3.40606696568 -0.597870370965 -2.41176665892 18.426864632 -0.245645651335 -13.8758930557 -1.98174274681 -26.6339155128 -13.5747053804 -49.4323543351 13.8257880141 13.9869621608 -1.85284711376 -13.247800776 -0.274125258969 -2.85304254536
MOB
18.5174408843 -1.81981661776 -9.3961817115 -40.8567487925 -30.232927484 17.5168349029 -11.3031365654 -9.7450040287 -9.43506341354 -2.55768027114 12.6205231714 -12.7453996391 -17.2884060391 18.3136560265 3.84288853701 -15.6494962307 -36.4330800339 -37.286374112 16.4639555315 -12.4169044174 -15.3802968487 -3.18431604887 -1.52206816625 9.36564522242 -14.954746399 -12.2011160199
PAL
16.230540882 -3.39850807689 -13.3603007566 -7.89358508134 -10.9057783701 0.640176570557 -8.13193140448 4.03044626636 -9.08985954787 -8.71754037458 -22.5297382139 12.2930687321 -4.44855917662 18.9449827913 3.49366966307 -30.527287103 -14.5897213302 -25.4011097614 2.94057166431 -3.78627535615 8.32127103609 6.18614406785 -8.92375832421 -23.6878781141 6.91129995884 3.88253469639
PEN
17.2151981284 -1.75320085581 -20.5146446902 -13.1716463291 -22.0600268291 -3.30918695128 -18.1603715583 14.1773389274 -3.37400462733 -8.42056771736 -10.4505054844 9.6583181467 -9.54041640745 17.0646735728 4.79831629627 -6.07263989361 -11.3891887771 -30.617604317 -14.3507538943 -23.4962917746 9.3171276111 -13.2133013832 4.7007186987 -19.2694922654 0.464768118606 1.88171704373
PIN
17.1466077415 -9.0486049928 -10.7913258473 -3.63061561102 -24.8751354522 -9.53536228044 -16.5072955387 13.7150836409 -4.50172185062 -7.85371064697 -2.34211395887 10.934515394 -12.314766867 16.6251947691 -3.19583825747 2.31215940817 -5.32374146963 -30.9233210035 -18.869876416 -12.5911528492 -2.99074035951 -14.9920510263 -3.27216001201 -11.5885604599 4.06743697692 -5.85700118586
POKE
16.1471673827 -0.998428199531 -17.3950463437 -19.5398965517 -30.2552356162 13.88085034 -6.43001014219 -17.8591878152 8.03042201001 12.7089582739 -9.05895184718 3.25518280025 -11.4784204264 16.1762957932 10.1140019955 -6.62621201407 -18.9235018261 -35.5971326476 1.06262235591 -0.921212251619 -27.9870161731 -5.99810594705 12.3729412632 8.2432177899 12.7365360355 -12.348986332
POOL
17.5634864797 18.4555655642 9.59937573796 -20.4029624021 -52.9617780284 -5.54858764682 -12.7384897231 -10.0613127787 -1.80689424509 -15.1348167715 -4.41431144214 18.411023854 6.77701139846 17.3804032993 15.9459949753 6.08765553259 -25.7499754042 -45.6975172558 -6.85502345287 -18.0119106358 5.4558654822 -6.16746366984 -9.27157097478 6.46364890457 6.58374576777 7.7381354871
PULL
17.5427531034 10.642879157 -9.30412450531 -29.930023639 -46.546657617 26.4281511132 -11.0743974759 -16.5683158094 -3.76570782484 -2.84155077451 3.03163390387 17.9362423241 -26.4569675347 18.8588149143 8.0128271549 -8.93083832722 -32.6532545405 -50.1218889998 29.7681145311 -16.0159022722 -7.73816658726 -4.52537117608 3.10591131584 7.61793041881 21.049980681 -28.0808415958
RICE
18.2058332598 2.7961493091 -21.2863115875 -0.667722021892 -28.732637358 -22.8245957388 -23.1237349722 19.2951548645 20.2374007112 0.966671267829 -9.72014925285 1.10876783705 -10.349905669 15.7349365666 2.06325950915 -4.66986050842 9.19857752179 -37.2736735461 -25.7622035992 -29.4152481845 1.7817037377 -3.76912997989 -4.70301569745 10.40381105 10.8962130905 -6.48850507416
RIP
19.0846747316 5.92069129572 -27.1777003311 2.4373913427 -40.3471025681 -14.4336288283 -17.8365702858 -0.726807198639 19.6614494832 0.469981079833 -5.91985449526 8.0779386263 -13.1995418133 18.1032509433 0.798486528576 -22.8390142375 -6.99909142309 -35.5274570039 -13.6291546915 -23.5154710815 0.576050762393 19.8739627549 2.97906789556 -18.1258415339 12.9218040279 -16.9643684785
SAIL
18.61819263 2.20182640934 -16.586038938 -0.581912093983 -33.6085150268 -18.0967531201 -21.5745415484 18.6319138375 7.08247997701 10.6891823539 -16.1553774953 13.2944552506 -6.02324439219 18.2383688828 2.05407619611 -16.892438707 -1.11449172816 -38.3488178653 -16.5249193135 -18.7610055469 14.9202288359 6.67275650324 4.88317728494 -11.3533999037 13.8923708888 -11.0359446965
SELL
18.7948867719 2.20220729789 -16.7094840459 -24.2397960668 -27.9945927604 1.38689425604 -30.3140215778 8.41797932408 5.51302841216 15.3944477862 -22.3347758831 4.61503586193 -3.27594767539 19.0795942008 -0.0104476204459 -19.9650120579 -24.5044395816 -30.3518954845 5.7497606766 -30.7409416655 10.7191928946 8.59320065251 16.7112301427 -25.2559650312 4.48337912379 -10.2627844902
SOUR
17.9198016942 -0.641703777872 -22.97199374 -22.5784322249 -17.5589501953 -2.63592620627 -10.8490712719 13.7911349691 9.49358548878 -4.07717096024 -32.0705888353 5.92430169264 4.37990559844 18.253542857 9.94297419008 -19.2709832283 -25.0196595221 -32.5771877451 5.08892669124 -1.33226365969 -6.13286072898 5.06940689996 8.32148909767 3.26237989604 -18.7700612129 -4.72051230806
SOUTH
18.8990023454 -1.14476805155 -12.7050078809 -26.3839703828 -34.8502544993 5.41891590634 -20.130470793 1.53098769612 17.619230447 10.1956978098 -23.4159325097 5.1815818123 -14.1119068697 16.1387280206 4.14371191719 -9.6121613937 -22.0877268305 -26.5818869542 7.8120920863 -28.1632486232 -12.1091128031 1.46809761424 7.84711871662 -16.7434223325 3.07432093998 -10.0438817537
TAPE
18.7363957978 -4.11074932224 -13.1968739348 5.50861087424 -39.621375812 -26.1286957426 -23.9917622928 13.3616022798 -8.15385379668 1.56124035319 2.74465789415 10.3024257357 -14.8221608516 17.1370056467 -1.29568609304 -3.31736075408 11.2925255661 -39.2264796276 -23.6929243796 -24.9235389072 3.49762575376 -13.6449426147 1.49919956835 6.39420545404 7.84708955685 -6.33849104748
TOOL
17.6470910571 14.6044320994 -13.7354622484 -14.585215398 -33.4192966644 -2.66299866793 -18.2277090902 -35.7072731498 -15.8191076511 13.7354431993 4.95222592642 11.9880640367 -6.66970131687 17.563800435 18.5763993478 0.29779571701 -23.8510554523 -47.8465195359 0.87220798564 -10.1516630936 -6.88961975998 -10.841747886 -12.6695328339 7.63852461194 16.923741819 9.00643390277
TOWN
18.7243110444 -1.8563464759 -23.2781752848 -20.7854839733 -16.5527375792 -12.3719098081 -21.2199160806 11.9529001438 -1.58267287675 -3.90978717723 -17.9733539435 4.50291128738 -8.96166844785 17.4809605584 3.68289692775 -15.9622185802 -32.5108813815 -17.9917383551 -3.92683270483 -15.2922427616 -8.16877772217 -12.5366191897 19.1407452161 -13.0058639823 -3.99669362009 -17.3365768225
TUBE
17.7221453007 1.6891381634 -6.23440356638 11.4002405683 -34.0258428113 -19.3888830198 -36.7660181183 -10.0195462652 -10.4667969312 -2.09038244634 -3.77364884261 13.143025425 0.107304241769 13.057622496 0.425110858596 6.12591134745 -1.21818545971 -7.32716087834 -1.58293993429 -17.9230913926 -16.5147689317 -0.377830994423 0.235671824966 -4.69595351657 -2.39297085565 -2.12782252933
VOICE
18.3733138564 10.6600557893 -6.31909171948 -19.4697344525 -50.8161636205 8.5896523979 -3.85852633853 -18.0620694158 -11.3779934628 11.4557259596 5.41851627286 15.7217866116 -17.1868174945 16.7229201124 -0.225983594324 -10.135435705 -5.15790214926 -30.0963696379 -10.820259335 -27.7308612081 -4.37578184352 5.81950834695 8.01380586616 -4.7856327637 -1.03983932126 -9.52923809086
VOID
17.8467464846 12.1606029388 -3.73815896812 -25.0965313337 -56.1993913472 14.5084341347 -8.11886529921 -15.3132939315 0.657970052146 -6.26946907488 6.14626943374 29.0100732914 -18.2782733156 17.504767984 4.29895941359 -14.3677742346 -5.11950423395 -37.9500791972 -10.631840375 -26.140370827 -0.993016012508 4.25055737729 15.840930812 -9.63221181183 10.8225719462 -11.643556318
WALK
18.1594562915 7.43039704949 -2.52369601348 -29.9550098469 -59.0803011348 16.0544642513 -11.148177312 9.85639817599 -4.23852697428 -8.10099958127 4.43498897901 4.79706814283 -3.24166951887 16.9330832555 4.25981910264 -12.8949993115 -30.5468533558 -30.2477269213 13.0864240076 -15.5645124795 -1.05365175017 -5.85940164923 5.85062226768 -0.752459177812 -5.98489296808 -10.3474465207
WALL
17.69472129 8.53963051156 -0.923341045307 -37.1155915322 -54.1458930654 19.2566121085 -12.4872385878 19.5449950334 -2.54405502058 -9.91757708023 2.67984979009 3.37936184554 -3.21645777115 18.407948785 9.2452219858 -5.15482119131 -42.1117746267 -50.9679610699 28.0185501153 -11.0546387516 16.5295262544 -8.61640148045 -6.66904653894 7.81847014442 2.11122111623 -7.62162489486
WET
19.0367527462 -0.576901565318 -23.6548222539 -14.9364108073 -30.1582672714 -3.75193264571 -25.0322399258 14.9178088947 7.87524289373 0.476537134506 -23.125624246 6.02909394909 -7.28136052805 17.5826849626 -3.51744495407 -19.2645331984 -13.5482254782 -29.8504901981 -10.3762839179 -30.0657419083 22.4074397846 3.8788909823 -2.55598246913 -20.7825201491 13.6661924441 -14.0857836351
WOOL
18.5333087658 9.97314277926 -4.49534060329 -20.9467637274 -55.0951827089 20.4256072901 -15.3202414191 -6.30741342196 5.83166346702 -4.22889785658 24.035278038 16.5034237454 -24.7863309803 18.5400216923 6.93472099514 -1.2004470845 -30.8442197273 -58.0758588883 23.347160954 -20.9204080119 -4.97343692557 2.41289451668 -9.55148543469 26.7473355003 13.1487919297 -23.4912813598
WRONG
18.4186755162 -0.603915567174 -15.4860889118 -35.3363805897 -30.3651616824 11.7367780639 -8.18929714743 -3.33689609126 -4.80425208861 3.02999610434 7.54852106654 -18.0497251626 -10.3603602851 16.2856463618 4.09012120665 -8.87355560939 -32.2875219791 -23.9872441058 -5.04859672781 -7.93758497033 -7.94917114559 -9.84464065526 3.28035306492 4.6300573424 -11.5618291781 -15.4914425185
