BEAN
18.1382364402 -4.36952474066 20.8084165792 -23.8269842539 -52.353321389 16.1663405528 -41.5545737357 -5.08279658104 -11.8154888698 -5.04656612727 10.6693328539 6.62620131469 -12.8322966641 16.9732581283 2.08031095572 14.3273133887 -27.4760117225 -47.5407783776 11.8395036728 -22.6886004969 -4.57991625171 -11.2969410576 -2.554246554 3.26791522487 1.15893868519 -10.4032406965
BITE
19.553245176 -7.55523376231 -21.6535270097 -17.3489648242 -25.4159174561 -4.71667322778 1.80383187666 7.59409416351 -10.6694382222 -16.4245529461 -5.56907739003 7.82993556649 -7.10173600643 17.2603829129 -8.51032254653 12.7389739512 -6.48475051205 -51.107811554 -10.3132891694 -15.3773739267 -17.0735278366 8.54090976599 1.59327866519 -0.879364904057 5.9669354617 -9.00860728427
BOAT
18.7426775442 3.02948988371 -22.5971459713 -23.179599937 -24.0364244687 -3.27013366595 -16.9797641062 12.4129082747 20.8939691052 -0.279812539147 -28.755827264 17.6279961986 -18.9091194311 16.6323789968 7.84077500415 -18.1199145573 -15.1328201843 -20.6799880642 -6.32792100759 -34.9457419415 6.28055463427 20.8803493759 2.37732080353 -19.586680681 14.1945225648 -8.36091898613
BOIL
16.7814431532 19.5874318834 -4.73851708947 -40.694368685 -24.7344303487 0.336525780271 -7.98042645899 -10.485554794 -18.0835966099 -1.89016811571 -1.24654975842 15.2076699947 -5.37601368501 18.0554516499 13.0057551237 -14.406246238 -16.4846056874 -21.9341230959 -16.630554054 -3.62970796903 16.4095732016 -3.61279573101 -6.55393046849 -2.80801392865 2.93501828604 -18.3549305529
BULL
15.9518112683 21.2919221548 1.84583386754 -34.6561796455 -22.444781015 11.8654997857 -21.6226694071 -15.3743391335 -9.05030248817 7.23159436446 -5.04667803515 12.4303461013 -21.7965798939 17.6885612225 16.333425594 -3.33358323423 -36.6902928664 -30.3041366084 7.17357424265 -16.0762435699 -7.4289476618 -20.2432049558 1.23315103674 5.39631554892 21.2823417492 -10.6425763697
CAB
17.631828209 -9.87749214748 -24.1755255048 -7.36781861349 -20.4624130382 7.57920439606 1.56996775125 -13.591667321 -14.6296755929 -3.8421341682 3.8681378331 -5.56523213517 -3.53193196473 17.5256903059 5.6417831487 -28.0746325177 -17.0109429083 -16.4403529112 -5.50630329331 -4.53070637743 -11.0762310552 -19.8080101836 -15.685761154 6.46499603451 -2.57926029363 -12.5613369045
CALM
19.3986250451 2.80720014694 -28.9828035309 -31.4582056865 2.49732929898 14.7548244083 -34.3534583917 12.1156895813 -11.4470654905 -9.90269078013 -9.75163083339 -9.45379525342 11.2830996904 17.4995222972 9.97626068134 -25.9031636363 -30.289327129 2.31785206319 3.31871435975 -34.6180785566 17.1484877559 -17.4530989348 -17.4084385367 -9.05789531719 -14.3815712017 11.3043763532
CAUGHT
16.5155312021 -8.102429558 -22.0299391572 -23.4997410704 -0.173280459662 21.8993475278 -18.5972668016 -4.02807146539 -7.60686049653 3.39406455278 -18.482483144 -4.50123527126 -10.1040691945 18.8857849796 2.64581741246 -33.9858445736 -43.8332884091 -12.6625881143 22.8268897028 -32.3108082724 -6.74808729705 -10.3662713891 -8.55299981448 -8.78601268932 -8.00507051622 -2.62513634299
COAL
17.2335510884 13.6347499583 -12.8863442203 -45.1817035847 -28.8629238458 8.58562346584 -9.37980898377 0.738283037391 -20.1209824734 5.15147931437 -10.3310943815 5.92558672251 -21.3322845579 15.801077726 14.4602222206 -1.65778696639 -38.391483715 -22.0479824664 10.4175760132 -10.3363690868 11.2567869477 -30.7339840757 4.74535291686 -9.43166995795 -0.851595352921 -7.30543903633
CODE
17.940754385 10.7833587947 -19.5292936544 -35.9615489323 -24.3992590803 -7.09199860646 -27.6091744626 -2.575935968 2.48216744722 -9.90624810096 -32.5571602015 11.5003005801 -21.4306639602 16.56536025 15.8126900197 -7.4584902165 -30.7743365405 -20.8067384662 -6.04455706942 -30.9544788435 -10.1753135995 1.89647924357 -3.91167495666 -13.5570929974 -0.814624577162 -19.7997963642
COIN
18.2434738724 11.3371803817 -16.3500461406 -36.4820862666 -22.1698127425 8.11188974629 -16.2161441085 5.66061049429 -19.0391124659 3.77285501847 -10.1434542558 -9.03073336192 -1.52052000859 17.795187064 -4.32651727246 -2.19592354074 -13.8238347715 -47.5344187534 5.20700098337 -5.70783279296 5.77526831664 -16.3308352828 2.97639423917 -11.2670415044 -9.72936773449 -7.65079003834
CON
19.4194129851 -0.216335906723 -29.631734438 -19.7365565233 5.97352286716 4.25651655399 -27.0086868714 21.0302555136 -10.2360685252 -11.6243392101 -7.43540282582 0.252736383398 8.74765103158 17.561278261 -1.59492923895 -27.4059967975 -21.7890661966 -4.8041458775 -8.51042156778 -30.8645887224 28.1640193963 -23.9550799156 -24.1012726411 -4.36244686759 -4.38880190589 8.22061889482
COOL
17.3822533858 16.6073827713 -0.539140685612 -46.347996349 -27.2026436613 -11.4233224124 -12.8789225438 -10.8116195423 -30.819969914 7.89514354165 -4.75013194578 19.6413151054 -31.5545615148 18.0540808645 18.6816703658 -2.32083428181 -42.4251840511 -20.0120067492 -4.8299806659 -4.14139349755 -5.33608888461 -20.7307998492 12.9070280934 1.80675475474 19.5238890118 -26.6838385194
COT
17.4305675758 -20.4762415361 -21.8337974072 -4.17742827671 3.09574718273 -3.71251665667 -1.28027489276 -2.07229568847 -4.94950566514 -12.6198862512 -0.657796009598 -5.80829297348 -15.1721745952 19.170908443 -7.71766548561 -37.0739905563 -11.344742724 -0.953202550195 2.55866162368 -20.183331505 -6.77901599041 -7.10906940232 -14.3452027991 11.9932618207 -0.2239349205 -13.22162687
COUGH
17.456202014 -7.24083901718 -23.7780432163 -26.3492930566 3.94502202941 20.770900471 -21.9438060317 -4.28313315499 -1.91008802259 5.40588361599 -18.8648095942 0.90651083945 -1.45556018104 16.9673041566 2.33805384535 -21.5387814746 -35.9130975901 -8.02043860632 25.2225006242 -27.7409111825 -8.7540535478 -11.1087944416 -13.6021907846 -12.3603885502 -2.83158200748 -8.65238194996
DEATH
17.9304697764 -2.04380452829 -21.0797114624 -9.07752563425 -27.2422572817 -1.99699000441 10.0186487105 -7.81745196535 -23.715200434 -10.7356582384 6.37316548657 -7.73931505623 -4.8470701849 12.4109391901 -20.7991064608 -10.4270975291 -6.40766219317 -11.4210618259 -5.33918659436 -0.0239672564617 4.48197589454 -10.5220822394 -10.3288212023 6.20194877355 -6.61810207866 -6.27387844015
DIG
18.4125504655 -6.15272791365 0.589030541765 -13.052120412 -47.3756159283 -16.6878215511 -6.97844988273 -7.05841715564 1.83888962827 3.98229448843 1.15158288756 -7.10897691588 -0.944147040537 16.435359891 4.44757424548 6.78102607054 -11.62716296 -43.2010136978 -15.117797107 -6.10576238616 -15.186921845 9.3730731464 -9.60627900154 -2.14438739567 -6.50463671795 -8.3737752407
DIME
18.9243784936 -0.883801561596 -30.1307692489 -18.274942227 -5.85376078564 -7.1144388928 -18.4425548285 15.2390328543 -15.7977459785 -21.9447314707 2.1967238094 -4.4925429153 -1.09352438531 17.508041144 -8.34353274824 -12.9582931946 -14.1945994805 -37.967033015 -5.93407132656 -2.89762087264 2.56290212799 -18.0651796665 -8.80872636773 -5.97805061648 -6.88908645525 -1.21517691416
DOCK
19.39072533 -5.46639280495 -34.2904983266 -13.024381307 -5.01803221177 -3.33682779108 -6.87916196633 -6.20988745883 -10.0926685658 -18.0354386249 10.7011532257 6.43610076907 -15.9983812055 16.1309391583 -10.8625037726 -29.1660970283 -6.254269807 8.58348207967 -6.39472670402 -13.990374187 -6.26799198209 -4.04353011805 -25.9242932956 10.9935132042 0.549204285255 -23.2023978235
DOLL
19.3963052827 -5.04349085937 -33.8609416175 -18.6673812388 -3.87738767349 2.79963378498 -17.1919939072 1.43371624461 -15.5198753825 -16.1752193528 9.41569051187 3.04191447467 -12.2758706955 17.8092851132 -3.23206159729 -31.1868352324 -23.0514658182 2.82890852378 13.4195511045 -34.8354412869 -0.901497447175 -11.2132259758 -12.6029857759 1.61429632502 1.28380036413 -5.35585180752
DOUBT
18.911426665 3.30788224618 -38.1857259669 -6.53997561076 -22.1768838885 1.00939918718 -1.92617917228 -10.6678851107 -25.8844056315 -3.15416582847 1.97274366204 -0.414908417831 -10.0885613634 17.0896986174 14.1195205978 -30.5278363313 -31.0525578191 -15.5753468798 14.8571335835 -28.1922835304 -2.40167915222 -10.0753136683 -7.54538079393 -15.4641096042 -1.33711460578 -4.00239972049
DULL
18.8270993504 2.62019556195 -23.8495767097 -26.9288368064 -11.0108601074 6.1465445508 -15.2474824609 10.7608511517 -5.57457952453 -25.2233213182 1.68509830855 13.6027912434 -11.0361009552 18.5642726824 6.82871918932 -26.8141006738 -36.210783195 -1.99886857088 14.6244972481 -23.5604985304 -3.40926752988 -1.24192670448 -16.5116881559 -7.03404629854 3.48639110891 -0.99065420209
FADE
17.9533419091 0.436949587351 0.093537940661 -12.5421305388 -51.2744807716 3.39013354351 -11.9606366841 2.30728400726 5.15187680514 0.154627065569 -8.8168580835 0.466413763797 -4.91687703851 17.2537414899 -1.53133292238 5.68264095824 -10.8608723322 -53.9663439947 -2.21392993536 -17.828674827 -7.92842466085 3.99088132588 -6.86680218325 -1.32470105467 5.10068941449 -5.14821908336
FAIL
18.0495776457 -2.81200251028 -7.37158243576 -13.1741595516 -47.7168514297 -0.129085528917 7.6395739724 0.857085933504 -3.05106292041 -2.62804920749 -12.937993657 -4.71311703986 -0.942904640114 18.2346470217 -2.38832104912 -15.255189145 -15.8570773917 -37.5906436239 4.14118009433 6.35244254225 -1.86542708863 -13.2115831834 -10.966828683 -6.41462939833 -0.458615126928 1.29199919438
FEED
17.9405548105 -6.53619356121 24.1540795985 -7.17304743994 -47.5281413189 -3.84560891152 -34.799518982 -14.5884259361 5.23688681299 -7.14254673224 -0.434645646536 6.09983947238 -13.6531434115 17.3422039434 -2.01460996249 22.3693649881 -5.23427615236 -46.652310259 -2.27765457633 -33.2842276464 -14.306912342 1.47858839616 -6.3428226524 6.2644008865 8.56391787346 -5.26183057423
FELL
18.988008746 -0.149465500225 -25.1647082998 -13.7590930696 -22.9114352374 -0.730697735867 9.1463475528 -4.48854492484 -18.3368803872 -14.4977128525 7.3379659729 -1.18474651047 -4.81352224016 19.2975255803 -6.0219346517 -33.2965497544 -20.3689353149 -7.87926914074 2.66444836491 -10.1291626431 -4.54161355699 -20.4522571443 -22.7797331802 15.5027848072 4.71179082919 -14.0811664744
FIRE
18.4713896349 6.78538826855 -33.6826720274 -16.4308781513 -7.16378198716 6.74961122297 -15.6585743182 -6.41328835779 -19.1376094466 -10.0473973144 -6.32183981147 8.67877960202 -18.9645561916 17.4583900912 0.942038633629 -20.1296323143 -3.44698963924 -46.4812752808 -17.7238739656 3.92932363386 -1.17830673926 -25.5037629384 -0.44660262707 -17.1226842242 -5.10707520763 -4.70450322663
FOOL
16.463764672 7.90663457361 -2.20417280453 -31.1759474071 -22.5697505461 -0.398566514937 -10.5546310626 -8.7062130595 -12.0795589899 9.37850188875 10.2568969458 21.0989954578 -11.9859345859 17.7971576287 9.50762471639 1.33387748926 -44.9944694487 -25.3151493074 7.45628487819 -12.294246058 -5.15286425535 -11.6076222636 4.45584519199 -2.41562179901 23.9542193689 -13.0822666535
FOUL
18.4597298504 4.35137144763 -38.3474138437 -14.9236552236 -14.6025574785 0.333993893101 -17.7483743284 -8.04826639078 -25.0679910661 -13.8582928245 -3.42968268944 3.23264884094 -17.1865244653 17.6150841437 9.99393471141 -22.0863463908 -40.9349400151 -13.379255356 16.910667504 -20.9158733341 2.52385647631 -15.3316489807 0.23995427702 -9.10622089164 -5.65449338592 -5.80826281741
FULL
16.3576554919 8.48166128825 0.268590493233 -28.9497201145 -19.4553474865 -1.44035285053 -13.9673472095 -8.36263054495 -13.6913144815 -2.90795197147 3.55796513779 8.67408684621 -16.6566900605 18.2444793318 11.0726075487 1.45359958448 -42.9511761612 -21.3454430864 5.13897074378 -12.7475337405 -4.59131561857 -20.1294313282 -3.11438117371 0.629792655743 22.0571148977 -6.00515530253
GAP
19.0625153104 0.856589143496 -33.4391138241 -12.3858494568 -24.495571637 0.244839319888 5.00907409098 -12.7840666691 -27.3883192935 1.46222637757 -3.68602016036 -0.0766640384867 -8.16922103975 16.7669515264 -1.10291416503 -34.4403998596 -6.03375116453 -18.3381515275 2.23971419502 3.69262704051 -6.90023668877 -22.0305472054 -10.1855613968 1.57389885327 8.35409057095 -14.6939628586
GUIDE
18.4910181848 0.82739061695 -32.2722616911 -15.7181836609 -6.57731970776 2.29846843653 -12.8334918025 -9.82111072993 -10.1074109293 -15.4982927654 6.67482955223 2.85084644655 -20.1484736789 16.2331065189 1.18026295175 1.68960055917 -15.2610472314 -36.4731986165 -6.97106529328 -6.15535477304 -11.7982452599 -5.9985890719 -3.26664518921 -6.09751555499 -4.30236399412 -3.0112163563
HEAD
18.2170331484 4.00467985278 -16.2219540833 -19.7116911422 -35.1269470744 13.3429889757 6.02859628204 -19.5473654512 -20.0633482924 -9.98797052587 -2.97502556966 0.794344902857 5.88625057643 18.803059323 -0.419569399232 -14.3040752267 -15.492767127 -39.214742622 1.93691965605 13.6517966999 -0.803025069598 -14.4944467996 -12.9261068083 -1.06119305261 -9.62663686698 11.1843957371
HEAL
16.9029305805 -7.28086735591 21.1906774074 -2.28036024817 -51.4158690414 -1.31974226973 -39.7078080928 -13.254723826 -6.61289933367 -9.38285617015 -0.293937494871 6.01532215452 -12.071703667 17.9420068494 -2.93100191789 11.834039503 -3.96525454352 -51.1076011397 -3.05962494159 -20.445783236 -4.97490506951 -0.553963504345 2.42915191951 5.48648618444 19.7506509692 -6.62813171726
HILL
17.2384823685 -1.11449942749 -6.31379322918 -7.33367690405 -54.1841918607 -11.4881389485 4.07430007678 0.287873275851 -15.6450530804 -0.954097525639 -16.812651681 -9.39458634396 -8.75114034105 18.3944392855 4.37170947184 -18.4865425675 -7.31266797861 -35.1788899788 -7.87953587355 8.83870196194 19.6940934944 -13.9782658656 -7.53319343448 -3.33142302583 5.91816624776 -21.2245538642
HOME
18.2036550287 15.0889221436 -26.7139786458 -31.5226167314 -9.77949067076 -10.2066083209 -15.713084016 2.68544136275 -19.4590601297 0.0304210172142 -16.8183687568 -11.8545533694 3.20410354349 16.7143170528 19.1005980167 -20.9568683195 -27.6259115825 -11.8370621798 -17.9062632694 -7.88876886518 0.115950274988 -7.70877659261 2.04988424621 -13.3813600724 -14.8131508378 -3.02371399853
KEEP
18.7193931789 -11.8422539481 26.9123027197 -9.31335246188 -37.7192738513 -0.896111624642 -36.1270199263 -7.31387930902 -1.31399325477 -8.36104414756 1.82656038546 -1.17612849015 -13.2818268403 17.6134656467 -8.74682368928 19.0059168586 -7.32691486531 -46.3743350387 -9.7131117052 -30.1673971786 -15.2832305201 3.40070351868 -3.4610012186 7.60793272681 8.04314263669 -9.49120587175
LIT
18.2863094441 4.29419054489 -1.62697781631 -16.0699954543 -35.1631176487 -20.0845618586 12.6567325558 2.42277006529 -23.702094218 -10.0917308301 0.405549578305 -15.5552109427 -5.18902606876 17.3591006997 -3.44281686827 -8.97437685038 -12.4989277723 -40.0762693689 -30.6006881134 4.43989848399 2.52937019798 -11.9804816369 -0.891619858534 7.17162244318 -21.8243371307 2.34901488769
LOUD
19.5610930588 -7.67886621237 -32.0260886949 -10.5143166739 -3.73952387897 3.49604884214 -13.1955476689 -6.4418615925 -21.1509015871 -3.97659569462 12.4989852531 -7.30867081046 -10.5839440956 17.2245864652 -2.20860134713 -26.2697594138 -31.1052940051 -8.62629968758 13.0548030578 -26.8965617726 1.52737865792 -2.12059396778 -14.2077411425 -5.16516167463 8.03023672261 -2.27610126592
LOVE
18.887336807 3.21828943016 -27.5576487284 -35.7661557086 -2.69447231444 7.80082556341 -26.6709166933 12.4707842347 -6.66187036925 -22.3884052912 -2.23462269283 7.64564903028 0.628017612888 16.4116842808 10.2664524085 -17.083927825 -30.5418400224 -13.5694395887 -2.5665857294 -20.7300313146 5.67014318863 1.58538427199 -20.7848625784 -10.0059360642 7.37087887727 -12.2332267929
LUCK
19.3169347127 5.30366247457 -25.6223593344 -26.7129270166 -1.2609412249 10.5885185583 -16.7081781586 3.58198506094 -5.33122716027 -14.7534498457 -6.32739430953 12.541062675 -5.56721141247 17.1175008684 1.48000007507 -22.6341844542 -22.2824179373 -6.06186943402 1.1997360496 -24.7466174058 -8.66401584885 -17.1177724261 -25.7827414141 -11.1612965244 6.84893858766 -16.9369627484
LULL
19.1659976681 1.62383553287 -31.0981501691 -35.2470271101 -15.8357200898 19.3704711809 -30.5922304182 2.52789658047 -1.75585422663 -8.16729150493 -22.3279684895 12.0321351154 -10.355527656 17.4528040684 9.46337434237 -23.7630013379 -36.7190832788 -10.6384596439 10.8583281155 -23.8413402089 -4.18169337692 -7.29001797898 -11.3064270549 -20.6694826067 6.57756057385 -8.24764018029
LUNG
19.2691100717 4.96342329195 -30.4912702497 -38.3549090733 -4.11984153227 14.6978056531 -36.4642447879 9.29908031387 -17.8816502197 -0.0507563587126 -16.9359883964 -9.16333061615 5.79100567518 17.6916709954 11.000181231 -25.6496458209 -31.50829941 -4.41506683367 2.53289372718 -38.8352510507 23.5486864189 -21.4235454448 5.26144725927 -22.1251446474 -14.9203045527 14.1200025326
MAIN
17.9032952684 1.61546761805 9.46802471228 -24.2267885486 -54.349829293 11.7993904462 -11.3556697253 -5.52617595531 -0.10125713919 -4.06666280976 -9.10659177751 5.52644102033 -12.925308323 16.7940832802 1.76737450602 18.4505399189 -31.2047138463 -53.3914988498 17.9011353406 -17.1658386643 -10.4692461349 -10.8387657779 -12.231187613 2.91852921111 3.37554422167 -15.7012228627
MATH
18.6281778388 0.950326566833 -25.8330532743 -12.5406776287 -19.2601281496 3.91180042035 -1.09463390987 -10.6782301441 -28.6693138392 -0.0624079989124 1.88460627394 -15.2742864802 -4.9443942759 16.4334918083 4.64774462397 -13.2452045525 -5.23020638084 -10.212301007 -2.14115033002 -9.70470886249 -2.91631338958 -21.9414770823 -13.7827005428 0.401829109406 -9.04870527481 -7.02855741493
MEAL
16.7946323234 1.91255831927 4.09480095573 -10.3432169556 -32.8239717549 -1.44676058317 -26.397097015 -27.0209704385 -5.65492488167 4.05729448563 2.63106759218 14.4890681847 -22.0879328706 18.1896203703 -3.84135100739 12.40200252 -19.3753227816 -46.6943681454 8.62436871304 -25.1512118755 -5.9926599095 -6.35907877172 0.0918001644582 6.84350906432 8.50197952047 -15.2974744785
MILE
18.9263454193 1.19781164366 -30.916822196 -15.462722527 -1.14165095286 11.132417987 -28.944266885 7.04176452611 -11.6600194982 -13.1238868754 -5.734396405 0.935666567829 -3.69800559169 17.9848945827 1.15162439976 -22.5622953244 -5.18265643698 -25.8443778321 -0.994819435026 -0.129869208834 5.7958714778 -30.2633412658 -10.1516443187 0.838300467002 -7.74413897331 -7.41474922552
MILL
15.0819241597 11.9317628245 -0.943940225766 -4.19110204953 -20.944980266 -17.106028226 -9.65254762231 -28.993339714 -13.0888208998 -8.1049261804 13.6211792579 6.4602688193 -35.6471474124 17.9234155568 6.68985023731 -7.32342769348 -25.9816768766 -31.1941158545 -10.4737268022 -1.35475318799 10.475838689 -17.0585048547 -7.42048837141 0.111790262804 -15.1117429614 1.3499162527
MOB
18.8609366581 2.43924566839 -29.7879025714 -20.7369775451 -3.72741811893 13.9180464269 -27.5280389577 12.2612089185 -7.33429726945 -16.4493354812 1.07050449983 -2.37019349177 9.14243824818 17.6129148829 4.31912917689 -26.2058783227 -21.7688085979 -8.02242076366 8.18654649639 -29.1225720639 9.24789629451 -9.30255780814 -21.101065733 -1.68459944672 3.06275548512 -7.96600230514
PAL
17.5376420076 -12.8483881455 -24.0325663655 -5.42948154845 -12.5538810756 11.8332499682 6.65129737135 -10.69450943 -15.9984040118 -0.400121853517 10.025996937 -4.31577199321 -6.56205096894 18.7236152062 3.06034316265 -35.4031078262 -12.2305859122 2.30064049582 9.17943900341 -17.5937093198 -9.8484770087 -14.2725153567 -6.63925627861 8.49768758959 -2.423262475 -17.287519742
PEN
17.1222591102 -11.2542733462 -19.7508873421 -4.11641127576 -29.4404786931 5.59353624748 6.2523994646 0.112538123889 -20.657312641 -3.370976985 -2.21395464369 -4.84809801605 2.8206659719 18.3451940802 5.73962740563 -24.3951202239 -9.16217581071 -30.9364119814 -4.43916855617 6.20144296634 -0.31830773775 -32.2029310832 0.538175367146 -1.27100072891 -15.6486103321 12.436373324
PIN
16.5884054926 -15.5808749409 0.08242829956 -6.80430591518 -36.2989068214 9.9250625758 3.22138522845 -2.31692710045 -12.5609133664 5.87808740971 -9.58285664885 -2.74509830247 -8.53681970918 18.9533857739 -9.72396861991 -6.98963188369 -18.5449303616 -48.742176857 -4.22866496249 0.802271092474 7.09222846224 -21.9054038827 5.31205844985 -10.3865506734 -13.4258342031 7.39618404374
POKE
17.2825628001 -0.966206423202 -16.3673186182 -18.3073577558 -10.9435386846 -4.81982474793 -8.3779691803 8.37258462016 0.182744090097 -8.59080636041 -19.6040720872 12.463130564 -15.2940024179 15.9682974676 9.16230903227 -5.81557779385 -31.3418271294 -16.6792256101 -1.1240995993 -21.8511244478 -10.1240590033 -2.10820944352 10.1381311051 -21.1252927946 -0.941399390256 -19.3004958109
POOL
17.0494277992 15.9871743305 1.08666587059 -45.6352982085 -30.9967970622 2.52535490367 -15.9309255432 -13.0862212738 -26.5318813149 6.50953685877 -15.9759998065 14.5321216949 -32.9495665467 17.5159280475 16.6395388697 -1.70868811209 -41.0989527065 -23.5546866281 1.07167207149 -11.0550604331 -7.69903773658 -26.3307924984 9.32283992643 -9.46661521263 15.3288818598 -22.2753826554
PULL
16.9130958028 18.3753883681 -1.86212628743 -42.4313557247 -23.0419855547 -1.04752779511 -4.9541616307 -7.8603834665 -19.1885241863 10.2318452143 -3.55457455732 19.6208705149 -23.4565117799 18.2501535764 16.202180005 -7.42590943151 -39.5147003433 -23.3332586175 0.628758472002 -3.09718248319 -4.15321866907 -18.51052018 7.3184720778 0.588182302776 27.7857846662 -14.8817516826
RICE
18.60428892 0.194860501255 -14.5113332594 -11.4476154233 -37.9303586917 -6.17381379358 4.12277358707 -0.337487433981 -15.2294012082 -1.08373335568 -10.6252963787 3.40275372798 -6.59416447977 15.660788662 -5.22391059995 19.0720832441 -1.61360714277 -43.863544945 -9.90339483748 -17.3108899585 -22.2195751578 -1.80197171177 -2.99732065026 -4.78140011743 -0.843758191597 -13.6122937847
RIP
19.0532142557 1.49297314541 -15.4652392131 -6.99355437601 -40.3533049327 -16.9687003605 8.78886956947 7.13804728843 -16.6898133204 8.17909104379 -13.1666357208 -4.45173419051 -6.55800845971 18.5682501741 -4.76443768721 -16.7447093659 -9.25882521704 -39.8223703376 -6.04709487685 11.4037791369 14.0601933151 -15.7295147736 -9.37136509276 -6.70697375064 -8.39665059751 -1.5573769947
SAIL
19.1765927878 -5.70491386339 -13.541042802 -12.5661930292 -47.5857549507 -1.73310143436 9.60874724103 -5.73905260572 -3.67581443487 -5.76684939096 -7.58899823418 -8.22243490588 2.93944002729 17.9592007502 -7.19821678898 -26.7969491756 -12.9329368036 -26.4073248698 -2.50578737885 6.22119674156 -4.67776710769 -17.2932558518 -19.2123188427 -3.5332164613 8.21991269553 -6.24152378556
SELL
18.8650326979 5.28268410041 -33.3444826006 -6.87934838555 -23.5889174974 -3.06306213567 11.3101986004 7.2360098644 -26.7075832191 -10.5563274449 6.61097709103 7.1353168734 -9.68706841396 19.0623692755 -0.807826788409 -35.5867755816 -12.3810185105 -18.3749488009 9.63098899803 -4.0159631639 1.72473374447 -17.4532843935 -21.2670719055 7.81726480967 20.6288082925 -21.3539687013
SOUR
19.0963888679 7.76157880791 -37.4722700425 -11.2477088342 -4.36822685349 -2.63488599054 3.27774041831 -7.55581938458 -23.063806655 -3.3800833781 4.15965759103 9.26147042381 -12.9030039726 17.6092342153 15.984821374 -34.7003094956 -26.5690261966 -15.630524099 5.01496319511 -11.2527733851 -8.13861921054 -5.64860568825 -4.28259331233 -21.1301085271 18.060252506 -12.7641729492
SOUTH
19.510719886 -2.46437235452 -38.4144372646 -8.84556774877 -6.82754666323 3.75773049525 -7.06868132742 -12.5305326368 -13.6146742515 -9.04364294109 12.997685683 -6.68445967795 -11.7558322586 17.1971040273 2.97158184016 -28.4116332047 -31.0241529298 -2.32611657304 10.4857152745 -27.786788218 -11.0623623826 -9.66952347321 -13.7242061586 -10.6526133729 2.34299710496 -10.9088679074
TAPE
17.7519231361 -15.1191680383 7.06197506996 -0.425276121248 -38.032768883 -2.99467292563 -8.03932157956 -14.60116919 2.65663971268 -11.2553268684 -3.07364064134 1.18032828833 -8.22191080392 17.1030101418 -5.38410127958 8.8086265549 -5.14724753398 -48.0253661494 -13.3740811356 -20.133271719 -15.0094258036 5.94468485892 -1.46364349185 4.78295367711 11.6916216074 -8.1224485569
TOOL
17.1263452752 -24.7859815601 -7.11905419018 -7.5980900019 12.0365860149 -5.2002786934 -16.2940066884 12.9217937541 -9.66553130276 21.3716135699 -19.0721407244 9.36583551153 -4.90433228399 15.4405961719 -24.1867497146 -15.3860454079 -12.0390854164 0.272949971906 -10.355435452 -13.9575359524 4.4628241736 -10.7387150274 11.0196369596 -26.677405079 -3.12579688088 -5.82771556052
TOWN
18.2925297913 -7.11295359029 -26.0028748259 -7.01349791339 -22.2321974618 0.981994157857 -2.75618983383 -6.71752077498 -17.3930804262 -11.4470529574 -2.39399079853 -12.5440334167 5.4090253686 17.4464302448 6.94454013187 -31.8777754608 -26.0557440414 -5.08163166697 0.147503281442 -26.7192452431 11.1932887532 -17.2823267139 -10.2599647452 -7.5782534691 -16.4597900567 12.6755113257
TUBE
17.4369653922 -5.933658336 1.84659181608 0.840734350447 -35.6814882112 -35.2324314002 -15.0195661309 0.624926406224 -11.0810964149 7.12841900959 11.116023568 -0.102777989412 -21.992246206 16.1320330444 2.29391331279 1.36638906903 0.523701486231 -26.2442825333 -34.6385930922 -13.0301123667 0.73645887206 -11.5527401304 -8.86544728178 7.8388070711 0.672191485377 -20.8901508065
VOICE
17.8674511821 5.72643821893 -5.46967010341 -38.8509090058 -25.2501324096 5.70787672731 -19.4697123956 -0.306419546904 -8.30772186069 2.42063969983 -5.19770512397 13.1993005031 -13.8291734682 17.2907273923 -4.78485617594 6.13429585373 -7.09782372839 -45.928576816 -14.6203528593 -5.44751958296 -13.88384902 0.123913328595 -4.01906926599 -4.01962681762 0.403605882254 -16.4763115408
VOID
17.9308371217 13.2682202719 -5.68672671124 -40.0059620595 -32.3097136582 10.2197711667 -16.852780599 -2.81567817994 -18.0393919362 12.474147228 -9.66680960929 22.7041998471 -21.0030287301 17.0112625939 -4.04987980244 -3.23594403437 -13.5358518774 -42.1346341852 -16.0631031083 -3.35309854702 -4.33174393839 0.617055538993 -0.814888150185 -13.1870375483 5.64496775518 -14.6130267445
WALK
18.9592679409 6.76202690886 -17.0054919671 -51.6010337527 -15.5816773631 25.4684414353 -20.1070780595 -15.1031344367 -8.58621123575 -3.30447543562 5.97653841399 -9.21789175213 -0.21655991649 16.1732277553 -0.135569516924 -14.7004109002 -32.0516915561 4.20567536253 18.2699368639 -30.2982664982 -11.4585253212 -9.0648864427 -3.48242672004 -9.00834044644 -13.9558903725 -3.82920533144
WALL
19.0436122201 1.40766732359 -22.6233223199 -43.915755903 -14.1342162451 40.0549006358 -24.7366512854 -6.11971951172 -11.9768006635 -1.37288465403 3.65469453401 -9.83620391423 -2.7448417913 16.7095898138 4.24666794909 -21.8891701605 -43.3430090845 -9.58150084839 27.3365184277 -30.5434485389 -4.97216426948 -14.0031322211 -0.339531076934 -3.73188466996 -10.1577762881 1.84027825837
WET
20.156899363 -12.245642173 -27.618766752 -9.86509016729 -34.2629787044 3.46473258815 10.3693454811 -4.48248479174 -21.9885011086 -7.56196663208 7.98341048168 2.21197177585 0.433842910795 17.1131484529 -7.34323868599 -17.4953528307 -14.3613957081 -35.1569411668 0.263426266651 9.31955546952 -4.30721555853 -20.7537196538 -7.36720305385 0.377517131172 -9.39041631778 11.2586512846
WOOL
14.4153680799 21.8135071235 8.10557588746 -21.6645201098 -22.3857372386 -12.392799681 -10.6550945428 -3.45116346369 -18.4639258669 -1.37887056073 -11.1091273881 3.04442145661 -7.5022830713 16.2576872396 23.1853021218 1.92105784766 -35.3861162913 -26.9193193014 -10.3678592151 -13.1165762769 -8.01574833704 -27.5987871368 -6.27077203878 -7.62866280464 19.1568246894 -3.40566916549
WRONG
18.569264436 16.2149982678 -34.1929214082 -33.244692385 -5.61562479071 23.7608818605 -22.6481040977 7.28125857937 -17.1074058718 3.43014483429 -15.0715644758 -6.67532641713 11.0596741058 16.9792128174 9.94666665075 -22.1072760371 -29.5599444496 -8.6526846651 12.5372015685 -24.4588561287 6.15106107255 -15.1512774702 2.95469510382 -12.7734817055 -19.451423538 8.82834472379
