BEAN
18.8794280723 -14.0449869807 19.2481863773 21.5000042891 -48.1145018669 -4.67849288958 -30.5033556978 -15.6323424599 -21.0322705147 0.93521937666 -7.47946982749 -6.59078957129 0.808899494787 18.6369255448 -11.1801324134 18.2187021913 16.8503883503 -53.2457703419 14.3247708211 -27.996854085 -19.9853505669 -13.2977153539 -5.35719335927 -0.51567496899 -11.9285769549 1.43042434463
BITE
19.003826093 -5.89310857503 -14.0433041493 -0.257440251786 -35.2225562821 7.39106350879 -23.5884373352 19.2309103806 2.57124205106 -3.98525602435 -21.1807380066 -4.46461629045 -2.53573603731 17.2137178508 -8.25658005818 5.6800715937 20.6362350018 -39.8507326006 -18.922930576 -22.9551072232 -9.44756227785 -18.6102145452 3.02965817574 5.95663537217 -1.14647170722 3.30768417449
BOAT
18.2596388835 4.16353933753 -8.7809782944 -4.17783336026 -43.9148735751 6.03611914998 -41.318001861 -3.76892685321 -5.94103673628 30.2122750077 0.907452066233 -16.7266017662 -5.17315225015 14.8283879003 5.53871837684 4.06441087056 -2.37447245757 -27.2144557391 8.39795711027 -24.7405572256 -20.5288412445 -20.685565099 10.6095308969 11.8169412937 0.77166926384 -0.664137748188
BOIL
17.7905378717 10.0684245675 3.25417796041 -16.9982126306 -58.2005649984 17.5907884143 -23.6965570698 0.200256372017 -16.3473897011 5.71384916814 10.856155214 8.9271292838 8.45206843208 17.5164909884 1.13066621901 -13.8996132593 10.1928614936 -38.8656650681 -8.04773360467 -35.7151106256 0.0835883345674 -1.6943766985 15.0557065444 7.05924010668 -13.6125549593 0.469535645019
BULL
19.2005880891 0.68860346007 -0.230228924961 -29.0041378655 -40.3700201562 25.4661144465 -29.9170718291 -4.01084214307 -12.20070563 24.6618624944 9.00903286615 7.22794116226 -19.8862781923 19.2899861647 -2.60391539867 0.295695852147 -31.961227425 -45.4360209235 31.5672920348 -32.7924308433 -3.10279265441 -15.6021592867 21.5097628002 6.13515875392 7.90929467311 -23.7175913074
CAB
18.7691610326 -16.3685614261 -3.68157357156 10.6529849458 -30.5326632554 -13.2472326449 -3.15055100181 3.38182127256 4.51341843592 -6.79498376078 8.73905843928 -8.61246019863 -11.250093918 18.6900092239 -8.80859073782 -13.1753874825 -1.71970429867 -24.740837755 -20.2879132914 -15.4053557749 11.785037719 10.2951173611 -7.55331625023 -10.2929864252 -11.0126104593 -8.05605309808
CALM
18.0169551061 -21.4566895218 -18.7677891162 -18.9802420317 4.03368856766 8.6838464963 -29.7268038455 11.1433356461 3.26860083992 0.536576779639 -5.85187725711 -6.99547099779 -1.38781667885 18.4623044265 7.4445474985 -14.0106199541 -26.3715053696 -31.2406633236 31.5835702298 0.685038488096 -1.06788446254 -33.3781140586 -1.30843404008 -1.03497059161 -18.4393429114 17.5315301153
CAUGHT
17.3491075935 -18.1180290319 -15.8354192626 -21.5413940785 -3.53650901729 9.0980048906 -21.2446147016 1.7434343131 0.64417795054 12.7039820771 -11.2559733951 -5.4974742984 -5.59435490594 18.5585014308 0.118962040814 -13.1196600613 -23.1787478272 -31.1523708637 21.1752283303 -16.9571805146 -1.72682686758 -11.3617054432 17.6703782147 -9.86504076345 -14.8717393753 -11.4887174077
COAL
17.3544025844 2.62653460588 0.0257088759843 -32.603101685 -36.4362008687 11.7855065769 -24.5791524553 14.979428061 -22.5371313854 16.3059028347 -3.10421957189 -0.595491427888 -4.71940258522 15.7985256818 7.58278562142 9.81843237847 -21.1053801873 -39.1451960817 2.60643821387 -22.1972866161 4.96036219729 -16.5733481984 3.30777944023 -8.52397929567 3.49594572626 -2.34444001155
CODE
17.2804942147 -1.98063475752 -14.2185021579 -9.96953960503 -20.21771398 -1.36271966409 -31.9412830232 -3.53632321759 1.66835971818 11.8823737201 -1.51484823907 -2.79578635745 -14.1469933301 17.1268417888 11.4389688109 -2.65563241893 -7.46201513721 -36.2801616152 -0.0871730040583 -30.4073497082 -17.3666257858 -14.04523511 14.2792922177 14.0786898693 -5.77205961043 -9.51347972582
COIN
18.3239632819 8.79072273041 -13.1500859758 -11.7012889803 -45.2195345487 6.53465305711 15.9855754749 -12.9124475381 -32.5345333757 -2.03004947419 -14.2957152365 -4.28461591026 20.436765746 17.750306465 7.14625146047 -15.5580665753 -1.93904596795 -29.164404082 1.47614545874 -10.4315563748 -12.3890441513 -17.9931539541 -7.36015913153 -8.72347417353 -1.09318539787 -2.76970533379
CON
17.8764442229 -11.1115209619 -25.525529582 -15.3454106362 -2.47568715466 6.54271877259 -13.5632137374 -7.33065405232 2.51678030305 -3.38428186266 -2.8671795171 -12.1821006749 12.6115469069 18.3512546872 6.19505344998 -25.8508314629 -17.189320607 -11.3525022898 9.06217757768 -3.55154285734 -16.7151114796 -18.2774552863 1.698748035 -11.678049826 -18.0591211881 25.7352618715
COOL
17.7395047725 6.40160535252 14.0432172352 -8.07581494284 -48.793981482 13.0613577711 -41.1149608412 -9.82785533515 -34.4112886256 17.6560119797 0.502369233551 12.2070695423 12.7340209235 17.2732719117 9.67064829035 13.0902038961 -17.9877452849 -45.1654471048 17.6394380883 -28.209672232 -3.00509089983 -32.8901688151 4.09454617768 1.58766894541 20.6706689179 4.63853061221
COT
18.3386546138 -12.6107577943 -26.1371186229 -6.26118266839 -12.729556634 11.1053419573 -13.714207995 -7.92811853423 2.42685496093 -3.42408433584 -17.4070248824 -4.88992252283 2.9890258246 18.6168717275 0.424416338686 -20.8970645716 -17.394984107 -22.4613159727 13.4543688895 -12.4039243867 -3.1589579324 3.80415958666 -3.87083205214 -18.9152689331 -13.236450229 11.7889809203
COUGH
17.5679538911 -8.01339506372 -18.3353069633 -27.040204971 -12.4479377886 14.3060557217 -19.3476959684 1.10016850395 -5.27593028934 18.4963298124 -9.67445641011 -14.4549784268 -8.67467857353 18.4752395635 6.25625305606 -18.7791736903 -27.7457931053 -32.4599659933 13.3567697348 -3.61027277039 0.429194113346 -18.6201247067 18.1428676231 -10.4928073829 -10.9659355282 -13.1855102707
DEATH
19.5192153581 -11.6740019155 -12.8384995265 0.42650609199 -23.0478246698 -17.9707155178 -19.5889760179 20.6400310612 -9.5758247588 -0.164018440849 -19.3087692103 5.90136436516 -5.98743343591 18.7210329386 -5.77867224903 -19.5114840318 -9.28604223708 -17.4236415644 -10.0757790175 -11.3799630694 8.3173426255 4.49361817075 -12.8806413908 -25.5062212389 -4.2702067669 1.78991876768
DIG
19.8295658134 -14.8744046128 -3.42820971567 17.3171991615 -40.3610362417 -16.2269232008 -15.0804781593 1.66715478251 -10.8622899863 7.7563318745 -10.5536156626 14.6888905235 -11.0334325017 19.0190553388 -11.6016490085 3.39594670067 19.6518370882 -45.2061547421 -16.4185188396 -13.7582814357 -1.33688279514 -17.9433969899 12.2864457127 0.507661247393 2.2854775272 -6.78418277005
DIME
18.6681001682 -0.269890349406 -21.7238636677 -9.65899201728 -21.4961011837 17.8890128697 -21.1081218128 0.789987216481 -12.7594164798 -14.7565045288 -13.0004798733 -13.0935355499 21.8683605177 17.811341773 2.37616938376 -22.5998468972 -4.7147200904 -18.2921627421 5.67393389488 -14.5459833312 -1.53783750225 -15.2055765221 -27.0809949595 -5.54907298382 -4.92822641965 16.3758606743
DOCK
19.2054608421 -9.9948038312 -25.9517129531 -17.0516201946 -16.4417764446 9.01999521436 -6.84533802771 5.44291055907 12.2750137635 -10.1465547459 -22.6811548196 -7.58644928293 9.94605670675 16.4820143614 -8.46434396963 -24.7058539592 -15.2741041658 2.89957570315 7.79770816744 -9.54358298988 1.32880626526 -1.78467747332 -0.745024834758 -6.06496455014 -10.126206592 10.9220042342
DOLL
18.8794207071 -5.09138902753 -17.0080739004 -14.9986294545 -28.945139463 9.01996592049 -29.3766823484 -2.94247351464 26.6875197625 4.93533445996 -34.0597844682 -11.2946584828 -1.13726176151 18.8314942588 -5.22394625526 -23.0046673717 -23.3658278855 -25.7711165466 21.1720531647 -7.07692448053 -10.0570978397 5.8972914815 5.20004733018 -19.6928289508 -5.54507141512 2.07211479676
DOUBT
19.5278272903 -8.7750977362 -24.8799171284 -3.68637354105 -23.3111316088 -1.58645403126 -7.3444679832 29.5785970045 -12.4237839359 -4.15004936251 -24.4279597533 0.878517247932 -3.94198256255 16.3460421904 5.81397518561 -7.14955770999 -9.19250699832 -35.2759628765 7.58905918815 -20.190002627 -12.0793414474 -2.80810468287 19.1288486813 -4.30578628193 -1.03891586253 -7.7798408552
DULL
19.434882695 -4.59175360835 -9.06221152203 -12.7198150834 -33.4648369316 4.71153040976 -48.578808556 15.1769625458 33.3674003126 1.23950469576 -30.4875474816 -5.90596556596 -2.00141560651 18.87141311 -3.53300800546 -19.628705507 -14.9546972859 -31.4316631398 35.2502725637 -40.7719565599 -3.38033097059 11.9479092008 2.4719126982 -23.6670146914 -9.46255509894 -2.02912411351
FADE
19.3189886446 -13.8949140612 2.43699189835 21.9059179008 -43.8805129206 -22.0394876987 -25.0332409266 1.48125691498 -16.4827364002 17.7788721839 7.33419787569 9.39107180253 -19.7831581876 18.3401853915 -13.8682452674 9.03308000579 22.8052792411 -49.0510336194 -15.1093730459 -29.281475827 -4.12255648388 -28.2435565685 17.8478657584 0.722486980358 3.37298297873 -5.92612435069
FAIL
19.5559239254 -12.6527491323 -8.68097238464 11.7025062668 -35.9382582084 -25.1089125462 -25.4246786711 31.5139436108 -15.853213976 12.1538591055 -5.03889035799 0.420559872495 -11.569097632 18.2168223229 -8.34459606324 -10.5823619584 2.74198434268 -35.265273813 -18.4734576035 -15.1071139025 23.6766516325 -7.3527464717 6.6141725892 -14.2159606103 -6.28939627913 -14.8739685614
FEED
18.7182142105 -13.3284342541 14.8074755838 27.6584973704 -42.2787367364 -7.41573910728 -29.0233390689 -18.201138579 -28.3579346181 2.57527428622 0.152430142632 2.18832681124 4.41505184021 18.6520342431 -12.4669864251 9.87042290776 30.8683810738 -44.0873071508 -7.31223381288 -33.0995408008 -17.0352954542 -28.741160017 3.41195103739 -1.51907786107 0.143456816622 2.73422225551
FELL
19.2830322998 -1.72014588077 -17.4426375227 0.833737882025 -44.6239956894 -1.3003508874 -26.5073441518 25.8704052652 10.8607406517 -7.82354420281 -30.4335144117 -5.78058765864 9.1735599672 18.6847854057 -9.88726116019 -15.8488757983 -5.65568507175 -17.2996548839 4.32411442896 -28.0702702972 12.5444000556 10.4479672661 -17.8065128323 -28.9552663664 -0.534463458895 15.0571794572
FIRE
18.5793069658 3.01360389159 -22.6393799886 -21.7837534002 -25.4565877397 14.1581236208 -11.0746199662 -1.19050942117 -0.0907457878752 11.4760227066 -19.5101896253 -20.4236627002 1.90881336626 18.5792229633 1.52297399021 -32.7373656658 -5.4818352675 -16.6580292316 -9.21698137017 -6.23200649525 6.68708229713 0.442285707794 -2.89863275992 -15.6900876315 -13.5443196117 2.30830829199
FOOL
16.5180465192 14.78862323 13.2671894772 -12.8226431545 -36.528841462 3.83586709948 -28.8139261894 -15.064713656 -25.9075407491 -11.0130532829 5.88446134724 10.6663990263 8.70626196672 17.0097216617 13.1644187903 18.7625433768 -10.7066120318 -48.4716509238 -1.67538298194 -36.7013622448 -1.10710942658 -14.8617105984 -4.16428463905 3.84041159365 5.00669801036 4.96646601706
FOUL
18.8250241438 -7.05741949376 -26.6726324199 -3.87664758785 -20.1899655114 6.03966077534 -11.9064110343 21.2287466859 -9.85030767497 -8.25857871795 -34.5125019023 7.23190963862 5.82708695972 18.4912112516 -0.0420680160323 -21.0872406333 -23.6804384417 -16.9015753719 22.8763273789 -4.55701636303 -0.879527608222 -17.7465845231 8.32090631961 -28.5891834957 0.0733607271636 8.79929270681
FULL
18.7117765225 4.97321648708 -0.615267198886 -23.7527732014 -41.1315432424 0.615616287977 -22.7900431111 4.90604098059 -5.10060009162 21.3253524288 -0.0419931196931 -8.03641959048 -14.3470612152 18.1869703758 2.7163723246 -0.453065848028 -32.2173568284 -32.9440600127 7.62048439992 -21.7545416428 -3.10130655136 -6.21269636363 20.8040200435 -6.01742024621 1.99515957017 -23.5298047658
GAP
17.6664912856 -16.2416929544 -10.6254156129 0.568970345501 -31.4132746089 -22.7395023438 -1.13641238969 0.639252723015 13.8321871734 -10.8559258559 -0.0313782633918 -0.540039698516 -5.82763757597 19.2802957646 -2.66605546024 -30.7813147471 -13.7993619288 -19.0015346411 2.29518951352 -3.05022554431 5.04531201804 7.92021371453 -20.2595844958 -14.660152596 -5.10846042238 10.9037466558
GUIDE
18.7764787749 -6.09950622267 -23.0922297134 -9.2599713758 -24.5776050333 10.2866480615 -21.0968243733 12.5220639901 -2.77552337518 -3.80664337295 -26.5986143181 -1.88230281488 11.153532786 18.2501801768 -1.28980010797 -16.1834138911 -1.02642044631 -36.0025948593 -8.03957726511 -15.8818883294 25.9106491354 0.89982075695 -8.4645638522 -20.3211708487 4.68602733075 1.17515271917
HEAD
19.6816397537 -8.99803856639 -21.5251168697 0.337859300216 -21.2988955691 -19.6724574829 -2.96245164309 17.1207799716 -3.89979928205 -13.4232726382 -14.5721719135 -2.97148973802 -5.43294863474 18.91548961 -6.90180917533 -10.2607409463 2.98756320973 -28.7877819324 -14.7385660861 -31.8651058583 21.7994938832 -0.400303705604 -1.69462504082 -17.9703810234 7.97046159605 -13.1512567817
HEAL
17.8752371563 -18.9008425761 12.8221876689 17.1624984251 -40.3196391054 -3.7545359011 -23.2797979345 -18.0241508263 -20.2970965067 8.83383839566 -9.25563304318 3.97886950133 9.50508779846 19.4113553762 -14.8352582951 12.2473998781 20.4102547084 -45.1321435105 -11.8642820458 -28.6631593241 -8.29067541625 -24.688841268 18.4299144903 -2.96066968087 3.27354035005 3.94003091336
HILL
18.9457171446 -3.87591556724 -10.8763539553 8.14120902624 -32.3291429074 -28.9603889401 -20.6280321725 10.155143397 2.29942846803 8.38967828153 -10.882274125 9.29752051993 -17.7496462801 19.0051630942 -10.7122239253 -9.64378282647 -2.84739537186 -21.0630833336 -8.46409741497 -32.3520869491 6.14303851632 -1.20954922226 2.75366591301 -20.4727904513 8.0637126609 -3.77976981
HOME
15.2774176026 -3.56998621973 -19.318794542 -16.4131532938 -20.0336188975 13.400643106 0.898153064907 -13.3438504361 -8.65757981766 -3.68647768018 2.53381489849 -6.72444693053 8.50093666073 17.6419001673 8.62554565098 -8.85798297828 6.32217316998 -47.1248496433 -3.90917590831 16.5806635359 -27.9042941474 -24.0185621144 -6.73818107652 -16.4448427549 -6.68945045726 13.7469884733
KEEP
19.6487761335 -19.0083232606 28.2173236809 15.970630202 -40.0432385593 6.7872179052 -36.101574211 -18.7587364496 -14.9489074901 -4.37249868126 -13.7289059618 4.97722018989 -2.87068966097 17.1861998861 -14.2087224934 20.3808019494 18.2249758899 -30.3723524827 -1.57107991568 -28.3419409657 -14.6423272295 -17.0611453855 -3.27248904733 -14.0260985251 10.5729028272 -6.11114877417
LIT
18.7662645945 -2.74926417393 -1.97084258303 -1.11396879384 -45.596663132 -13.3629381373 -33.0645539554 22.4283419754 -14.789576074 12.0240948859 -7.76416215196 17.8387503743 -34.4201082313 17.8667834926 -5.62749762884 2.87702130302 0.454943323578 -40.0480495266 -28.0911275043 -27.7160318198 21.9162564668 -11.0587166076 10.6985603097 -4.60045526934 24.6540289124 -34.2138573861
LOUD
18.9305535962 -9.0341935542 -24.8092451588 -0.169712401944 -16.7489952671 23.6964601309 -20.7411896802 8.58669426268 -8.57631891784 -8.62642752804 -26.2256867834 8.17270944349 7.92320274676 18.0130312531 0.474243916833 -15.2837384672 -0.899675680036 -32.1496920062 16.8996575546 -33.6317304452 -4.13383068023 16.094270534 -1.43892985471 -22.0919904863 -16.7997698633 2.96428706202
LOVE
18.8373582161 -0.265902094083 -12.1076027656 -30.9553004815 -25.8867817255 25.4012128503 -18.824893768 -0.860988590576 0.88674972293 17.459289374 -24.6585029356 -11.3111654562 -15.6641255362 17.7713865605 4.3382742262 -5.62680273278 -21.1839751492 -29.1642190949 22.7832502612 -32.5276014103 -10.7507558677 -2.16477599072 10.355488605 -12.1089944641 -5.92721475636 -16.3128932153
LUCK
19.2684645131 -7.17631431838 -14.8789570235 -17.7968444996 -18.8540644265 23.547530218 -11.2576363909 -11.0899066798 -1.71707423996 6.5320429169 -40.0723932443 3.04354193268 -4.16468920853 16.9373039152 -4.20662007871 -8.1653725146 -17.9221255508 -11.1418166577 11.2231389129 -23.9232418101 -6.79021633222 -1.57473968594 9.83421476003 -18.7899163128 -5.60344625934 -6.49937370443
LULL
18.8532092573 -3.12014556861 -7.65806121118 -37.3429689172 -28.1932419566 25.0511330355 -19.1039447596 -10.7604564976 -1.01859812041 24.4905672812 -33.329264639 0.996691458117 -15.9790448132 18.7237404215 -2.62515412015 -9.61357402088 -34.1035088703 -26.8378156456 24.7458631163 -13.3186408693 -12.7489209026 -2.21249502499 22.9729977987 -27.6498420322 2.21062636826 -22.0825414429
LUNG
18.8928204031 2.65610113024 -11.3550722096 -24.2612369595 -28.32013223 29.2835912673 -1.30242293121 -16.8787249808 -17.4034871174 -12.817866853 0.754701326286 -5.98465795997 4.04495050951 18.6735655451 2.33844612552 -12.0949710439 -18.4513234008 -32.1837632161 25.9758267128 -5.13312701919 -22.9135939978 -16.7839412935 -16.2548380436 4.01588526227 -15.2749824013 11.0174336259
MAIN
19.4554244771 -11.5849793671 2.86163279185 21.4932584451 -55.3602054258 -1.2493653561 -2.13402833657 -4.59929958343 -25.7847313714 -1.2298555322 -13.4960040841 -2.95071119297 5.24577157133 18.8564468138 -11.1340652294 10.385462079 11.593495115 -56.7910386377 10.6315165851 -11.5276138402 -13.7131906438 -28.1636623444 5.47130921742 -16.0204458468 -2.26125248635 0.883297464231
MATH
19.3996115471 -11.5396287515 -15.0315027564 -1.40246874863 -14.3716643656 -7.77600007839 -2.51153889859 18.1364721442 -38.1614296613 -20.6976146777 -5.91633544727 10.783619573 -1.49721772365 18.5166708293 -4.92387204612 -21.8132187915 -4.87056131306 -9.71820538327 0.175373674144 -5.850649518 5.14160169296 -15.0827705458 -22.5216391153 -1.32592790452 3.94081065365 9.57740212901
MEAL
18.6448914477 -13.0242051865 13.5742009457 27.4924646638 -49.2653710958 0.466267532629 -26.2677521451 -9.62457915679 -21.1676318438 1.47739371439 -0.802728352704 -9.79199582651 -1.17042453506 18.7943264153 -10.6621916874 6.50722360558 26.8716024533 -48.0834581769 -3.79541688203 -34.8647067323 3.54270268208 -19.4124995206 -0.5343356393 -7.25505116343 -5.66171992289 -1.72872865056
MILE
16.9597053214 2.20584859418 -18.6314840948 -8.81078902343 -15.6449884549 22.4527804229 -20.2719848204 -6.33832613478 -25.3542094147 -1.2305374513 -4.90314649395 -10.9205079074 7.43550451031 17.8940985254 -3.29613134471 -20.8976745436 4.23415005682 -21.9510592009 -0.0981271870912 -16.6452622214 15.8558094197 -18.073852688 -12.9280174477 -19.2462944405 -1.54923743456 15.8624621251
MILL
18.8506384517 -7.08864508003 -9.64182901881 12.4348109402 -34.5710697599 -10.7627128851 -25.1765072914 27.0930741482 -11.7139092548 -27.3776803351 -1.04775683945 2.01256584198 -9.17293445003 18.7558927047 -6.79178343975 -9.37509464946 12.0952861395 -31.7300785849 -4.70422634496 -31.8303377 22.1011310504 -2.93235815866 -25.4734744315 -13.9479811097 5.99717348515 -10.0599641009
MOB
18.2260932206 3.04863139478 -24.0477715469 -20.6763085189 -13.3822351704 30.5884610324 -17.8485816727 -12.5436116369 -17.3278830038 1.82430122503 -5.24848081977 -19.1050746301 18.2899050155 18.6826677022 5.79032767384 -23.9221908774 -18.3351462685 -20.8680328038 25.7149842586 -10.8517145406 -9.19491313261 -17.5647738735 -5.1005402973 -2.5655690941 -19.1785424942 10.9512695666
PAL
17.4557933463 -19.882264495 -30.0076628113 -0.57206086297 -14.6731110276 8.5613560102 0.614460749573 12.830809232 -9.48981890835 -10.2908464633 -2.12379049423 1.36273609845 6.12409969472 18.771522238 2.54553865419 -30.9632705941 -11.7448128557 -12.6955435813 6.0561659162 -8.297522095 17.0755365318 -16.4108534568 -7.66743768211 -19.3937539686 -1.30771234285 20.9929238328
PEN
19.0804966276 -19.557123753 -18.6124393379 7.09675311869 -20.507399659 2.55219566308 2.5535077759 15.2006328895 -14.0893111836 -10.3587322634 1.85362297032 -0.395821205838 1.04449783273 19.102196667 -8.82026530616 -17.7424512939 7.01472250152 -9.39833390435 1.57600343763 -12.0083981042 13.9645203156 -15.3007299872 -31.2837901853 -4.97800428458 10.675394051 -4.1620957846
PIN
17.9318805467 -19.474969922 -5.45155767224 5.77775257638 -31.5524281428 -9.40673232659 -6.58122742385 6.24971265706 -15.1945102261 -7.88574215839 9.95119543693 -7.02363762577 2.53900050388 19.4561601705 -7.43942875005 -7.18833784616 4.18851355668 -37.3890526946 -13.3822075835 -8.39441093895 24.3009775096 -32.3334032146 -5.54390673306 -7.16856674313 -5.16805199411 -12.1998994627
POKE
17.2387818043 -7.47220384334 -16.5208465577 -21.3529846707 -14.6140227101 14.0738521406 -19.1032347795 -6.99269637416 3.68870756058 6.74998338756 -1.73753739389 -11.4246081971 -3.999622408 17.2108894033 4.12140246881 0.599993279602 -23.4244788562 -26.8108121239 13.3023165465 -26.9596535014 -10.0583330211 -19.4510681164 20.6364787655 2.73408439841 4.33806547487 -17.597909465
POOL
17.0105309353 10.5310394116 9.01065919777 -16.3042609767 -35.6953869876 11.8562604157 -38.9859702168 -12.39398215 -26.526876677 -0.955144396606 9.53893600185 14.8704051857 1.14141719229 17.4918137279 7.03416180672 15.0687280448 -12.8811033417 -44.8782440804 13.1958961052 -44.2604626099 -5.30343106726 -28.0458094421 7.19306517494 -2.77343666693 24.0360706196 3.11538854146
PULL
16.4154697061 -10.5055079627 -7.98813436719 -29.8533981069 -13.1701745918 20.5484940143 -22.0394974614 2.39850577292 -4.48366382852 10.0805520468 3.32708223025 -12.9783205386 -5.51168324051 17.8214653318 7.35655364565 4.60818470067 -20.9273379669 -44.6052283755 12.5295742278 -23.3564517422 -11.9817312716 -6.19923735814 13.0344088209 10.6352580882 -0.341246417704 -13.9941889608
RICE
18.8800198746 -6.72474067278 -24.4245515347 -7.52495101636 -15.1926892147 -2.3544653529 -10.3869793933 12.9632974407 -0.390880838992 -15.7497071939 -29.7225993611 8.0131410366 -12.9446031655 18.4817517357 -12.6120522303 -3.63745182306 10.6190705532 -29.9721705335 -21.2533085172 -25.0817727969 5.00368897945 -21.1649543613 1.51676031537 -8.88465332679 13.9726981907 -23.1034530393
RIP
19.2477042243 -6.36990186352 -12.147972085 4.20073546768 -31.8298730301 -21.906852048 -22.7501250009 12.4132735276 20.3305894253 -3.29123390109 -15.0752682569 17.5321913902 -21.7031278037 18.1901693834 -3.11071739162 -6.55598244734 -5.10599181599 -25.0549015331 -12.0831767284 -23.459944074 4.18512711011 17.8039722028 -12.3379946703 -13.4381315257 6.94060008825 -15.1369429342
SAIL
18.0765690283 -5.18221851414 -9.70066742093 1.18962110327 -29.5712605256 -20.5977279065 -27.4659191364 24.8953148659 -7.51324542419 14.2120918635 -8.68118379428 7.37569037455 -8.73704568076 18.3175590556 -6.6209070021 -16.732101492 4.22319473262 -30.9153053225 -23.6441336846 -16.6492049004 28.7827704111 -1.59328315363 0.443523465162 -13.7050422857 2.52376939481 -12.7432692969
SELL
18.239163781 -3.77338776857 -15.9515069955 -8.6036928479 -30.517427582 -13.0715596878 -26.5498274675 25.0097698213 2.91205164781 10.8628918659 -28.5346896474 8.88363324371 -2.47074448224 18.2341453725 -2.57416040636 -20.6277150693 -16.5649462095 -23.5545439448 -7.2508411676 -12.3302689725 21.7835233885 -1.84376769786 1.6236704304 -29.2673124354 1.02567873184 5.45714546578
SOUR
17.9074546931 -8.73934544341 -20.7303895754 -5.01170688663 -15.8331351344 -12.3442737598 -2.03429972018 20.3088226591 -7.43420906262 -14.9803230128 -16.7277829075 -0.913439713054 -0.186832246095 17.7955097696 5.23955013414 -27.7837725329 -16.9996348915 -20.8709985667 -1.57590903153 4.35244746853 1.89377412186 -4.05159708023 4.30628304666 -13.3470483404 -0.599651315105 -17.9252314443
SOUTH
18.8816555917 -4.58055571178 -25.8963679286 -9.41921413596 -19.147831325 -4.45171292064 -14.1753813366 21.6735372034 -0.334105428677 -2.02107130907 -29.4252289304 -4.03134921475 11.2583587337 16.9638185022 4.91319165465 -12.4522714315 -23.2668724378 -22.3777837641 3.89584982726 -11.7941921325 -12.8581788277 2.61350196042 6.21606538133 -13.5976316947 -17.1307630763 -1.87081951506
TAPE
18.32363676 -14.1546799221 4.37654133245 19.1510526377 -40.7145646263 -15.4655129054 -22.5566452439 2.99132352256 -20.0480950988 12.6418153244 3.4456541142 7.84594870194 -10.1773644662 17.885034901 -6.78384413383 6.9385343117 23.4496854672 -42.5407836316 -16.7650901812 -29.9993947664 -7.1909496094 -33.1504494537 10.4165479058 -3.31727975419 2.83964842837 3.09492363454
TOOL
16.8217728007 10.5760314483 6.4454437892 -6.28557938278 -39.7698714364 13.9351630875 -44.4794778208 -7.77197622272 -28.2074291491 -6.72771045746 14.3307240362 3.36833488472 15.6671722516 16.5381321919 7.49603879482 13.662088429 -17.9166767157 -47.4074106774 20.1728497355 -33.6886560807 -3.67721993983 -29.0580981708 0.0311108241742 0.14156352461 18.3788724926 8.36830116957
TOWN
18.723137573 -6.15198098915 -26.7636058119 -3.39051261194 -16.3555470851 2.86857249959 -4.40496558329 11.6631816399 -15.7292325268 -26.4531779826 -3.76526568417 7.17233526407 9.39243734085 17.5810062922 3.44131411239 -23.5003542484 -9.75039394994 -23.3623083132 8.06628741726 1.69013838805 -20.0582902491 -10.2493055795 -13.0238164337 -5.53271869406 -8.34587199935 5.52108657761
TUBE
17.7423367664 -1.85541375272 -2.30154992798 36.0793806785 -32.9906986023 -33.3159274634 -40.1275162046 6.51872868873 -29.2421589792 -8.33307324259 9.82829329586 3.69879744527 -2.53733300143 16.2614335887 3.46885714488 4.167622258 13.7074217854 -29.9990655374 -2.60900580515 -49.1154460835 -13.1941010875 -7.51639370265 2.30122180835 -8.55741757626 -1.43691156097 10.4536832901
VOICE
16.6672333563 6.96033174787 7.5975457817 -16.9983876079 -48.7751850431 2.56602315421 -21.3908858475 -8.10113167581 -18.7360007105 5.45729304242 3.55522728998 24.328372681 -11.0283978933 17.4428356246 1.87125975028 0.225460873945 -4.64108404334 -38.087250815 -2.64383871173 -41.3962272345 -3.55099915674 -9.72047049881 17.9599072549 4.28070396551 9.45610781266 -15.8366789171
VOID
17.4284881597 11.749445467 5.40389182985 -23.8826159927 -47.823007996 11.6892863974 -15.2647574293 -4.53308750401 -20.6915443645 8.11586895391 13.4616744625 21.6923089038 -1.91225858182 18.0248672934 2.43702384335 -8.52697712321 4.75704271116 -34.4324208465 -12.9497373661 -25.5560446743 0.757815340472 -6.8942020505 9.92422798267 4.66085686759 8.51784869586 -14.8136427653
WALK
17.0361006009 8.6024958428 4.98358661213 -30.0121696277 -43.2968050059 11.942428973 -16.2216887971 7.29220941997 -24.3181843272 5.35980697466 -12.464157354 9.79337037999 -2.95059861807 17.8420881963 3.4075842598 -8.82760196524 -32.2710239488 -35.3388795191 26.2540209495 -8.90175864267 -0.862155615808 -22.1233416645 5.99365480353 -6.33276525295 -1.07744115524 -14.6392815933
WALL
17.3111871101 8.27713803349 0.614294613976 -29.95610529 -47.6128936098 11.7100147296 -10.1466126884 9.0616986319 -18.0923066854 9.61542170975 -5.8598844383 5.25710920551 -4.4877433898 17.8470366294 6.90400841343 1.26469470113 -34.9164164 -43.2158964383 21.7363494217 -11.263164616 8.79725495664 -15.7062636889 3.97256783719 -4.75216530504 0.807877604986 -9.76669019425
WET
19.6167789654 -10.7609529477 -18.5024150113 -10.2298236544 -23.2691351264 -8.68990403641 -7.92865504878 25.7381147792 -3.12557802366 -13.4310950194 -23.3277609555 -4.34713029266 1.23176094162 18.9880728556 -10.5004770705 -10.0336423805 -5.27671980515 -25.5617946297 -8.04145959254 -10.0941145889 14.9140931988 -5.48641048529 -9.93520018779 -22.844279482 -0.385109063472 -11.5222685929
WOOL
18.3073858757 -0.997665335319 -0.352713274195 -28.6762194419 -50.0714754739 25.3900712006 -9.40230866134 -14.9354088835 2.60395465434 -4.32394159982 17.0361368779 7.95465099803 -7.79283194954 18.4412765891 -1.47415783695 7.40884042107 -33.922216276 -43.5223834516 21.1112754729 -21.8191499779 -15.4400655853 8.02310745715 -12.6346050337 16.7942763216 -4.15714865727 -7.73325897805
WRONG
17.8662715805 4.84285633002 -15.1340239015 -15.5855001571 -26.4343757614 16.1504767193 2.9288926371 -20.7498669904 -20.6771180455 -10.9747222001 -11.4596316259 0.0482172824286 4.0418129056 18.0085436219 6.74833735757 -15.8108930335 -12.9571801198 -33.1385115793 15.7390133357 10.6532249419 -17.1322907763 -27.5303115349 -17.6098575365 3.63971203239 -6.30407760221 9.51267109757
