HAD
17.4589094339 -14.7913973659 -18.434197083 -0.674853136898 -27.4206545272 -0.0415185790539 16.5902525498 -5.02669912974 -25.8463404794 -15.5792934417 -6.40402442332 3.10947586877 -11.6782059851 17.8876227572 -9.18102650182 -18.2613968675 3.73884737784 -30.0455207553 7.71022893932 -3.05053034349 12.8082498164 -27.2418548012 -20.616905445 -3.82272255701 13.4109963535 -16.9687863394
HAYED
18.1005526864 -14.8864454327 5.65223883712 6.90162024034 -58.6130980894 1.27689478838 -8.74410307864 -4.25565401213 -6.39906649529 15.0754913687 -15.5626197355 6.41124235423 -5.80536392943 18.2515147936 -12.7007986575 18.2611059211 20.2553984176 -60.8068939466 1.45990657117 -31.245464069 -18.3619986444 -14.7810551417 16.7616218824 -13.4237097138 17.232101957 -1.7575634913
HEAD
19.0695729664 -10.8215895057 -6.55878447103 8.31400504713 -58.8984659951 -12.5775614422 3.969845782 28.1265967526 -16.9422068866 -4.49706794873 -19.8505375882 -8.55987203922 -9.72214838846 18.8881964751 -10.533611511 -3.51936974657 9.44903343982 -58.8123331892 -20.1961390416 -5.20463491478 29.2360924306 -14.8412690937 7.86085684275 -18.4574173195 -5.54571025847 -22.27654879
HEED
18.1918312245 -11.1824546077 26.636418829 23.5073434768 -39.7783567468 13.5934571906 -31.87651049 -14.6669817746 -28.2062369855 -6.98162993585 -22.0301004524 -14.1058023952 5.34740673895 17.6600401137 -11.0170724067 25.5512214199 29.3036860261 -39.4693493083 13.1028279303 -27.313692293 -19.6841146817 -21.1568626757 -8.76122892348 -14.0645013023 -13.3798726996 5.62146087759
HID
15.4076559015 -17.3800730881 10.5811405296 7.4318941013 -36.2585442425 -8.2584539181 -8.10593576977 -13.9374584862 -5.8355045871 6.85603369779 -9.33295035987 3.26787658159 3.00753606273 19.8524791189 -12.0511931726 4.46890428063 25.9761810624 -58.4049787744 -15.6052414139 -20.8033864751 -2.81447562966 -18.0177237835 15.1857237898 3.14899700165 2.23396314223 -6.04443290337
HOD
18.9900748459 3.94836476431 -26.931812703 -20.792173574 -38.4950619819 43.5747181794 -4.11164258846 -13.6006590336 -7.78010090287 -7.32034957989 -11.1386366522 1.92020966764 -1.93752529177 17.4931910549 -5.91009513504 -21.9931796199 -6.5392603214 -32.6300433823 30.5508726043 -12.0604923048 0.220691197738 -0.2394166668 -16.8301588293 -25.4149430938 8.04713694438 -3.07657057847
HOED
15.323665196 -3.19504949965 -14.4537226517 -15.8332770294 -18.99507667 14.8423300955 -23.0333396789 -7.38585819774 9.40296777518 16.7175837597 -14.9615017004 -2.13551613613 1.40972348325 16.6281977056 10.5578013411 0.686785968226 -3.93011342528 -35.9489904538 7.26854591524 -36.0369557302 -25.6791516188 -11.7195174139 18.6724546823 9.19815488068 -2.31211436397 4.42736186261
HOOD
17.9370058724 0.886271724827 -7.40914507642 1.90279226361 -39.1408878916 -6.15394113789 -47.7278108181 -10.9092922474 4.23597176839 21.1899952721 -19.0556012608 -4.81739758865 12.5520085601 18.7114025461 -6.33526605943 -9.07870952002 22.3443051249 -42.903823259 -9.27916855479 -49.0252913486 2.94050696704 1.56161353078 1.9817864958 -9.01182455103 9.94493105103 7.43801001701
HUD
14.7342122175 -13.7525089789 -21.4296844946 -15.4749491859 -10.190334352 16.3940986021 -17.5535513332 11.5281032859 1.58455126338 -7.06925731084 -24.6709835105 12.7276172112 -4.71248489234 19.2607381115 -3.15398815997 -14.8848426814 -8.99764950075 -42.3534424826 11.6963518462 -32.3831641712 27.9736634349 4.05859104662 -9.4039428181 -37.1646208751 15.3244772237 -7.42704739934
WHO'D
17.1191182852 10.75475629 -2.61829464732 13.4591956784 -23.9500434443 -6.35547840352 -37.8937388251 -17.5852290976 -27.8511624316 5.93088622762 9.83462553243 -31.9710739093 30.2835028023 15.7995251201 11.7212814235 -0.495032716376 11.4613779026 -16.4369636922 -6.58870103718 -40.5946296411 -21.5810523591 -24.9298568126 -0.940479932476 2.16984445372 -30.8618871445 17.8883363498
