BEAN
18.6037327634 -12.6556601757 19.6073807161 15.5777160937 -44.6768313433 -7.6401085216 -14.5673606202 -21.728368102 -12.5569632705 -6.63337493899 2.01229147401 -17.6839804052 8.94812566509 18.2124736231 -5.82513400016 14.1669811149 7.58080237852 -58.6322051017 9.20028263118 -11.6840691076 -22.3677632158 -8.9710774879 0.921308990296 1.55790772357 -17.2584182142 0.940944420761
BITE
19.8113489873 -4.49289030146 -30.969015132 -11.1243582017 -15.1131369585 5.7740065547 -15.6035919003 9.83705568175 -13.570862275 1.97032658452 -18.808070783 -9.09797633331 14.505355643 19.6260154138 -15.8007068812 -9.10818560592 9.21849083614 -43.6697337496 -13.7822045783 -13.1484695592 9.03692077442 -11.9190803584 9.28702902941 -12.0072161589 3.62990274197 -6.11329657554
BOAT
19.3092034878 0.094540250072 -20.8406767745 -16.1865152681 -30.5771100984 -5.24324624622 -0.798069980214 -28.012145502 15.9852449064 4.97526991302 13.0864672729 -38.2322796767 0.57060247585 16.2081636696 6.39619952769 -3.96820112959 -17.4081493613 -25.8450908431 0.841370705717 -9.04213458623 -23.0145501135 -14.6359214217 7.61677953373 27.5724659729 -8.83461853827 9.19818396163
BOIL
17.8807548263 8.41599588843 2.00416120111 -23.6307553931 -43.0314354582 -5.42563574368 15.9877619947 -11.1662272462 5.81995637261 -2.32305252574 -6.54874850831 11.6169492138 0.829447559697 18.4914108932 -3.01421264307 -17.0258084481 -15.8902797597 -32.0464655125 -10.3138286 -6.11066099822 -14.2484380564 6.96506408198 3.95215513939 3.22315745256 -15.7964541197 6.13740668722
BULL
17.9783433491 8.06511654863 -5.04262884878 -33.2590573704 -52.7323357627 -3.01124763449 9.65647554082 -15.3349198693 0.483670862252 -16.1321908173 1.07527246424 2.55484184983 10.2394046825 18.3729262044 4.58108195965 1.4994565544 -33.8013963044 -52.0413277661 3.16776375375 7.27975598855 -7.41900264086 4.39285334671 -13.0523297545 4.19612095006 4.72243444894 10.6945405512
CAB
17.7588112631 -16.5036190673 -14.4285861289 -5.17752910536 -19.2280527519 -6.17706842335 5.47593140356 3.31908214029 -21.0439540823 -7.70486390744 -11.1684104248 3.79261278575 -12.3597818983 18.8838473798 -7.74247671754 -26.3185615802 -14.2766677886 -16.2183984544 -4.35575361099 -12.8693173442 16.9166043874 -14.3490041423 -14.7148349755 -5.23645635304 -2.0045511129 -5.42305307194
CALM
15.757973585 -11.1308913859 -22.2196479299 -25.4648107808 3.5175713439 1.91477792294 -22.4762702427 2.01851096343 -1.60255456195 17.3270999897 -20.0609308187 -4.25477886478 1.17964979065 18.2135942296 8.0392976378 -15.8974160592 -35.3155475221 -15.991397462 15.9403592574 3.07966622928 -1.00970406093 -23.5150215822 -8.45617103514 2.21144869884 0.502908174391 -15.7867816093
CAUGHT
15.7830287397 -10.3347724061 -20.5154643394 -27.7097786564 -5.72901718092 17.8181910133 2.47973616678 -12.3263124447 -12.5229445302 11.2735668389 -3.09349356524 -5.0097413071 -4.15683688436 17.4571139444 -4.71467063634 -26.6083438539 -22.7291762517 -19.2822112609 9.36684496756 6.88116289144 -15.0111172834 -6.98174749672 2.05048589749 -19.2698267474 0.274670938989 -1.05712654268
COAL
16.2538828429 5.30721180423 -8.57701358764 -26.914308831 -31.7701399826 3.5042684879 5.94587175819 -1.61484872631 -16.3496388876 7.66859997399 -0.992836714565 -0.0253802191845 10.20728712 17.5391937048 10.4196783967 5.39279416601 -33.4762669769 -48.2281418998 -8.27079733106 3.2521788904 3.36264093279 -5.61129433003 2.57089825642 -9.03450389883 1.43500040973 18.4368656518
CODE
16.6242389487 0.0920158513207 -20.1880529762 -9.82890284972 -9.23017918881 -9.92949452092 -25.6903755767 -1.45478856495 1.08009558192 13.6865844277 -3.7125382228 -16.6902900252 7.04992678976 17.0913734687 11.3442616761 -7.84635621542 -10.1140079985 -31.9763274822 -4.38535736714 -27.0926125726 -13.4495609899 -6.9801346775 16.7530436592 17.4036476861 -25.0957866474 7.18718521987
COIN
18.1803397433 15.3895876752 -17.6753126753 -23.0076040503 -35.6477745371 -8.45502803151 12.1511877193 2.45719712574 -8.52533183536 -21.7515320028 -4.1358003221 -11.0207470239 -8.2276475058 18.0518647117 2.53307289815 -24.644448116 -1.15973402362 -29.7065620141 -7.32850129956 -9.77969282657 7.08782209586 -21.5192354133 -3.14239224821 2.15880865404 -19.6088532271 -7.36643962809
CON
17.2999984443 -11.3491704371 -23.6010059933 -9.54055733238 2.29681862801 -8.75603981987 -10.8163561253 3.44839554785 0.751988478408 -8.30365705654 -13.1098934481 -2.99840249274 -6.93864066953 18.6880715669 -2.96549202419 -24.3659810132 -19.2997432715 -4.9829868593 6.31790502734 -27.8697083909 14.7154924302 -7.43767542756 -2.62814194179 -11.5482037182 -17.6864730991 -2.99436266878
COOL
17.1839473245 15.3384745627 -0.729725902539 -16.4383465849 -42.9706167743 1.82064539059 -9.95298142398 -11.2631553886 -33.0950985213 -12.1494074063 11.5120114279 -3.44238026439 23.850036505 17.5392029996 15.7237557409 1.6026904551 -19.0048424079 -46.0543611571 -6.11412744388 -4.01144003302 -6.8550110543 -17.0354770585 -12.2790147803 -3.28356821352 2.05472167995 14.1007086732
COT
15.7861913664 -16.7739994913 -21.473641322 -17.1081282986 4.32346096818 8.94640248224 -13.387809709 8.21623595214 -3.03997574843 8.32377182896 -6.69100832363 -8.3852989169 4.16820963752 18.940069323 -3.04304545217 -33.3648579732 -25.5709376345 -10.2664384659 14.0821882249 -6.35706163096 -7.86614847742 -24.2700067543 15.4264840119 -17.0241820071 -6.58901481153 8.5654184235
COUGH
13.650122549 -17.4644293756 -13.5403900238 -25.886159782 1.71637664779 12.0357809543 1.62146606465 -6.62398407833 -9.45966195782 18.8630721229 -12.9785993482 -11.0342310591 -4.06356463563 18.6929187023 6.9075566015 -28.9702645085 -29.7964832916 -26.1115108491 15.426206078 19.3571460743 -24.5276891816 -9.13177377253 4.96316878575 -8.92355688189 4.17723737773 -12.4712700313
DEATH
18.4698566583 -9.29060238036 -11.0210899435 -7.24909950148 -22.701597047 -21.2795421156 -11.1278440846 15.9585014428 -3.28241769107 -0.14632930097 -9.85887124479 0.404733530286 -17.2352113918 18.3789770683 -8.51488941806 -17.2423216994 -8.72293517311 -21.1714483623 -9.84155118587 5.88450245599 14.5867761372 -2.69509620366 -15.7610704255 -10.6881223263 6.8316551021 -7.69611429541
DIG
18.8304660481 -9.40687572371 3.85218616005 16.0279898837 -40.7030756746 -32.3080105134 -16.3898403899 -0.605888734438 -1.35807888792 -5.41778715554 20.9674990073 -5.21177097075 -2.03331045153 17.6587443821 -5.8555820577 1.50921008518 15.9127492097 -33.1257920562 -42.9609032515 -12.3550120514 -1.70321374848 -11.9949866311 0.199742816576 19.3666411654 -18.08719724 5.03403527217
DIME
18.6545026714 2.60056460953 -21.0485120399 -22.3046793099 -8.42771051913 5.60351910937 -18.2389175648 -2.59631800631 -0.616459928029 -8.34235535455 -18.3559041532 0.193871645095 -11.5112890426 17.8510490226 -0.781874619791 -14.2717130286 -14.7820436842 -4.56706150252 -30.2370169853 -2.00088566962 13.4277787168 -14.2291612341 -14.4664403309 -8.4402637464 1.48945324117 -23.6240777407
DOCK
18.774833685 -1.53298703925 -27.6765329799 -14.1054263934 -17.7839947522 10.1313246401 -11.0067734299 -8.42496214857 3.25264032672 2.52361139392 -20.3209322308 -8.80054457416 8.51193366733 17.8155208219 -7.60384650851 -29.9816271475 -12.9110482645 -10.4053945204 19.7821250558 -17.4661130385 2.08788391893 -17.1753280792 17.2804035836 -20.167411111 -6.45991668899 6.96497160231
DOLL
18.7093529329 2.65093563533 -20.3782464838 -28.9805617425 -36.7731965535 17.2095297664 2.85602277363 -15.6886079572 -1.47654259522 5.68083145715 -2.00858168739 -13.6174789533 -3.23590614338 18.0476780546 7.98068786312 -14.0552461136 -43.2949119597 -24.4641739971 4.97520653699 25.6701387146 -16.6482165136 -6.88280896992 -8.4553482579 -3.36776629962 2.63948444299 -5.8158631256
DOUBT
19.6658079352 -11.9999860772 -22.1217717384 -9.19207954233 -12.9812829332 -15.8058694061 -6.15002804238 5.47544104867 -4.95839599869 -8.48329262372 -20.1598831059 2.89782953252 2.04787165681 17.2657228379 1.83296669313 -22.0817898019 -11.1195534873 -24.0273097532 4.11820332038 -19.6921622413 -1.60905052855 -14.4307416532 16.2886247361 2.45914249077 -18.9049970445 3.49419124606
DULL
18.0140025005 0.336230450917 -12.7899459767 -16.5721930772 -40.3486536376 11.3662783286 -11.984936673 -22.0530256775 10.0304121611 13.2231209068 2.21458198207 -27.5423117107 7.32319434955 18.6596827168 -1.57008963753 -14.6288207423 -26.4673708686 -45.9685891297 13.5970660539 -1.70658072611 -26.1673402518 4.26373765706 1.74916811099 5.62076689356 -19.740102491 3.12083340632
FADE
18.4463279031 -4.49484417456 -8.79702647635 15.2434858426 -45.451439474 -28.2874517096 -9.86139039849 -1.2406605168 -15.3765972888 9.25275771797 6.0882642348 -6.06412695818 5.17250797152 16.9003502655 -1.94991702999 9.40852216895 20.9627774871 -45.0363921186 -22.6022147683 -16.4007370766 -10.5452074781 -24.213777692 9.72221795344 1.65367696434 0.122926119892 12.976382737
FAIL
19.3563545825 -10.3693268827 -14.2820679639 1.42235155138 -34.3318956077 -32.7675586705 0.768723798645 18.8135555761 -13.822294773 -1.73575675634 -5.35286137468 -8.24165821484 -8.31766670683 18.4144885265 -7.58847276574 -12.7567690273 1.25803315457 -34.9579844744 -24.8576900997 -4.44837570333 19.4256923234 -5.27578440008 -10.3542199059 -2.87040047424 -16.8271681329 2.05180334178
FEED
18.9465132223 -16.9507643355 19.0087379576 23.6286151316 -38.9272784405 -8.77100603717 -18.1344628278 -27.918896328 -14.9206040411 -12.6867277449 5.45297967381 -18.0938907201 11.8645515469 17.9479435084 -11.0536192152 18.9015785589 27.949782469 -38.2151535249 -7.49908392776 -25.0271242087 -20.4899657419 -22.8146148671 -11.8480192788 7.11847813866 -18.8622959001 13.8511764507
FELL
18.2761088652 -3.37873322464 -26.9454462559 -13.0290318055 -20.7428810251 -10.529977908 -8.31801295026 6.21019197031 14.704502338 -14.4801397549 -28.6208373261 7.22660320406 -1.159597651 19.3870375563 -8.84385312821 -24.3510939219 -16.7774764121 -22.5727460161 -2.6718887588 -5.89993593242 -3.49426040097 19.9591211303 -25.2750554762 -19.5003435441 1.34016156288 6.30653367724
FIRE
18.709824395 1.98453966079 -27.0041533512 -31.1242993464 -14.2372212314 15.823178639 2.52836357038 -24.0595804801 -4.23513073623 -3.04925568879 -7.49309560178 -2.87448558552 -17.7941485853 18.8774811603 -9.35296196108 -26.4837676315 -14.9159633969 -11.4303389144 -13.9988807972 -6.44823164372 6.93970545536 -4.14789771117 -10.9049101565 -16.15452133 1.25242304623 -8.90191402093
FOOL
17.236634725 18.0477260936 5.46697685348 -11.29355612 -45.854816022 -8.06577748682 -8.23063335712 -7.10118698759 -19.4978746657 -13.7366689309 -1.66006460043 -11.5992679251 18.3172931124 17.4246021917 15.2143841892 7.99638276918 -15.6427596049 -48.2907516772 -10.294576469 -8.17824086455 0.0942446624514 -13.506753756 4.86316810036 -18.517558951 5.84497331998 9.45860464911
FOUL
18.4577022072 -3.33692192052 -21.1685193344 -34.9500518398 4.95975359274 14.183178785 -18.6603847363 -3.4745921703 -7.74918013886 -10.8350438552 -10.4985106001 -1.88332409544 -1.01648877946 18.9125393044 7.06427626414 -30.0905469283 -33.7675498619 -11.9901470404 8.59630348738 -1.17643413659 -5.5538471584 -17.4578861407 3.42414545585 -7.06247194778 -7.14924623878 -3.63775416517
FULL
17.4417055313 9.87621660913 -0.979485998414 -34.4449959883 -53.9010358039 7.14867300931 -0.458394807299 6.57699566342 -12.0610726498 3.66299667328 0.430404711035 -0.986361304331 8.75790856885 18.4578609731 9.98450134974 -2.26095198971 -33.2347179347 -53.8014310935 11.8392525195 -1.99130649178 14.2013889454 -9.44723708072 2.63232871273 0.298466534143 -2.06996102499 9.4759352693
GAP
17.7081069262 -18.3499845263 -6.44350289809 -5.50237401825 -29.8654858791 -15.810875856 -1.48973391738 4.4543713856 -13.1525211915 6.41388708149 -7.90132896835 0.468470831444 -8.67635082577 18.0595742865 -11.2005858709 -24.5038375114 -14.1459307806 -10.3263161975 -9.09385224924 4.43431477046 7.78918523785 -26.515608202 -4.95327234436 -16.0688179587 5.74833222654 0.501945819683
GUIDE
18.6716913024 -2.49445592171 -23.5905666844 -18.4817723499 -9.22319651613 -13.972753859 -5.92523110612 5.16527793279 -8.16655357885 -10.08810321 -18.6143025595 0.219493595998 0.971602830899 17.7856310543 -4.84190023652 -9.28386173946 -11.8844028277 -21.7644024429 -24.0815744502 0.822444521735 8.0906168407 -13.7573918398 -7.29685551129 -7.87177994564 -3.60187335535 -1.95811561942
HEAD
15.9908085002 -19.1148838549 -11.9526399161 -11.2359429917 -32.5762850384 -6.32668181261 23.0736805703 9.50934288907 -11.8778547893 -4.00123320181 -11.086682972 3.81798494771 -6.52336151601 18.6144476033 -3.74055918642 -11.0983805729 -7.25079003873 -29.9036737818 -25.3175303006 -0.883969664213 13.7812056033 -12.4190551791 2.61059516975 -11.9103123103 3.82704167853 -16.0246186838
HEAL
18.6979058791 -16.9887175158 16.6969131977 19.0319336523 -44.9087456598 -2.3487663482 -28.4673424211 -16.2196743105 -21.6977408622 -0.129677201311 -3.74784103086 -5.98826583052 5.71105030433 19.6565174946 -16.4221855964 5.49215088617 26.6374550822 -47.2736899642 -20.5888294921 -21.9889426389 -16.989724149 -18.8977557345 3.33626164038 4.98295376979 -5.37058568843 14.4847904475
HILL
13.8655668431 -20.2384664352 -1.98284916209 1.95405290426 -23.8321453107 -8.02889481394 -1.73430584173 11.9919508448 -24.7920712004 -1.04688630877 -2.74554009247 7.05027021681 -9.09837317305 19.0324930191 -11.8173852902 -11.4752466569 2.36478373339 -32.8770286821 -26.1088884367 -11.5311832892 10.7944951392 9.15977640947 -8.72031387415 -4.76557142331 5.77424215781 -16.7790009346
HOME
18.1151313356 12.3778855786 -10.8038618853 -36.4471272077 -20.4452866919 -14.5143678952 14.4173717906 -2.22672273187 -4.42527365559 -24.0981682375 -5.11092634742 -4.9377134664 -19.9557002896 16.9255457998 10.1119261933 4.64170404419 -28.8065871861 -24.0788896593 -9.55159677274 -2.08462413272 -2.17307715243 0.752808294947 -23.1735657078 6.80834266549 -11.6502588384 -20.3000831001
KEEP
20.7396088398 -21.9218666497 17.0330802291 28.7056319791 -49.724740258 -3.19278516064 -30.9501278054 -16.5443381473 -23.4436945034 -11.0959020517 4.05682544855 -8.74384344098 -1.16375813631 16.4755276543 -11.7462973007 12.1279569371 24.3661807701 -30.3517714003 -14.7274034966 -22.8855245551 -11.107001835 -30.2093705353 -3.90080795669 -0.535716668469 -12.5953893526 2.76578531042
LIT
19.2828742154 -1.69041660445 -9.19456759629 -4.46786315251 -21.8254225246 -36.9834790912 -15.3046940693 5.10405631735 19.3661907083 0.138452442724 -13.8686611926 21.7766435413 -19.288177339 18.3942745308 -13.7801991165 -3.58744290493 -2.0831181948 -24.0470232353 -41.7573494457 -5.67253768845 5.36487112594 10.1786181151 -3.07704039692 -3.09961684005 16.6229937576 -29.3733396219
LOUD
19.0251871833 -7.23406056937 -22.1628732817 -19.6986332005 -16.0788470371 14.3862133736 -9.42195695998 4.28685743335 -14.5261402638 -6.41694639291 -17.9740135885 14.3553933147 -0.357201738146 17.4515994 5.89442027599 -20.8703825739 -20.9397874036 -23.5787347662 6.07241096446 -13.3030982347 -1.82985684927 -5.50877065917 5.99429567708 -12.8952485488 -7.42202591771 1.82728054412
LOVE
18.4996902415 6.25255067428 -14.0766682284 -32.8662676274 -29.7260823211 8.31493037583 12.7533597831 -32.9969820133 15.5813245467 -1.15651711482 -14.6924145739 1.77806899178 -20.202664453 17.3176720474 9.58589430874 -10.0666534093 -28.0020624414 -27.0080481082 -3.0735582747 5.64625764964 -31.9471960369 13.3588907942 6.52177682846 -8.84927534794 -5.01657262663 -12.2001283423
LUCK
19.0152598462 8.54248172314 -17.5128220665 -41.7592967825 -21.3054828005 5.08476444096 10.0923574762 -26.9049438557 7.62729786754 1.12591215702 -12.1463363797 2.74591875455 -17.795296047 15.5670209024 -4.36786173069 -23.7849849832 -29.2359721691 5.14759509208 13.1070027515 -0.426132391912 -13.366764944 -9.16946805261 12.0531591727 -22.3186243557 1.24408894837 5.21200141406
LULL
18.534857693 7.24726190507 0.579754601614 -30.3668103796 -26.1524866663 22.8165735113 5.63112754104 -9.54759977811 7.36159943203 -9.6935683961 5.57042337624 4.22942728036 -9.07077087352 18.8493458605 3.67020625859 -5.31629391917 -32.734163397 -28.4500496604 17.5036183174 11.2225590349 -10.6518124111 4.55011460942 -11.3442440623 9.40249552785 4.19172965585 -12.2829164322
LUNG
19.3083209437 12.5953959776 -24.0640227654 -40.2409709177 -13.5426017698 18.6229277675 -5.19922498265 -6.1955740652 -11.7737752638 -16.1102060451 20.8550046762 -22.3683510948 -14.5460169461 18.0711599632 10.6823988346 -18.4090436934 -32.4147358969 -8.51917663619 15.0719226639 -13.0360034158 -3.27811437497 -16.5431329478 -3.50246552493 12.4545315215 -26.3875547216 -7.20570032261
MAIN
18.9752816435 -11.2985937882 4.85401269917 0.202551102731 -41.6136786233 -11.3159493816 7.9429508555 -2.09741812599 -21.6988428921 15.7380068193 -16.6221898665 -6.26679916809 -15.0835452009 18.5510109042 -7.6802779962 10.9961278922 11.3352552709 -56.1327116391 -3.93427682991 7.01548457478 -24.4468351927 -13.0795039491 13.7223553651 -14.6358024717 -6.80388931004 -10.0521666298
MATH
19.630123715 -6.20837483165 -31.3118389964 -10.9610389589 -4.56220051049 -2.28104724988 -14.3031225161 10.375052358 -11.077488886 -17.4339391363 -7.56722225082 2.50015864034 -10.6940652077 16.5822627574 -6.16852322858 -22.0909311136 -10.8084474573 -0.597871495282 1.06586188982 -8.54128696725 8.55646929168 -3.52021852032 -27.6819228401 2.18314785439 2.92480265849 -8.31538751254
MEAL
18.8668108759 -13.9541648764 17.0403016953 14.1495777352 -56.6286912947 1.24341654036 -12.1037638629 -19.1874336992 -20.3921857535 -0.0221726246377 7.14227904375 -25.6449135346 12.0817170339 18.8599432955 -9.49155480502 2.7394187838 15.3903682499 -46.8911219978 -12.8013949383 -10.3157957679 0.438714196947 -16.3771919521 -1.56558200611 4.32677844171 -14.5973726335 7.80395660114
MILE
19.0332402351 7.07547192474 -31.8393371143 -35.4320555456 -0.963213588377 15.1582161093 -6.49235460238 -16.2074235821 -9.28317315595 2.24431363212 -6.77006873882 -5.02717522118 -17.0158751999 18.696705427 -0.934588886549 -32.143142671 -22.1991780832 1.91748607701 -5.26144207423 -13.2359085138 0.0974383194825 -2.87387817724 -8.57209316462 -21.4837640073 3.69243696375 -7.75103092775
MILL
16.0404951934 0.6239879803 -3.54645726191 19.2903079149 -19.4420001227 -19.5411817677 -16.0915911484 1.64768793027 -20.7883896303 -2.20027036213 -14.5270949009 -9.21103841669 4.65582036512 17.609777087 0.643493273166 -13.9803732061 -1.36233042947 -19.5582994907 -17.4479748931 -21.7745474655 10.223973959 -0.299693520935 -26.259552767 -2.0373550969 -8.37527278663 -8.59787021705
MOB
19.0394641972 10.1949494274 -29.6869095524 -38.7900961445 2.92028218904 5.38531572148 9.66025346784 -25.5226878453 -1.30372356452 -7.93241796474 2.13137830253 -3.59820845725 -20.772778473 18.2200371095 13.883904727 -21.6336543552 -47.7722982285 4.43295123474 1.20104191778 7.83490826677 -18.317454309 -12.9782937654 1.64195770633 -6.74590169399 -2.36703880165 -19.1093017874
PAL
15.5189438705 -23.4924934462 -18.8524569743 -4.63479601848 -11.0567348052 -1.35891202689 2.04679577991 4.63879206967 -13.4890436361 -2.35816324815 -2.03024535455 0.282238407447 -4.04864429493 18.9722392662 -13.2989818996 -33.6991681599 -11.2842685117 -3.90314644743 6.4766446342 -15.631738696 1.1872698738 -10.8752543015 -9.27051874632 -15.3488037897 6.49486301967 -10.5055915097
PEN
17.5634482775 -15.4920168478 -14.010810387 -2.19779254455 -23.2548317926 -10.68748986 8.9865387355 7.80829586731 -22.2324840152 -1.99696529401 2.66758102808 -0.813362906818 -10.4002179434 18.2261211334 0.723398592985 -4.44767337413 -10.8176399362 -27.7894539819 -10.8426821466 -4.83743078139 20.5537979679 -26.8135552034 -4.93006281851 -11.1508765967 2.92571006585 -27.0781974282
PIN
18.1796777004 -19.0853276323 -14.2053852616 -3.9224752049 -19.9024007771 -12.5575324754 6.24137576322 11.1207332876 -19.1126762326 -7.83629938441 3.48761870083 -7.6823606919 -14.389996392 17.7202935534 -6.86702108352 -6.07823281884 7.88657149726 -17.3721543565 -24.5110815804 -10.7362294902 5.50315358905 -20.5555437414 -1.91370375642 -3.57070280687 -2.90919537805 -25.7780160244
POKE
15.687582122 -4.92915906875 -14.5481647146 -24.195239406 -16.6003264775 8.70645006399 -4.46039966107 -6.50350749364 0.574564668566 -2.60369189518 -2.93040712413 -10.3940729633 6.26685760499 16.544736631 14.0092163321 -0.634919548753 -23.9577127395 -34.3831298019 -5.7909013316 1.86766573815 -8.45771290062 -7.42570460903 -10.5019938 6.80750701226 0.944431454504 8.4446980815
POOL
16.7012114927 18.2574466173 12.4320444076 -13.735057549 -41.3667022012 -18.1425573922 -16.4150588878 -6.39610859341 -14.8756005023 -4.57788961522 -2.1892166463 -6.03252663327 17.169359612 17.1825661986 15.3741267815 6.62866169961 -14.9251263129 -47.8728706839 -17.1088395874 -19.3551840163 -2.66553847348 -6.82160512596 -5.42789613998 -6.00622145521 -6.27572018432 12.4107028178
PULL
14.5585435146 -8.18785759098 -4.99448927105 -24.6832262267 -9.90782072123 -1.68466637437 4.69269365385 14.0068305529 -5.35213325974 -2.31686935144 -11.9989806034 -2.89735492186 -11.1224518675 14.7329420635 -9.63172943609 -5.22162387031 -30.8680005127 -16.5521805039 -1.50454393854 2.66923534656 10.1485388162 -8.15991577061 -0.834227299325 -10.6135709324 -1.31071592719 -4.37720411724
RICE
18.9355694212 0.755296043562 -29.641606759 -6.94033498371 -15.776208476 -18.3561800708 -7.55518977947 23.1983957909 -11.6086010593 -1.71516808985 -19.8911413144 -8.4741346281 6.25457106961 17.9684764263 -11.9892543047 -0.643398698421 15.1800313227 -39.9106532124 -31.7078599379 -6.24761203799 6.31494180934 -15.3065151333 23.6702795935 -7.25379157589 0.390479580802 -5.85623493362
RIP
18.9179020318 0.227494395694 -15.7004863622 -5.51775208944 -36.6355359004 -30.5944871479 -6.72670136364 4.00127156628 1.46652299772 -11.1332214062 2.82679715016 -10.4797462285 -2.46889386748 17.6671744823 2.93923243067 -15.70838186 -14.5032017272 -17.9464864641 -31.4707221671 -1.44510167877 16.427918577 -1.41630791688 -0.244942041474 -16.6523821638 -0.834010569044 -5.14711372629
SAIL
17.705596493 -1.54062999606 -17.7765196749 -6.54882091087 -20.5570516057 -35.6782129409 6.19326146812 6.64810201818 -4.24229171606 -4.96068229155 -13.6513122869 6.8795995755 -15.954642031 18.5959171745 -1.85720246863 -20.3058086676 2.93501517168 -35.4287926934 -29.3042774796 -3.14210481245 9.24622483877 -7.22950018655 -3.04371088008 -1.26089411645 -5.61383278586 -4.60199948899
SELL
19.2940232331 -0.699358781147 -27.8946926217 -5.6094345786 -32.0423300761 -1.53595236389 -17.4440947032 -1.52906700456 20.7835591265 -5.65861268794 -19.6473720128 -2.27973106543 5.414878585 19.2595546468 -1.88904042182 -26.2904710087 -13.8111331285 -26.1282195955 8.96429775789 -5.1149327618 -12.677088823 28.8488731883 -14.1442689683 -16.6800130548 -8.6533994661 7.4522544688
SOUR
18.8825957461 -8.72599602582 -22.3428318159 -20.6289818861 -2.52869870979 -1.14224139115 -4.25615244536 -9.84898427174 -6.7010956298 -8.32252663372 -23.2232824614 10.5295756908 -2.83078527243 17.9852190398 6.0819548487 -18.4928611147 -33.7238189374 -25.5038398605 6.71301344702 -6.33570375666 0.499116063397 -26.0164438613 6.57038720098 -1.65760080871 -9.57765186349 -7.06018045066
SOUTH
19.8941094989 -14.7395017459 -29.179499379 -16.7093555549 -7.82373019356 6.13031507172 -10.2942799773 -7.16154588151 -1.54078033509 -8.01882820104 -20.8791149514 8.39356097523 -7.16868831622 17.2925186813 2.63412731123 -23.6511721981 -26.1838263866 -23.2256011396 18.3734224819 -5.15606899182 -5.77509174996 -13.5538010908 0.578217410959 -4.75498306939 -11.8494474936 -4.65126540545
TAPE
18.9906608117 -17.7484615218 4.66029857937 7.01185867905 -45.9070313525 -13.5132692382 1.71669510909 -12.8385401387 -4.9646080246 6.11440513897 -9.92095436925 10.9289175275 -0.770322753261 17.176965149 -14.7865729577 13.3726530977 17.5527890347 -36.6917041751 -13.0351704323 -18.4839525136 -15.3947848568 -19.9233295402 12.6364153946 -11.8315407633 8.09840607844 -2.21789312604
TOOL
14.7469021164 1.87574956487 -5.47823232616 -8.8603659836 -13.2066235962 -2.17310570998 -20.7053465418 -13.3236724432 -8.66869306844 1.30318271755 3.53821471159 -7.63479807507 7.70702110962 17.0426785932 13.4139209506 5.74212847703 -15.7396758555 -42.7691193928 -6.69584468133 -8.60957022926 -14.8161965591 -17.7980198479 -20.4759569904 5.83437048122 -5.86336692503 21.372881916
TOWN
16.9209272194 -14.5331995903 -18.0288238871 -8.78070880466 -7.70338716063 -5.37867987608 6.61744530819 11.3474918152 -16.2410935572 -4.4682226536 -6.57357897326 2.16537758904 -12.7282209675 18.3913331793 1.51618208516 -27.2045086427 -15.4728257633 -2.00851028252 0.321452300826 -21.374261924 11.2518642869 -8.90676714951 -12.1931264328 -8.54583860545 -7.41807952905 -13.2543415136
TUBE
16.6617994193 -3.56282909576 -7.79700014095 10.4491717256 -11.6223290101 -18.8689516477 -25.3281595053 -8.67306294697 -14.5731596494 -10.8977357106 4.74238415928 -9.69519836694 12.5202733122 17.0600653572 5.3851494889 2.09478248867 -4.36434240788 -22.7383928827 1.9472810355 -22.2059381831 -29.2529230065 -24.9450552522 -5.30313095989 17.4250393497 -26.0687875655 14.7334763096
VOICE
18.2277063489 13.8081983398 -12.7642879481 -17.7947804085 -46.91612627 4.04686054291 11.6417408404 -19.624242102 2.90336914595 -8.21944245194 4.2713318348 6.97484027583 2.12440426947 18.1419058423 -1.2320813513 -20.1738296904 5.07444833166 -33.4078067203 -20.0324178316 -19.825180363 7.08177068322 -15.147909764 12.2270082402 5.13997016727 -8.08647331385 0.824763926203
VOID
17.4086410003 15.4616429671 1.64725590585 -22.9745042592 -48.044764985 -16.5566516875 6.08992584255 -6.07151731401 -4.42754739808 8.28643661518 -19.1334202775 12.0959632798 3.15702655736 17.8790650468 3.44826968067 -5.05611214811 -5.81472948778 -30.8646308719 -22.7961662585 -17.5933727608 -5.73269060726 -0.693178417927 3.1627774521 15.8908594403 -8.68906304501 2.25796004918
WALK
18.3916737236 7.45353321628 -7.4758115682 -35.0036494151 -43.2311177289 -2.35622748742 20.5419327843 -2.7166855907 -21.8711290146 18.982413985 -25.496487926 14.0648122779 1.67756660294 17.263767781 -2.77419417339 -21.3434391751 -29.8168809876 -1.28218746168 9.42992565587 5.60047063279 -10.1726124063 -16.4167602423 17.4484909404 -10.0417806373 -4.61955474166 -2.23050318318
WALL
17.3791236101 12.349288241 0.908295550106 -26.7996479266 -44.3429327513 -17.6105496287 9.4437584316 0.882178975026 -9.0158613532 18.3249991668 -22.6246214409 6.21167404024 7.82161194695 18.1530120014 9.91903873446 -0.00374382624791 -45.5225931473 -33.9116293901 -1.0582734285 12.5797974858 13.5778225308 -19.2330108419 8.25964101893 -20.0221974913 10.7721425923 -1.28328667911
WET
19.7230966015 -14.2773175413 -19.0428393801 -12.533910324 -6.35907512653 -15.4449332487 15.9881280835 17.4395633566 -17.4980425753 -16.0365593928 -15.8093611773 8.5625307682 -4.47326757787 18.1234953201 -16.8986561621 -12.156945553 -11.8320906579 -22.5155156904 -34.6378463761 20.1824168512 4.28701163539 -12.9983794496 -1.99522974741 -20.3209033853 5.21710206876 -18.035452555
WOOL
16.8734517653 10.4855804123 10.7832157375 -13.3593629041 -52.7314525168 -10.2771943441 -14.8694943995 -3.74190343947 -18.3052999798 -1.6875565425 -11.1582918675 -5.8132230428 26.1181032957 17.4720515482 8.09823051385 13.2796198008 -20.9987369408 -62.5530200376 -8.26456975183 -9.28062264957 -1.89661404902 -24.4617591674 -0.939004577944 -12.499533389 -0.989276163796 27.8058810561
WRONG
18.3576656359 11.3261831094 -24.1114438273 -24.9499816591 -30.5484918339 29.8828639039 -2.05883050261 -12.3731133142 -14.8519818571 -8.60108594748 6.76570666714 -13.2083915533 -12.4298736169 17.5650672615 11.10836621 -23.7135202833 -19.891296445 -26.1716517926 18.6178429488 1.18802987411 -13.1404803308 -16.0661345543 -14.808927863 9.11578591074 -13.6419941886 -16.8097455334
