HAD
17.9220812382 -10.5233827963 -18.9026774468 -1.56254057969 -26.7151022459 0.447766766733 6.26099516195 -1.87648976463 -21.3000872506 -14.4140730321 -5.63321119094 -0.466985414404 -9.95579512898 18.44197832 -3.3665427129 -18.5471967063 -9.06580189153 -22.8039350613 -14.2894576668 6.37839785969 0.901714985317 -18.4408875834 -15.8775563287 -7.45017851193 7.94254331022 -16.6742175905
HAYED
16.9565071391 -11.8521807444 5.56854860691 -3.14855268292 -44.2318546537 -13.8881596023 5.28065466134 -11.6152444981 -7.13789338691 12.0008417417 -23.6945028289 1.6714786021 -13.5397999881 18.0396920625 -6.19995326959 13.5761124397 2.36015499706 -51.2029928209 -14.5483222664 -12.3956684477 -22.2724941285 -0.66779052257 17.1651377255 -17.4637799198 18.2827861954 -13.3278323794
HEAD
16.8401109592 -11.6916242082 -10.2260051035 -8.35574703101 -33.9692547052 -14.0111462375 17.6804207746 -1.37071651692 -14.6199996434 -13.3336632431 -15.8675967515 -5.5507246538 -10.362193328 18.9869380391 -6.88078299219 -10.2559721617 -6.69137704073 -40.0113524859 -21.3665041789 10.0134774429 5.85899540931 -9.99705811935 -1.82471515296 -13.5749065888 -0.393301750764 -17.8430051229
HEED
17.3456852525 -6.75413430378 31.0163429844 10.0016761996 -38.7238769866 4.59000385447 -36.3475746058 -19.7569049489 -19.3004038363 4.82898873572 -25.900918224 17.1880070741 -17.0743496224 17.4907109781 -5.65970623821 28.0085541167 15.9454605607 -41.0835926359 5.95021780587 -31.6597249362 -26.8431286807 -14.5197163956 -1.37779296357 -20.5796231697 16.7136057732 -4.93373099073
HID
15.071721117 -15.7695012837 1.1991570555 3.70313232026 -37.2153902896 -12.8199393272 9.54858989908 -16.0208209176 -4.64527974603 12.5708962667 -11.9008512233 3.34156902233 -5.51727671066 18.8200632953 -5.82520225472 2.85198474202 3.25144784142 -47.9454777662 -24.1515994403 -8.77570554145 -8.54603677674 -6.30908438855 19.3341108456 -4.70527425649 3.38083411057 -12.8937798046
HOD
19.0938860638 5.91988555764 -33.673817343 -21.3491221501 -18.0848933067 34.0322718243 -18.0949216113 -16.8406438092 -1.26050591468 0.627528400311 -15.1737172208 0.944025621412 -0.932569873659 18.520314553 0.0262806070291 -33.056984098 -16.9124439111 -21.0661715642 13.9128741787 -15.935661186 -2.5424879764 -3.14733318879 -16.0366610732 -23.5256425544 14.0221949104 -4.93722722555
HOED
18.2643173158 5.20882183397 -17.2866706099 -24.1547668157 -18.7968208201 -3.29400156016 -20.3456005453 -12.3887825492 9.08311551323 19.7047990355 -34.8473040745 3.57266907874 -0.675220995451 17.461014923 9.18233493242 -10.9190802376 -17.8117031606 -17.785098574 -6.27161671812 -29.1086448511 -23.7183032454 8.09494540963 22.015195963 -18.7752361205 4.22320939627 -1.77611946886
HOOD
17.8171146731 10.1273001964 -12.6028242603 -19.5801510512 -18.8748242144 -15.5162133809 -28.7351433866 -13.6975681877 6.44045321667 22.5400794597 -30.9627793711 3.39395455422 -1.34368714039 18.4601257767 -1.21651534751 -12.6911173111 -6.60637269486 -25.7011228456 -27.1266368815 -17.2448333446 5.0745806818 -4.32380862601 5.2518202945 -16.5225432308 12.7434688697 -12.6607945731
HUD
15.9257344021 -13.0137981495 -25.0557317555 -16.3782206089 -6.92140411433 -0.191688125398 -2.48489432247 3.38604651761 1.58291462821 -20.4760938674 -17.5206139212 22.7231846871 -10.9912783383 19.6388790086 -8.74707094566 -23.0606302743 -5.93210472557 -31.404077606 -4.89497541012 -8.49727117338 19.7073793474 -5.02960536927 -12.2662256874 -19.9403824287 19.4344075165 -12.9791384251
WHO'D
17.7307998387 5.43954498993 -6.02016297308 -4.1271777186 -18.0106008627 -15.8926959309 -40.763388285 -14.8717673871 -4.06715530055 21.8825407233 -32.0544888046 12.6523737224 8.54082809264 17.5675016497 3.57675158826 -5.0291671592 -2.76229387226 -16.2145760728 -10.2988744108 -44.6388031923 -15.4937344224 -8.32363732397 27.7863513307 -32.78058447 12.4953261619 10.734335387
