HAD
19.4139428252 -8.30949961977 -32.689518588 -5.4874762384 -14.2470697771 12.0283717202 -2.71415987519 -24.6008990941 -21.9310925502 8.45963921475 1.99875811445 -6.2728845916 -1.04816471203 17.8791647128 -7.96934987131 -28.6186890613 -9.4784526272 -22.323020448 3.56553912332 1.06488887605 -17.812176522 -23.8456179304 -7.35992542408 10.5554256786 -13.5525692099 3.94586912976
HAYED
18.5972993232 -6.03108157498 13.3476227239 -19.82956176 -54.1160548248 1.83312534533 -21.9686047317 -4.9569417856 5.35582321836 -2.82511801346 -2.04512692103 4.53668171527 -11.3010181024 16.4492084879 -6.4543977492 20.571365387 -12.2904282535 -50.3710565592 -3.15889206942 -31.8430581058 -9.88781212468 1.3989679828 -3.81295589633 2.71561351638 4.20426892534 -9.14574510425
HEAD
19.5160059781 -8.64443339049 -20.4200965371 -12.9126329299 -36.5739310283 13.3441719189 6.91836825512 -10.9186469909 -25.4386636164 -5.67032062077 1.45076186453 4.38318400483 7.60985835673 17.0440149481 -3.67388370292 -15.1209252082 -14.0383746083 -35.5440359343 3.59830598901 13.8621338135 -9.73573080525 -19.1942517633 -13.6723963071 -2.41614570916 -7.80772234216 12.8467057386
HEED
18.0488399239 -5.23775620391 30.3164447047 -7.35317184869 -39.8624789255 8.35917194319 -46.5585475208 -5.15597378841 -14.2314170282 -1.83775183851 4.42417772197 15.4874520654 -14.5776947797 17.0461174355 -3.82838127969 22.2985293437 -7.52136979044 -46.8419603823 -2.52702102461 -35.2808548869 -10.3744738337 -7.75747503681 -1.69604352226 1.37432364434 7.75082208383 -2.46908066315
HID
18.0445363009 -11.9505075624 5.83661616838 -12.6319312425 -51.8210874387 0.329675133804 -4.56257800372 -1.46861911054 0.926521374322 2.06583379887 -11.6205117606 -0.666980283658 -3.45030592162 16.7488717265 -5.43474392256 -0.621215935115 -14.7701112569 -43.6952485961 -15.0543644248 3.00076360722 -5.93258803406 0.774981636085 -3.25895342756 -9.76858114851 -17.468589348 3.01035201074
HOD
19.468093827 -2.02466901694 -39.1995116564 -10.4577912333 0.930327726033 14.885242099 -27.4040699273 -1.35136322905 -13.0017266262 -6.84654115474 2.01308192811 10.3472894954 -19.2532862266 17.14746818 -1.70319541001 -32.9878313162 -9.69620048042 -9.83917559219 2.95723907408 -16.1351245313 -10.5617144607 -25.1842223803 -17.6910986788 6.7385820098 -0.567227445665 -17.966895568
HOED
18.3285249017 8.09503890216 -19.9320889963 -30.1120540341 -17.4055976698 -0.767973780832 -18.5442384062 6.64301949482 13.5110621795 0.572567777244 -25.1736671945 12.9576468709 -12.4796395892 15.329674814 8.5276718091 -11.1498724695 -17.9280657989 -19.4283578412 -13.0785800269 -32.0625157352 0.779839199172 10.6241302197 5.39659837788 -26.7094430101 14.9792299484 -14.1855062523
HOOD
19.0719579113 1.90372436099 -21.957298524 -22.9795497319 -19.0491004748 -8.10931394983 -9.76551459274 19.1386335318 -0.865783733737 -20.1633070925 -8.18970685184 13.7942801903 -18.1221791256 18.0366670255 -7.5874539101 -9.94465664462 -10.5511059515 -39.6753779339 -19.3895450727 7.16904788133 8.69021303551 -11.5101543358 -1.42169341363 -4.78365386582 -14.9933844352 -4.511063979
HUD
19.1497097232 5.96485572849 -29.6730067161 -28.141765948 -9.72692705007 7.91237643905 -16.5470750571 -1.1966818589 -15.639522735 -26.6837529705 -0.276841566701 11.5637635663 -20.3994693435 17.9188265304 -0.641206588127 -16.8755022947 -16.0296027769 -31.8389537498 -12.4559072314 6.04918834948 -0.132767300658 -20.6498806305 -12.3318105578 3.97836990766 -11.5880709808 -2.66983554009
WHO'D
18.1156941159 -6.41096912495 3.35581494452 5.62012189996 -33.7265234268 -25.7020368908 -19.3386109366 4.4280629506 -20.885390474 7.87958834782 15.6526398189 10.6833370265 -6.87550530384 15.0414487887 -2.13846332965 7.10732295206 4.10711771638 -27.5553209288 -28.8992206593 -12.515664542 1.59728679021 -13.9497938149 -1.9128813871 10.2435850999 3.68419801648 -10.4973680817
