HAD
19.0806867732 -8.86065017529 -18.6862628361 -10.6892225993 -6.76429110416 2.79882128263 3.8472364307 -14.8380665051 -21.6615318498 -3.13040779839 15.4057347427 -14.0092922788 -6.69149094215 18.3097966896 -6.22056783221 -8.06494508043 -13.3446263076 -19.2198806191 -6.35542986406 10.0919292294 -4.65966132412 -24.5594920129 -5.21325880264 10.610616814 -13.3599571133 -2.65900482565
HAYED
18.3492567848 -8.76473870096 27.1350070863 -9.96259035299 -40.787783241 -12.7408654368 -27.9774888607 -21.4445537611 4.30211311885 1.03310604224 -6.03716037138 19.1219656813 -20.380014816 17.0152843061 -9.76019161158 34.5770073719 -1.93143767349 -45.0456823613 -9.21972583629 -31.1139846435 -21.9270556335 3.06887226809 -7.60989890876 -2.35803917611 12.0947153455 -15.5967897789
HEAD
19.0627467661 -8.44934774814 -5.66193058262 -20.3152333419 -44.3645018106 -7.84945450294 9.57051709445 -1.73962445234 -35.3807167995 -17.4951329491 4.51912907708 -4.3254589692 7.18462371844 17.9589691637 -2.69184279755 -1.38729651668 -12.7737264213 -41.7385592115 -14.6503753565 8.45416515321 2.61786175105 -17.0726941172 -5.50387805654 0.800721148724 -11.8390597032 7.15826707565
HEED
17.9744639087 -10.1508047241 33.4458544765 -12.6709505276 -23.8295857472 -1.91055498478 -23.1260162191 -14.4348536186 -15.5922058667 -13.1425816531 -23.9272986312 5.93561562975 -19.1794056508 17.7783071258 -6.8801959786 33.6952332434 -11.5020951216 -22.1399381689 -4.83728856074 -17.1965160195 -18.8740214891 -6.83432956345 -8.62097689569 -17.6690235545 9.56903446883 -14.7452401033
HID
18.8591538976 -10.8531342456 14.6949735009 -14.7987768574 -48.1086750406 -14.7153627488 -8.333665026 -13.3661965256 -4.76581832153 -0.506994389805 -12.6703877115 -2.74432767467 -1.38686130935 18.0862469416 -7.02295337078 13.3782117647 -13.2808861592 -50.7734837599 -21.7978863461 -13.8182111914 -7.45503687088 0.0498415397248 11.4090269357 -8.83781603998 -10.9040465199 -9.29424382504
HOD
19.1438165408 -5.79697821438 -19.0464804038 -38.0144604056 3.85746128009 14.4266273282 -32.5404084892 -13.8013203291 -6.54421140999 -9.82986855149 -12.0788752019 5.2032351354 -12.5954089257 18.943663802 -5.72142584161 -23.4050447789 -33.2753928843 2.67951307078 6.7153958285 -27.9429261117 -16.0768662466 -11.5232451705 -20.5257758266 -8.01854778787 13.8998805005 -23.4590348426
HOED
18.0815443258 7.26657885844 1.72167028858 -41.3660495105 -41.999379963 4.149948735 -25.2291968063 2.59340996952 -14.1875011514 5.72845930037 -7.55174929121 -3.10679764477 -21.8392653221 16.7066721626 15.9951509566 5.2872902227 -18.5497216134 -25.9458888468 -9.99389422268 -28.3077203883 -10.1707477479 -3.9050024296 13.3016207837 1.7081287035 4.54535348832 -11.8945489406
HOOD
17.9790759493 4.08063506633 6.59271468063 -27.5065098122 -15.2205943997 1.20903665668 -22.1290776819 3.7535657593 28.1235691422 -13.7533055634 -6.64855960061 -8.0120016877 -12.1622981789 18.3545629509 -2.64883741162 -1.206102104 -16.7528565056 -27.6656766808 -21.7577910523 -16.7765661239 17.7528183029 10.3205945087 -14.5250382634 -2.51145195221 -3.05381403073 -20.4699293741
HUD
19.0757043792 -7.00132744353 -3.56908303381 -42.8983400418 -24.1989887773 5.31903849708 -36.9399694375 14.1307278089 -2.10247341622 -29.1907417123 -16.0327780858 -5.07714233161 1.93625128157 18.9280235195 -8.2141456676 -4.15506507024 -24.7179563533 -32.2863248348 -16.6930996152 -17.1526986914 24.7971527235 -8.1385579198 -21.1378222069 3.41252674644 -8.33188790781 -19.3882072849
WHO'D
17.1499240455 10.7754462066 16.9816053845 -27.7831399458 -25.8705266652 -6.98599877145 -33.1644609141 -17.0143707527 -19.1235323899 12.4953455858 8.96813044407 7.41193832648 -14.645288357 17.347494978 9.77753883406 10.3388075745 -18.55275356 -17.7232476174 -16.3360677317 -35.8013685067 -11.3040978777 -9.0601622344 10.239462159 1.27119667396 6.49123475745 -1.79705290777
