HAD
16.9043110843 -13.4020038544 -23.7826414465 0.396250262213 -32.2375202859 -2.99538492655 15.8159131403 6.62687355738 -17.1607925523 -4.77955688445 -4.17948940916 0.09462974324 -10.8411629799 18.7411905726 -3.67966115873 -24.093335026 0.776049225029 -41.6498568881 -4.31364822472 2.54007937151 22.5333051068 -12.0079936134 -12.0651488639 -14.9761075202 -0.463202263651 -13.5777668184
HAYED
18.1977304379 -13.7641373451 -9.08131493747 3.66972282453 -49.9916670078 -4.2597718989 6.41602669972 1.47287866093 -11.9544254817 7.71876275044 -7.20177666278 -1.10702319907 -4.98085786507 18.5068779807 -8.86376528483 4.6952165789 14.4383802543 -59.5768288526 -6.12675243544 -21.0508822204 -0.376792130715 -8.88550805069 16.5413423606 -6.32061835413 0.315756975667 -3.48884001452
HEAD
16.6581844411 -28.5133952453 -23.4870274052 3.12021533333 -22.8565635945 7.9360433487 14.5764499647 7.85761407445 -14.2839931387 -6.48005875905 -4.97862945058 10.6515846927 -11.3368308998 18.90341544 -4.60590968767 -14.592466029 -3.61708702209 -35.9579663064 -8.98176230283 -4.53989489921 21.7278737619 -11.5863331933 -14.3411136064 -9.30594915657 0.521226597468 -22.9908985905
HEED
19.6105141036 -11.5016257221 19.4816612038 20.4763765798 -59.8952376863 10.3288264631 -40.8194187828 -16.9201487356 -16.491455205 -5.90069185824 -2.60319617128 -8.8592291836 10.1515498537 17.1415397521 -7.89256439779 14.7714877424 22.8640884862 -51.1868626345 -4.85886860485 -27.7450365647 -14.684397351 -15.8746821678 0.200357479554 -3.81465151366 -6.88647622811 4.4676329992
HID
16.7317443841 -18.7823822467 -0.875521824018 0.972526338583 -36.970253179 -6.02445405263 -1.26498490123 -12.6893144409 -17.2455432477 -7.56349516435 -2.19684239794 -2.03109357097 -3.64852155275 18.7939279776 -7.61247435905 0.275554358539 2.16826567081 -45.5302820608 -22.2217772794 -19.9658703208 6.39043728257 -15.1057957778 14.2635356231 3.74586197083 -0.0247705856963 -15.9053806581
HOD
19.3725859618 3.1210859793 -34.6595480744 -21.1299550685 -19.2159641546 31.8683039846 -29.1343861785 -1.61084875647 -1.87742357801 -10.8804918521 -25.2713596757 7.35484636855 1.39888573276 18.7487311855 0.166593889045 -33.1727989367 -12.348897346 -22.5621823142 18.9007786333 -16.3335036172 8.91555158376 2.49595879006 -20.6001998201 -23.4313373523 10.1526008456 5.82695690998
HOED
18.4939151149 7.446558234 -12.3566494847 -19.563752448 -35.8082787169 12.1760370977 -29.9875172473 -7.02947208446 7.70917651713 15.0047982007 -25.9412032551 -9.02025742546 -4.11656589725 16.8474657561 7.88288729218 -12.9113484652 -4.18047255825 -31.1050050824 -1.74782126588 -28.1559405816 -10.8818854881 4.10246373794 19.3233224487 -7.08223391687 -10.6915585 1.29108308171
HOOD
18.1637233449 14.2764950756 -12.9139861915 -12.6437274681 -35.117532515 5.93054085443 -35.5528569001 -10.2998040854 19.5263141638 15.3233606408 -13.9013812627 -9.66472717691 -2.16428629271 17.9965667014 4.52760719889 -13.1009916381 3.34258626736 -44.3368927993 2.43806838997 -39.4722494583 3.73104326063 19.402955047 4.85753633897 -8.99934069268 2.75187040924 1.88747681568
HUD
15.441545531 -6.77176383378 -20.6156016643 -23.7480951831 -11.9591240182 15.603133391 -12.682626272 -6.381308759 2.19009165805 -4.91934911605 -17.3831570223 2.53420242261 -3.59332817575 18.5598398617 2.81415892852 -17.7074564018 -11.4637301389 -36.3341168491 3.58463526491 -33.4953836473 12.2504694369 18.2077773755 -9.00710331728 -27.7288731044 -0.145910194884 -6.028227491
WHO'D
17.5457932716 12.187615141 -14.1100077888 12.3988879024 -30.0866898113 -14.2621672885 -39.1198192177 -13.1085356098 -0.671536335699 9.72671739602 -15.2678210543 -7.95522522536 19.3118128386 17.1231526471 7.70043257727 -8.83132305756 11.3537620621 -27.8299004156 -9.41984196815 -41.2013339457 -4.72729454197 -2.43693130584 5.78998683664 -6.840573755 -2.88017591781 17.2169654687
