BEAN
19.4410429108 -9.65499389202 8.72756272206 21.2184302333 -51.9656324365 -15.8011770388 -20.9831168 -16.188917841 -17.1987695223 8.14300571975 -7.10305337605 1.88984073871 7.43491081718 17.3414617569 -5.18950556836 17.2855685653 8.87840656681 -37.6686808885 2.60186063985 -21.1800360226 -32.7704075412 -1.56296848128 -5.54705682764 -33.1188369213 4.583846319 -0.729733345721
BITE
19.2661076826 6.13861917117 -32.9190994199 -11.0711365514 -28.7751317937 0.0655263543549 -4.777788168 -0.279406353072 9.37578843374 -3.70436130021 -15.7209178423 -17.323364481 6.739529592 15.9674903927 -5.30540787685 -0.612381332619 9.47497751896 -45.5471459271 -19.9503665307 -15.4261975411 1.3792344592 -21.16830305 15.3035739357 -11.2120463174 0.910828291099 4.1105580228
BOAT
18.0325895398 4.89728844812 -10.5923686051 -17.2745502303 -27.6287186147 -4.21156956594 -22.5190636019 -13.0251828534 14.7302984204 18.8675503721 -12.164073295 -14.8073399451 7.3341590262 14.8394829937 5.35226829903 7.99304599956 -13.6255549376 -23.9066685775 -4.34226666751 -21.4519762371 -31.3650877323 -20.6047524939 15.2333467977 6.12138195543 8.4156320679 3.57128513838
BOIL
18.3293295754 13.7617195369 2.76443027554 -36.7802135376 -43.5901367027 2.63843589915 -4.91270309714 -9.88725915349 -9.35510483956 -13.9695530083 12.561976862 5.75302321381 5.34466230794 17.7573596506 12.2755947651 -5.91056897552 -29.3418549598 -32.4177924371 2.23111656563 -4.30726596144 -22.2760393731 -2.13330256421 2.91696642235 5.79179127952 -0.98827013888 -2.55040458997
BULL
17.8204039084 12.6339698186 -0.741950222484 -28.6117976293 -46.8391553288 7.67880200574 -8.70465706414 -17.2981961916 -12.5795165653 -11.2193450994 -0.704820302498 14.265719148 1.51000689086 18.1908449414 15.027031575 2.04361481301 -25.5212581841 -51.2202468695 2.22876265869 -13.569505439 -18.0739610379 -8.22379286477 -17.8911980393 0.0204027374284 11.8377693745 3.12667207859
CAB
18.8442074837 -2.63081532193 -16.692999052 1.86414731947 -42.7409104834 -21.9452673692 -2.16958714489 21.6263307255 -14.886020349 -1.52209124531 -8.01933467484 -8.37284656865 -7.0196107078 18.4161579838 -0.893989022415 -24.0391041495 -12.3489681719 -30.7292316734 -1.08142121993 -11.2420715027 12.4252203052 7.64631835039 -16.5375650802 -17.914339734 -6.73467206498 0.960400951067
CALM
17.7155796741 -0.821401920856 -23.6272631363 -18.1434295797 -9.00063369964 -4.66769170741 -9.24132605676 -7.95112046926 -8.96628362139 7.10791685287 -22.9527407123 -9.84379352606 2.60125428486 18.6959956164 3.68145525333 -20.1318095647 -21.1425288205 -23.0646958395 0.634378048926 8.33137930119 -15.6120778918 -19.2092135128 -4.53119279563 -21.5880573562 -1.21688388709 -3.7118738808
CAUGHT
17.1975099484 -1.1227890126 -22.6901406165 -26.1402745135 -23.3173520973 9.42873061735 -5.24193798971 -5.36826953473 -2.85987793858 -0.0708036579386 -4.88324979082 -16.6085480485 4.12902931149 17.8743809055 9.82387784691 -12.9560792956 -32.158008868 -45.6569518349 3.05613590853 10.3631943446 -8.51082444442 -5.03491052127 -9.38988113342 5.91062847576 -10.3808771991 0.499800594344
COAL
17.33395093 1.22093373509 -11.1085159536 -25.4063809658 -13.8425646344 0.480185895166 -17.7786595417 -7.30238623867 7.67693982008 8.18274089957 -2.63096831069 -2.80412381071 -7.39427095465 15.8637588021 15.1840344376 6.02001426611 -27.5800165727 -42.4159361915 -3.32751771797 -5.54696257761 -3.01260763105 -3.31514624924 -16.6840515114 3.40184339213 3.89465487892 4.51305387954
CODE
18.2273531857 1.26648589221 -19.4620791331 -2.68157473282 -21.6543931525 -18.1008313571 -25.8384517187 5.19842788814 2.88587795856 9.08473108039 -19.0412384739 1.20696414958 4.60926333417 15.7834629902 12.3235211436 0.564808660919 -8.37591102903 -11.1281054357 -8.49065720404 -27.3577030865 -31.3458303312 -13.6680541137 13.4105878384 -9.83395540433 -4.47664155218 10.0447601863
COIN
17.9595117637 4.17986491476 -1.73167613196 -16.3738772423 -36.4690237651 -6.90477877718 -0.0278188843625 -16.0301007146 -2.06086418282 -2.27342287032 -39.0337059876 7.48665324165 -6.65685186579 16.987474264 1.92497736309 -3.90525834462 -4.23659321076 -26.1560428763 -12.6873226666 -14.4394900146 -15.6878557837 -15.9556879741 5.71993521283 -27.0841784554 -2.07130677497 -6.93018723674
CON
18.3882674057 -2.67300820041 -27.6294006129 -14.0653784577 -11.1897925973 -0.377758971506 -4.93460295405 -10.77180093 -6.36408606449 -0.0923213342804 -18.9520175746 -11.1546072498 -2.41120504053 17.8433715699 3.51732364638 -24.6879132151 -14.5262430777 -5.91588513246 -6.0126221708 -3.04936589236 -18.0238998745 -7.16741480685 -0.812320174722 -14.9515255797 -13.8597258054 -11.0857447813
COOL
17.2263765437 20.8744148677 9.83508688691 -16.999794115 -36.7251174866 -11.6804202916 -8.93684194225 -12.3496623814 -22.4683731513 -8.5711987037 -13.1967050998 2.85129990174 15.4653204068 16.3885796548 19.333710847 18.0800804694 -18.9019444143 -34.7212323253 -16.5323476771 -8.24397942531 -7.23160636342 -17.366755269 -15.0845191332 -23.7388157905 -0.447278870118 9.35865181498
COT
17.5847834624 -4.36992649908 -25.1077243639 -9.13243667311 -10.925801946 -6.19865674006 -7.59966674887 -0.211428574657 1.86144104091 -10.1812706698 -16.483435907 0.203723780116 4.60611502432 18.5971455525 6.51894071926 -36.6725972766 -18.0153589169 -18.9360896068 1.30071033014 -4.35663754272 -5.41791137404 1.51906671405 -6.06210606877 -20.4539965143 -14.4526624843 14.3282930342
COUGH
16.5556428413 -7.92673891758 -20.0109573521 -20.7983229122 -2.49341961213 2.54703440518 -15.1655564993 2.61174543106 6.16486395517 12.4087496318 -17.3933400946 -3.19801463203 -4.32479374305 18.6971554292 12.78217968 -16.8365038724 -34.487090361 -40.3015504836 16.0013427793 3.99752860096 -8.59951062442 -0.365736383138 -5.21698917904 4.29362155891 -12.4438524 -7.05738589176
DEATH
19.2282005184 -8.22989563565 1.59437894763 1.01710419043 -50.1247506655 -15.0233615443 -24.9498041448 19.8875099336 -13.9453749536 9.43664199738 -1.37513872521 2.07273470762 -20.7657637878 16.7498818469 -8.95095314114 -21.6104064874 -2.71082330982 -25.241821746 -9.33879958559 -5.10710125002 19.4719906439 -0.710457501248 -17.9636603538 -14.416831046 10.0122214168 -9.68929861002
DIG
18.3361154998 -7.79175472053 15.938835789 16.1955630143 -50.8976190482 -16.8879625417 -24.6751504456 -13.0625898996 -29.6297304104 15.8897206982 -4.27127272092 11.1869400257 -1.13703421987 17.5227555911 -8.65209094987 12.4188270613 18.1026331094 -48.7050641939 -18.9051870898 -16.321030089 -11.60060503 -32.9130347609 17.6483108943 -15.5747691771 8.35235201673 0.355034950186
DIME
19.2632150942 2.34585581691 -29.1316963994 -14.3693358254 -9.25513039676 -20.0089859768 -21.2801197086 31.310511373 -15.2625855855 -1.22519863209 -14.0832684295 -11.1245202599 9.20067361544 18.7699543761 2.67104359971 -35.4555251063 -15.1870273191 -7.95819693053 -3.62526358705 -40.1564359146 24.549802455 -10.3158045321 -19.9291473894 -8.2166273389 -14.2743622801 6.54117895128
DOCK
19.4710076376 -2.77952171043 -31.076429175 -5.93037352298 -31.7925742349 -2.42033653692 -14.9821155223 7.24586943389 5.3719091973 -5.31724802031 -22.5140088726 -2.5759453333 0.409351674165 16.7374021785 2.63875060054 -28.5020373241 -17.1965610028 -21.766620312 0.575356209357 0.204371972651 -18.1174178221 11.2573078679 -3.75340513777 -18.7772786456 -15.0487597721 5.87424087294
DOLL
18.6027848529 9.06786661677 -25.6389397845 -25.0301192142 -31.3661237085 8.74635782498 -7.47503358117 -0.297256278608 -1.16459906314 1.65039731365 -7.38538431601 -17.4930995858 2.05403509147 18.0248737143 11.5789519514 -18.9527404428 -31.3900707136 -38.0636124438 11.6352938318 11.2862457901 -5.14227716344 -5.99279892877 -10.6722551304 5.76637110149 -12.4985464856 0.582524466036
DOUBT
19.0930573942 -2.26644845329 -25.3328430036 1.01675915418 -39.7182645646 -10.1796014337 -10.7275937103 26.0608823148 -5.57032381913 -5.18914153295 -11.7421974794 -4.32858302997 -4.38574821934 14.0349149318 0.840292936726 -12.5750524425 -23.6228143378 -23.7599179778 2.074937709 -2.14589148019 -7.81739808814 -8.06354518631 7.90057185874 -1.99529312962 -11.2860170461 -1.74678549168
DULL
18.7161611458 -0.986661492507 -10.7862957436 9.35145988009 -29.9286039647 -30.6372589145 -32.8750306233 15.5589911362 7.62101515961 1.48607050052 -3.47281418011 19.5035609023 -11.2006387835 18.8509744123 -0.486412621493 -13.8608961179 -0.609090597339 -27.258455652 -25.0738657388 -35.1275250695 13.3287657806 11.7484672643 0.787552168061 -11.6813135317 19.0684436803 -10.640438943
FADE
19.6109708008 -8.33044534377 -12.0561008014 11.8549328116 -42.2554464788 -28.4326395638 -13.7637982014 10.9347737437 -14.673814698 11.1000039164 1.62192932217 0.401573450951 -10.273512254 16.666320185 -8.60699348168 12.2637433892 21.4710963642 -47.1998853641 -16.1494608318 -18.4292549434 -19.2470207186 -27.2894657823 10.2727476523 -16.7619674373 4.12971705944 1.15498019138
FAIL
19.5189598534 -6.46000301746 -20.205997081 5.90483259256 -41.6272147118 -28.9039983347 -13.6869331012 16.3274353775 -7.43344698005 -5.07337956866 -0.964928176331 -3.30950358465 -9.01586206344 18.8902450898 -7.91042784372 -15.0423426915 10.1515376586 -39.811943883 -31.5495631366 -12.3852676343 16.1578454384 -11.7990915552 3.23286337931 -4.16030129947 -3.54350915828 -4.67969112569
FEED
18.3040085653 -12.7462448748 26.1302938205 17.993580707 -44.6894040474 5.95613325234 -32.1952467286 -12.2729230366 -26.014104894 1.74272017765 -20.0581587335 0.699239983264 3.87362454654 16.5753013193 -7.78628526526 29.9169028616 16.8961460992 -30.8248714465 10.0760473538 -27.821496172 -14.3413965747 -24.1969199693 -9.04207532079 -24.8026096552 -10.3879663586 -3.59889493639
FELL
18.7272724073 -2.32078793644 -7.35132140679 10.9463007753 -38.1590141657 -35.4000360444 -19.3296916315 19.5037044494 -8.17714780918 4.66762126303 -0.857496253001 13.8448465701 -8.20066928137 18.6883093461 1.89215835725 -11.3522708419 5.02592289809 -34.108958284 -34.052005683 -16.9144741375 13.3051616633 0.397504111784 2.73841512392 -5.32494952977 13.6882230218 -5.48554444675
FIRE
19.2562759157 6.50056182745 -32.8175384885 -19.9181458017 -26.2788303094 12.822947591 -7.20083138285 -4.01437868365 1.56503702803 -4.57735767438 -12.3551853688 -21.0524911346 12.5979098618 17.6264025513 1.74394005599 -29.8871244863 -1.93700207817 -32.4186648094 -20.9236737687 -4.89017239291 20.79261108 -4.39256050133 -19.0407829529 -4.71523437579 -11.2801840405 -1.11187980563
FOOL
17.6057415967 20.0118471104 9.65265822882 -20.5974716323 -40.5509361237 -14.0302845811 -12.1018194406 -12.6200546056 -15.0680358911 -12.2879283529 -6.01874158047 -1.74321390764 10.7956514533 15.5618476903 11.7487890975 11.532475894 -16.5482410799 -33.9688765451 -22.094079882 -10.1000363518 -7.62960226914 2.3877022688 -7.7793598378 -16.4946650526 -6.21311461005 2.1807690834
FOUL
19.0391296495 2.13701149432 -31.064508637 -4.8855338685 -28.3448540069 -10.1501104415 -5.88402261126 19.2484308067 -4.28681037406 -14.5618562915 -19.6071037359 -1.05710443878 6.99893006067 18.3344754378 4.41331889935 -33.3323407325 -13.8833734507 -22.2748966575 6.50552391005 -4.24262615525 3.82251753955 5.47125318977 -5.42548285337 -16.5780734777 -12.4738554768 15.4551827225
FULL
16.6827135583 8.00389675294 5.94457091672 -24.1898884664 -31.1546746774 -4.71023771553 -12.1839978596 -18.3468039528 -13.8012479249 -6.12481237488 16.5901501235 8.80606105434 5.57757541893 18.3296619971 15.7055658329 3.57780988819 -33.3379700397 -43.3632526924 -2.26335100196 -8.74056313948 -18.8047171589 -12.9380917794 -12.2349771842 12.7805419867 10.858893568 7.66239999564
GAP
19.4587343419 -3.34133430039 -24.6020261937 8.44856315723 -46.4372587889 -16.0425560511 -1.92949135045 24.7689440412 -13.8668225852 -1.85657884617 -8.36828976381 -10.1823242033 -7.30223598567 17.8811375322 -5.16669646114 -34.7070688056 -8.5395107532 -29.3683075474 -0.884222797924 -2.1754869675 12.0433340792 -0.218288564168 -23.1264227394 -12.1974013901 -7.36781625378 12.370713547
GUIDE
19.6697039107 -3.46342938967 -36.8902119739 2.02912555497 -29.9670171943 -14.9857037388 -6.7533679267 20.5719587409 -1.27692529655 -16.8951663206 -15.4686541658 -3.22032834138 6.84299056398 17.5365045778 -3.92618179981 -23.3762226842 10.6954070977 -35.8068241501 -18.3609714703 -6.35312252968 12.9367804054 -7.87732336993 -12.2926923138 -5.151843873 -6.62852123649 -2.43101021304
HEAD
16.8017835148 -11.933780218 -3.32816483659 8.82549542156 -40.5108220847 -21.2248042508 -0.373377430318 1.01601389396 -14.1093920914 9.55661325023 -3.30441014674 3.39919074562 -5.37923689224 18.4310173321 -7.75914522044 -4.06945360022 2.94595520338 -44.1678569481 -28.5234316065 -14.5588863282 13.6313523717 -14.2290371751 9.17511278697 -4.06530802527 7.45898713309 -21.195932692
HEAL
17.125789784 -17.9205799375 23.0302642247 8.04696529872 -37.7082313763 2.68492094852 -25.7247411802 -11.7883485154 -14.9388552064 -0.460378935239 -13.6711042008 6.82678333353 -3.27701865015 18.2056481933 -6.13245293356 17.7501670124 17.0674866313 -42.1278640523 -11.7247471541 -25.8971970483 -6.25555806796 -34.0528411271 10.2101164437 -19.2834052903 2.19526604784 1.94662252413
HILL
13.8881373128 -14.2431774374 -7.01107167273 4.64764592729 -27.3346514768 -18.4873426752 -2.79839152438 -4.73302210236 -22.0665275662 0.292484606807 3.18225342768 -1.58715166013 -0.807287829805 17.5913014367 -6.44166104725 3.9256597529 4.11462163397 -28.5420207037 -31.6770886352 -13.2902312909 4.27713093838 -14.9600009754 3.10831837962 -2.94159902466 7.35890446134 -3.183081616
HOME
18.0883541946 -0.446174937328 -25.0172977692 -20.4224721842 -15.9563423298 10.9460316362 -11.4645122243 -15.1661806375 -13.6808491479 10.3144121014 -18.6406909637 -16.5895119737 -0.99935259011 17.7716069062 0.598523491452 -6.42206496865 -14.3402701122 -36.2747156353 -2.37397310283 1.47243736105 -21.6834695353 -14.0986107282 5.93374225673 -36.5079478835 9.64609390346 -8.32772754423
KEEP
18.3042177139 -10.4341575304 26.7873389213 14.8701037127 -35.2571239972 -3.35897092702 -29.1887580265 -17.9758301632 -30.1305187174 1.79644803746 -19.8635349296 3.47359853257 7.68546207469 16.5098163388 -11.7503598554 23.4380137741 20.5022564734 -27.0495324009 0.535517995235 -16.223298046 -21.3102405835 -26.1600231338 -3.98272392756 -26.9965020764 0.69094168551 2.9665293178
LIT
18.8314652803 -6.78057444468 2.98015797397 7.29976433114 -35.6055290317 -24.3216061513 -28.446040952 12.3936209265 -10.5660540359 6.42879227224 -0.191289931059 22.1548917183 -24.4787853109 17.8808625157 -8.11341667557 2.02288936995 3.86327575873 -34.7102022819 -27.5284501927 -21.7345759544 11.5868613358 -5.65084525635 -0.956996618812 -1.73132432387 14.9018776327 -30.4965144
LOUD
18.754324261 0.815185282576 -31.7003105224 -6.72347011933 -24.5635970167 -5.28763154919 -10.2705834416 13.3194866264 4.65683238879 -25.0382636269 -22.6768497784 6.49896572546 0.49110611612 16.0207394497 8.40687390524 -13.68361812 -22.9621415393 -22.980842489 1.79181527134 -12.3765062507 -18.4468012424 10.7183403017 -4.35496342562 -11.0167298399 -7.66970079323 -6.73221519958
LOVE
18.1092030677 2.89424357547 -7.38615887058 -25.5882973786 -30.9598702528 15.4424352582 -29.0326332918 -17.6403965084 9.20508292888 0.664016612329 -0.190542008871 -16.5992806856 -10.2488538655 17.018488835 6.81300651865 -3.28603203798 -32.0430080182 -23.9435503425 6.86895168228 -24.3190612074 -23.0955298825 9.51295813755 -3.93436685941 -0.842912168983 -18.3100742679 -6.9294139095
LUCK
18.9011088166 6.93042647007 -14.2381432842 -30.08758012 -32.5199949588 15.6339192303 -18.4605307314 -12.6529547432 16.987773566 6.02934929881 -10.2254233809 -16.8497267426 -12.8180058745 15.9733852775 0.646249799381 -9.45142221463 -21.3197313173 -26.6905509508 1.99241729163 -19.5294957564 -2.44585989821 23.4939857238 8.1454523047 -15.206761924 -18.8787612835 -1.82773732599
LULL
18.4618888324 9.96079635281 -5.79370851203 -29.7393281257 -28.8750583058 16.6482667188 -18.2222335105 -17.2953400277 3.72729323212 12.9161034221 5.07673255807 4.17009660172 -22.3983705516 18.4770136742 8.62483845487 -6.54566805886 -34.6949897781 -30.1952926116 16.0356608644 -21.3397407167 -22.8534812866 2.63400731573 13.8210308518 0.176968638968 0.865369129289 -32.904233158
LUNG
18.8456226796 4.2535107984 -18.2015497334 -31.1579699505 -21.1172630104 3.62599641246 -10.1519776196 -21.5461686061 -20.8627807053 16.4343063432 -21.1598756888 -14.7177710592 -5.62571815081 17.2765289873 -0.573952552495 -11.3961550234 -10.2362880001 -19.4031889999 -3.04271301893 -3.82701894376 -26.8171525231 -9.14949059264 3.59029178176 -16.8103824016 -4.32084750064 -11.7498726933
MAIN
19.0904962076 -5.93422439807 -8.12857720701 8.41504111194 -42.2737915678 -22.5806799079 3.94283140648 -6.47165298709 -17.1029870538 -4.3119025191 -4.10331665215 -20.1911279863 -6.23723543773 17.995717491 -8.3777644852 8.98203514056 6.88420786728 -41.8810292195 4.17331581517 -15.5404390026 -30.2982345548 -2.16752932632 -0.844164599106 -31.2464124621 1.04302300796 -7.24240475925
MATH
19.6705014592 -6.506625774 -23.98329147 6.56021307277 -29.1864048935 -17.7109504201 9.13712269912 4.85412558057 -18.6340366053 -17.5721374879 -4.00273329682 -13.7991452065 -3.20016888236 16.9559614083 -14.1460238345 -30.0142113168 0.379851077837 -8.81074608747 -3.93042325618 0.161365104963 17.8818002418 -4.22109347465 -16.1878487053 -7.24287187239 5.02642385713 1.70447829597
MEAL
18.4332331263 -10.3982201636 23.0024334549 10.5192342345 -45.182585447 -13.3364362505 -25.1103779489 -23.078167228 -2.93099718268 -14.0480660682 -4.60930529304 3.17601799284 0.167386919402 18.1721771186 -7.94482311657 23.3734718774 9.39501837981 -47.0155778538 -11.4297084565 -28.4140817659 -21.8526369707 -10.4592384264 -6.16445798293 -16.5608523476 7.23581201438 5.85028820904
MILE
19.6430267423 3.04482207292 -37.0676374488 -14.8772993167 -12.702948733 6.52145479953 -16.2292916097 -10.0913013516 -12.1071494016 4.74316119185 -13.0456948456 -22.4904231803 17.8953042135 18.6171434396 3.00744721244 -35.7303194171 -12.6383902684 -6.68234537896 -4.50782129922 -11.3551662118 -11.6417448451 -1.38805298521 -9.31960555634 -15.3426911179 -16.5360401753 15.1956270099
MILL
18.1437111114 -5.5704212511 11.7296746927 6.70649842367 -40.3514605472 -26.8637065347 -12.0221102278 1.99710481264 -15.8989890584 -6.32067348146 2.97585375964 -8.80796581942 -8.96991175699 18.132480297 -2.7887024784 3.29903900481 1.08255883511 -29.3661425447 -31.3316118778 -17.6234886069 13.1718803286 -20.971405245 -5.52440600893 -0.250262479868 -10.8410312323 -13.4590093385
MOB
18.7869208892 5.30190976387 -23.6115711657 -23.2118681616 -27.7279706818 26.9042516914 -16.7265756937 -11.3540324392 -10.4448631758 -3.8598920004 -9.45994347018 -16.5216134556 -1.63534559313 18.193400254 4.85695102836 -17.3703596783 -28.2328238454 -26.8017296611 20.4189655571 -7.32941892948 -19.4264931384 1.51010976557 -8.3107339247 -0.152742595045 -15.308121863 -4.05354155134
PAL
17.4111121234 -8.06704118252 -28.2063644411 -3.01104184165 -16.9408007574 -2.52978932178 0.361044402263 13.9712631973 -3.94642066572 -13.8517253253 -6.59917308216 3.80348965872 6.8718226741 19.0730771577 1.98797988805 -28.4829148055 -7.61033613397 -29.4381864297 -6.06844411455 -3.81494410738 19.1129756955 -0.157443832788 -11.4564950184 -25.1304196337 -4.89849771995 8.67141242922
PEN
18.0826178065 -15.8678582763 -0.519622418734 10.2107551496 -34.1009482868 -9.17420884029 -4.00332442584 -7.74529551825 -11.4001931453 2.53351465553 -1.00477824244 -4.1558176083 1.36897905386 18.6920294328 -5.56089761843 -3.230424507 11.0523898932 -39.4620623035 -12.4254795735 -14.5883600755 -1.39216703281 -29.1816845431 -0.500427334821 -8.82560971586 -15.9824231792 -5.29768546852
PIN
18.1111947975 -18.4634559044 -0.656684575236 4.98026825695 -28.2292022845 -6.09372995468 -6.05150380371 -5.23625816514 -8.15476071617 3.56650131021 -6.844122218 -2.24528144198 5.1346307014 18.1801717066 0.0294869657147 -5.61684620229 4.20068725698 -28.0733130608 -24.1077658737 -10.4137642993 1.17137410137 -22.833821457 -11.6346704821 -6.45179280775 -17.7572556241 -6.76292562961
POKE
17.8625159878 0.514206149994 -20.2204141763 -14.7427886429 -17.2525045349 -0.26304046089 -12.5212297413 -4.65385425067 16.7400989548 1.80129204763 -11.2186494535 -4.76100746843 8.12466211901 15.176203026 5.41766692426 -1.6408355722 -15.7621318945 -15.34922535 2.99736568485 -15.8655112329 -24.1437903199 -23.736098784 5.07953570723 4.82730301604 -0.0126034851131 -3.83629260562
POOL
16.3538131721 -11.0219607446 -14.7885413783 -10.2785818268 2.25818821991 1.06435753828 -21.6663393895 -12.0144478843 -8.21106169182 18.0173268727 18.904257294 4.97841371147 -8.1444665227 15.730353024 -2.23815604072 -19.9978739331 -19.5109414839 1.6982045482 9.64638489121 -10.0588851214 -13.3874257568 -8.99797879975 14.8583991556 13.6165640051 1.7829578443 -14.9363984002
PULL
15.8127696477 -4.40880394055 -12.3680707859 -26.3570374293 -12.3444246406 8.64102973145 -8.35123388041 -6.68703412102 -9.66651732625 11.4179013189 10.2482258465 -2.55799199943 -5.2529269476 18.0660863027 14.4250062485 6.29249231307 -25.3843832862 -47.3875185321 -0.696732888588 -15.0877568966 -11.3295993453 -10.1378079413 -19.0332718609 5.06899021862 7.72035715015 17.0395155624
RICE
19.6681347682 -0.66368918049 -30.6836117467 3.62355939713 -27.0853079842 -14.0174628547 -6.27189932762 24.7019258595 4.45102840418 -8.94355105219 -12.192427472 -6.99747714235 -5.32756343492 17.6544010292 -6.71293599657 -13.6017152397 15.0763971115 -42.7292352238 -27.6627922264 -6.78881060373 9.5052538865 -20.9502343702 9.62786307706 -0.113797396008 -10.6736113761 -2.41871420979
RIP
18.6257021443 2.06142332965 -13.0897331025 4.66187344897 -20.7315175253 -39.4360914487 -34.2163719689 22.5747248112 -20.0261561376 -0.927380414528 5.11466069164 3.02160357059 -8.38434529958 18.0272204038 5.04399332549 -13.8478749402 -4.88639362065 -28.6612261207 -22.1559951145 -31.1919708048 2.77339986027 12.0138769558 11.0398944074 -6.09316272967 -2.73465262956 3.0996738625
SAIL
18.6894950924 1.3290766154 -11.0310476433 -2.41741123756 -36.6333875051 -27.6260091064 -15.1080713293 16.7179220978 -6.33704667604 0.140591134389 -13.149957009 7.70158397644 -16.6575048178 18.6296203468 -5.09483270588 -12.7940379774 11.1971501604 -43.0640836479 -25.350541602 -16.1097639747 16.9359049936 -15.3423229919 5.11545148799 -8.5653574153 -0.608240641748 -10.7799853335
SELL
18.154736843 2.91327626527 -4.24066269168 -10.0750442802 -28.8078944265 -24.4503983564 -30.9652834569 15.3243980634 2.16519874273 -0.205222744069 -16.8093496358 20.6699386099 -10.9858365439 18.2645154562 4.91705222681 -14.0906998821 -8.20283326605 -25.4014058371 -21.6109542778 -24.3589783862 11.1522161693 8.16208609378 -4.15980964495 -18.0059141386 9.82497975404 -5.67195715644
SOUR
18.7098235667 4.91261024324 -33.6003909576 -8.10618399886 -27.2017932469 -7.32452451573 -6.28115026213 9.3905047281 0.32841132073 -5.06042301962 -10.9865589964 -12.1513613223 -2.72521482857 13.1967732801 -6.3804754094 -24.4170108754 -14.7487407444 7.98088383434 0.289607042303 -11.0496234117 -5.75372743089 9.57371948907 -6.55724466554 -7.76706632242 2.79088298213 -8.79619171783
SOUTH
18.9713047237 1.72211542157 -25.6045580766 -0.774881410859 -35.2932947177 -18.1246732734 -5.87966691369 22.5086479655 1.96213016113 -8.27694333345 -17.9466744902 0.328680609538 -8.34515362372 17.6890745191 4.85191200466 -30.5346754515 -13.955294741 -26.821832665 3.2627229745 -9.64478667483 1.37599442051 -0.484351450305 -2.44345015513 -21.3582100411 -12.8576095224 6.35892509479
TAPE
20.1090875714 -12.1734325061 1.05235870082 18.6782651516 -51.3008879855 -18.9353634352 -16.2334930903 2.02656511874 -19.0263884918 22.6237961175 -12.1780068116 6.69348471065 -8.83214729353 15.9895777457 -9.45577254975 12.3275413392 14.392367109 -38.3446661364 -14.0177096825 -20.3626918095 -18.6285249838 -25.1882891644 9.56757399665 -20.9261188779 9.95461181711 -1.69947097753
TOOL
17.5289361136 12.0346133354 -2.32420985679 -7.24207592511 -20.8666952047 -10.2214872518 -31.8519859605 -22.3399863396 -22.3263469501 16.4845172077 -3.54411984386 -4.71747467108 10.5156946999 16.6140512218 20.5509896564 12.5592809902 -22.7939561905 -30.6068932246 -13.773759515 -10.8568511872 -8.29606369155 -23.1381700063 -15.1390624052 -15.4955699521 2.37011594417 12.3946455897
TOWN
19.4690989089 -5.37488597031 -21.808986272 8.73589786924 -46.1224783407 -7.2765149885 -7.76093229395 11.2837934397 -29.5575705166 -4.49543834583 -3.83400046617 -20.0315300852 -10.2019470123 17.8182653677 1.1690142548 -21.3316002546 -9.97552016622 -13.1389249997 -8.09106539257 -9.02267404511 -6.71251280394 -12.0821961333 -7.06434706396 -16.7331127761 -9.58515949228 -3.32715018323
TUBE
17.9538506873 -0.211868464152 -2.75447324607 20.188371276 -19.5023485742 -19.8902832802 -42.6385525618 -0.233065778063 -20.8640239645 2.3066120872 -10.5380782166 -4.79295389668 16.8322123923 14.1256466903 5.04152806113 15.3605799581 2.7272788749 -5.11760622927 2.41407406294 -19.4252074083 -20.0248862039 -24.2787296341 -2.62369049496 -6.68387398434 -12.5713765771 -2.15525568299
VOICE
17.7249199985 15.7718682471 3.54139570095 -29.5027828371 -42.4850887917 -6.66707107352 -5.50792339499 -16.4876505672 -6.04962940467 -17.0700039624 1.42207780164 7.55963845188 5.06876056644 17.4365512046 7.72627597029 -5.0445817247 -1.14387510313 -23.977481963 -15.4120679216 -26.1341973978 -18.9021309323 -18.9886582547 10.6276840086 -6.77879351587 12.6503755561 3.17011542215
VOID
17.7950234554 15.4920053336 4.37300826071 -26.3964632533 -49.8721392072 1.86913503811 -13.354422799 -4.78129981869 -6.52844466815 -16.9634960985 0.701710648164 5.1235208288 7.88199058593 16.7415108814 3.54949023344 -2.01101815225 6.4042612475 -28.9617341301 -19.9527256013 -22.9834440685 -18.0971109694 -24.751644805 10.5193364996 -13.4528158182 2.67261525956 5.40671278688
WALK
17.4719411491 14.4786778002 2.3389702307 -23.570282195 -43.7609925107 2.53993382241 -7.69538336132 -8.66379738256 -8.47972066597 -10.4549256786 1.51791049594 3.1046996091 1.89714938667 15.9090030334 2.64006366743 -9.47275844714 -28.8183880098 -33.1124065846 10.457340643 10.9038714003 -7.5277229536 -12.0872520453 -8.36159742711 2.39815073345 -0.182179721006 -5.68402559426
WALL
18.6293570527 5.65615426838 -4.59508660054 -35.1704330737 -46.5427660442 6.56706125654 11.340226624 -12.2976197046 -2.83969272327 -7.80829429837 -4.99289113407 5.83212739091 -11.2929822547 18.3668619197 7.74175636632 -10.9072074836 -33.807329698 -45.5732056406 14.7679746842 8.33498070499 -4.21499868281 -8.97191728208 -9.64852902894 -4.91279433513 1.58673371333 -6.5938968366
WET
19.4276998802 -5.07054322125 -18.4128148004 -2.67144077097 -29.4744128051 -22.7318545718 -11.9897819866 21.5896083355 3.79064999302 -10.0757459761 -9.53955009109 1.64148094928 -19.5144459848 17.0287516565 -7.16520019715 -13.7081197995 -7.384686938 -37.7066218985 -22.1325898697 -1.74924664932 22.0602625133 4.62536738588 -15.2341273212 -13.0914751653 5.79259863514 -19.4825524724
WOOL
17.3674885454 14.0120574123 21.5411931287 -21.7003985358 -54.1272425584 -0.682859774081 -6.56674274794 -20.9526225558 8.0753147832 -27.8147561558 8.29817251184 3.28798983685 16.7379582251 17.5669617393 12.5460499867 11.5687005498 -20.880275251 -48.8058314289 1.08703964153 -7.14654159391 -18.407851975 3.91007501623 -26.9849162005 6.16913719799 8.82142076862 14.1326522846
WRONG
18.7668874505 8.26019355916 -30.3381398634 -16.5409597467 -22.0281586694 -4.1698765115 25.2364970096 -30.4424628674 -19.5178715875 0.763738195451 -17.5561306123 -0.59772516451 -8.42866749889 17.66181273 5.18077134332 -18.7807990562 -18.8156670562 -18.2002134742 -5.66454832654 21.9971730526 -28.8553318995 -20.5813782444 0.153627840962 -16.9574594577 1.43130460729 -8.18726284353
