BEAN
18.9650764634 -11.2443022232 19.4565323429 3.81967619759 -50.9165314227 9.31527354444 -26.0980450393 -14.7395627625 -2.14931285954 -6.30977955584 -18.5045095395 6.65926654032 -25.7396814608 17.3128913261 -2.78353017495 19.7234852851 5.81571524302 -47.6529744702 -0.972051160513 -15.765851164 -14.1570524772 -2.15519487011 -8.30518748306 -26.4985312584 9.61989444001 -31.2358687096
BITE
19.1515717289 -2.477178434 -33.5196835776 -11.2629512983 -20.7503770058 9.96094084864 -2.95629084395 4.0153558198 -5.61993188174 -14.3512555512 -22.1445342083 18.479113913 -3.28135445557 16.2286495878 -7.39617116854 4.17185902692 2.24455296258 -45.6677366977 -19.4279525731 -2.92699633823 -17.7917744819 2.25596955243 7.85862419038 -12.608612776 11.430951286 -10.7343577843
BOAT
18.1974922067 8.01582152448 -19.1763144566 -25.2847724768 -27.9745880705 4.81671356121 -10.1662970096 -12.3430281197 9.33936054209 10.8549524907 -12.7252722756 -3.01440893702 -6.90426706317 16.9537244117 12.4757036559 -6.49809746976 -22.613189277 -24.7818885816 -2.67174513769 -19.2992372559 -15.4344995635 4.86113205459 25.9347790784 -6.05448175951 1.10328816409 -7.78432847936
BOIL
18.2816063436 5.63609562078 -6.19427682362 -40.7868633695 -28.880333306 13.7433005146 -5.31068683032 -2.39211934119 -8.9252735686 14.0376864574 -4.19140608828 12.4662516034 -12.9325431849 18.1930156587 -4.51755172445 -16.884608269 -16.0471029007 -19.8941306134 -16.9868596174 -6.36082882474 14.0244771629 -0.272593111081 1.96924848731 -23.9171179392 12.5475858187 -13.5732083399
BULL
18.4298926211 -5.02350823932 2.07004338774 -45.113750187 -32.632868571 11.6714938237 -23.9054511325 -18.0721398371 2.35483088938 6.1505397749 13.3874267482 -1.71285268414 -15.1909367637 18.6993295 -3.93092853625 5.72102519022 -42.1129970347 -29.9842588466 17.8518739364 -16.6744231439 -11.8397896256 -4.01136183188 0.456372586253 14.5295200083 -0.175811865276 -9.72468335824
CAB
17.6900206462 -5.04692876999 -15.0037756255 -4.9041381462 -36.5021363436 -4.12940866404 12.950959491 1.41335099148 -19.3099944656 -6.83829734039 -20.1056066796 -1.49593867449 -5.23411350602 18.1685218293 -0.34616993062 -22.3905497281 -12.2789874312 -26.4141264993 -1.2088791647 9.91425245295 9.51766705213 -13.9081009107 -17.1565684291 -14.5480932504 5.36368275101 -14.5854597091
CALM
18.7135158424 4.34207988753 -26.2942150808 -33.8089521637 -5.88668480877 25.2929236614 4.3142855128 -15.2015302593 -10.7160730643 -7.12992270668 -20.5609485273 -5.72329536857 4.07460396194 18.006053349 3.69562526084 -22.5852810966 -29.9581551407 -12.9562696989 23.8531584322 8.11651017978 -11.7318787694 -21.6825416505 -17.351753448 -18.1491566579 2.27694651904 -5.68088356118
CAUGHT
17.608514153 -1.50311161784 -27.8141689317 -23.6339065966 -5.6687669845 9.65044582406 -3.04011739283 -8.64221203891 -1.51607203004 -5.91148736266 -19.326051962 -1.29254060614 2.81315676105 17.8633950431 5.14831335595 -28.4343420306 -18.9818946848 -14.2609707913 3.07632445239 3.58429036349 -0.340423581653 -3.66747808885 -10.3692790767 -20.6313205517 -1.5881608039 4.53818614197
COAL
18.0838664072 11.889950693 -2.47208238764 -40.7281891584 -32.9736547375 4.74789666771 5.1459427041 -6.37388143761 -2.1917078604 -11.4060849062 0.72923105455 10.3431319125 -15.0204532373 15.3572357473 10.0366617432 4.1758459608 -27.6833586466 -29.1067906219 -0.306754211888 -3.40638937225 -10.1600770004 -7.38178894407 -13.0802115337 -4.63906114813 -0.120907599141 -9.24600946706
CODE
17.8088098355 8.75942644767 -15.1205280723 -19.0101392931 -27.0694566804 -11.7915897625 -6.59077661837 -6.39236718827 14.6629465312 -3.85873106555 -30.0701086296 3.89485671871 -3.91276754824 17.7145559131 9.39217800986 -6.51212248069 -20.0808938699 -32.5857369669 -2.09883557024 -28.7548976113 -2.89265034877 13.3831344388 11.3151529176 -15.1439175315 -4.9809443465 -8.69845737237
COIN
18.4539711467 8.8348529338 -22.6040643401 -18.2958061427 -27.257072689 15.087105271 10.3727892478 -6.6325918927 -10.1768617373 -28.7122508917 -23.1242394924 2.51854107644 -4.06318458812 16.4207986274 0.776841462323 -0.825547005068 4.67910509757 -37.2196901593 -9.63049092418 -0.944564794703 -9.37653993116 -6.52238773105 -12.9598273585 -34.1777863137 6.2910413689 -23.5746891739
CON
18.8962881753 2.91279682387 -29.9114465795 -19.5288701647 -10.4543126938 26.4488538215 -0.208484779168 -22.055013245 -18.4988323335 -1.12833695736 -9.94142948798 -2.53405418175 -6.9327060085 18.6345491058 -2.53012532637 -29.3679524512 -12.9734042146 -10.2840475035 15.683235553 -11.5437918047 -5.89556153248 -17.9443685506 -7.88657345773 -12.2143433149 -0.530513356559 -1.69929477451
COOL
16.4254014551 16.299041553 4.65800514687 -34.1219798461 -18.8101111509 -10.3631185211 -4.21577994414 -16.9384748102 -5.7164708308 3.59048194176 -19.4026875868 7.40401142908 -20.0918022491 17.3238626054 14.9796406277 6.34228593731 -33.9780302235 -22.7317345694 -14.2603103102 -2.49535994033 -11.5119185701 1.485316558 2.01936278856 -9.65725039777 8.81701263282 -23.2228507892
COT
18.6770523215 2.3196640953 -35.7706419976 -23.1640156335 -3.34083345993 7.68445946688 -6.02043998642 -8.27961353228 -6.49800435343 -4.88668171125 -19.2565743938 0.145374321793 7.65368599073 17.4825072867 3.68327879084 -25.1743067337 -13.6175881941 -17.9620903258 -2.45090105639 -7.14352903513 1.69911414252 -10.5235930395 -15.0336973435 -21.9517219774 3.18351148005 -5.63660682689
COUGH
19.2466543465 9.75008094777 -35.4341429836 -28.7482320362 -7.26423726034 18.7219823682 6.10710748947 -13.9818436186 -5.44777504264 3.5233085182 -16.8320320452 -6.70391201702 3.17967801909 18.6708246207 7.32725331402 -29.9180569172 -29.853663829 -9.78658485908 17.3095055429 8.24431774969 -11.5879707332 -7.27529037064 1.47021711695 -20.7633854532 -4.86352333835 3.5150944258
DEATH
18.396948844 -2.26704805227 -18.2996493367 -7.6677314616 -32.403431963 -14.1932661341 3.02887551776 22.058062929 -7.37977224671 -11.9988144266 -7.6136820321 -0.205180081399 -18.4430166364 18.0495370717 -4.07574305552 -21.4355537268 -5.59896243692 -28.5613923931 -4.86011249495 -2.40594006498 15.8363981331 -8.27595878646 -26.7274396765 -10.7486448433 2.23834568001 -19.8607364792
DIG
18.9644282666 -12.4018082435 1.82841190248 1.19316007356 -47.4033479747 -25.105869387 -8.62640304981 8.42817937568 -4.46062269089 13.222503637 -4.01562093305 -2.593928829 -22.3101007482 18.8619547134 -11.226295454 1.3881731846 0.854873877609 -50.6934235316 -20.9871952113 1.13267564733 -0.917523716594 -0.0513824351205 12.2671955789 -15.0427242828 1.47941483077 -17.6189314224
DIME
19.0630211779 -3.70007752238 -32.2923953304 -7.21166003705 -14.4207408901 15.391492673 -17.3426435038 9.50903859261 -9.21912405043 -26.3780396059 -12.1549004921 0.813201920056 -4.95776527981 18.2191832384 -8.96911654769 -25.2839754098 0.973827033276 -19.0815110568 6.6105888542 -11.9331611097 1.9678126516 -19.0735365865 -29.0924797729 -0.665448604356 -10.0004663704 -2.550453871
DOCK
17.9407895326 -3.00294403758 -26.1424066898 -20.272378622 -17.9095498568 -0.297893470195 -3.0280108701 2.10521609508 2.38387949718 -8.68796702587 -18.1344865881 6.86540056129 -2.64970995462 16.8492464294 1.60129541198 -30.4065751128 -22.4203864781 -9.60185525807 3.7167510025 0.381935085431 -2.51009865594 4.24144550776 0.222525332547 -22.9150118237 -1.38161338628 8.95147258817
DOLL
18.2874198715 -1.09633665428 -18.37597393 -29.1862497039 -19.6454931861 8.81533528979 -6.00852942531 -3.21114433903 7.18327089468 -5.65031606619 -14.9084027857 4.52839588292 -2.93022039345 17.8748731714 7.10091210114 -16.485281431 -39.3682885712 -20.3077673524 20.0740388389 1.29589413919 -8.69150331188 -4.59681625914 -3.97770586526 -6.83958961562 -4.54777033114 -7.46687411154
DOUBT
18.864640439 0.753398136524 -31.59099313 -8.17863035175 -25.8010212706 -5.05150623583 0.165463282912 18.9891981065 -12.1419712292 -17.7151817106 -5.47858758741 5.01425646452 -9.02802835792 17.5711325357 8.49984048552 -30.206543845 -20.9702164968 -19.6511740415 2.53142586136 -8.38761189519 1.08058169878 3.74356052132 -5.08206540737 -17.878077416 -1.07516519559 3.06877231364
DULL
17.3471665748 0.665423017519 -7.89516336849 -35.9440992772 -15.706897487 -7.50914723394 -30.2361723666 5.00654955038 19.0677025686 -11.9320816452 -24.1741284499 8.74065698395 -9.35143246563 18.0957004679 5.81942646624 -14.0310459472 -35.6714023967 -13.5863023611 11.3215252567 -23.0898701706 -0.804211034639 17.9725877088 -12.4513221144 -14.9327375569 -0.41706388806 -11.4444224692
FADE
18.490257246 -5.74001068515 -12.736637594 4.7770031817 -46.1937087772 -14.1806570345 1.38429459046 2.4801027379 -9.20667675653 1.47599728059 -11.1987628489 3.62547360864 -7.82079387937 18.5537450192 -11.3325891118 8.41525116177 7.23868687631 -50.7560300743 -15.6811469403 -9.26707287187 -16.1356545424 -0.454772589914 10.6479094114 -11.3414389871 13.4864698211 -9.73066545855
FAIL
18.4360081851 -3.1502880809 -19.5760790111 -1.26705966693 -40.0247517533 -22.3116088437 10.3368869201 5.7506762344 -4.83729307931 -10.9712560769 -7.67300094157 -2.09118241451 -14.0818155643 18.6075174025 -4.08733460663 -15.6630433136 -3.68989305865 -39.2447972905 -20.7600762466 12.9156902072 3.05293059682 -6.97430088532 -5.63013500647 -16.1534633877 -8.70607308635 -9.3297841411
FEED
19.2578283371 -16.5051031606 18.3521200215 6.22235746346 -49.866895901 -7.04455842254 -15.2826381201 -16.9939109163 -0.135475453166 1.88305520487 -23.3008240132 6.42190292218 -25.500435859 18.8422744978 -14.6619428543 18.2471480604 2.98063814672 -48.016904578 -7.43143010796 -15.0118457517 -19.1830297383 3.59786940334 -2.16949718994 -24.217782474 5.99496132675 -30.8294557129
FELL
18.4866124828 -5.0110063962 -21.3428298833 -12.8059646431 -26.1912203139 -7.45231165159 -4.3417048161 20.2000330444 1.64909627194 -17.7236322697 -21.302447107 14.433820797 -15.5230374377 18.9040858005 -1.212469262 -27.0885890694 -18.2734244844 -20.1775722195 7.57024190495 -4.61060070294 19.2549918979 0.525932331043 -24.4167629242 -17.541228809 12.5141993316 -14.5434158511
FIRE
19.0958322859 1.64921068234 -39.9459002328 -13.8178733231 -12.2805379878 6.18628032195 -5.1783468926 -4.4441838708 -7.0761551778 -14.852991743 -18.4849986233 4.75535701123 3.33830252805 17.5399908496 -1.99247756959 -19.566295701 -4.48969790242 -28.8497729372 -27.4608569694 13.2803306203 9.92743583798 -24.4303314005 -4.32340264485 -19.6935196569 -1.15698621277 -6.82817895088
FOOL
16.2449912457 11.6011376835 -5.27379237291 -29.9982084719 -36.7100204753 -13.4857197031 -15.9293848509 -18.8174651302 -14.7139274485 2.54794949916 -8.05056743237 -5.27923510922 -12.3142606782 17.4159171041 17.2725259219 -0.354452700278 -26.8073749935 -30.1826516819 -6.70697105304 -8.86231820368 -7.05458460512 -5.70144820732 9.34295840913 -2.24743383136 2.58942300374 -17.227354169
FOUL
18.6881147518 5.58736001208 -38.3384879227 -12.518618889 -16.7554553479 6.53126645594 5.39680121224 3.11431475329 -4.14138586818 -18.9222097647 -16.4267546426 16.4363264679 -12.7644947098 17.5337781217 7.71260467388 -21.1574651359 -32.8474387835 -24.3305327781 22.7979604434 -3.22722494332 -8.7397308077 -2.3848644557 1.95149823728 -18.6974775675 4.40778493951 -12.3848211042
FULL
17.6416232131 9.37444164951 -7.88621647534 -38.4010057965 -38.2201058535 8.40164682594 -7.15576954876 -4.0979949506 -9.27681773332 -5.14976726216 -5.91092271411 0.133110036563 -13.3097708056 18.2325280735 8.33677592487 -5.03498497231 -40.9155958177 -39.9359955573 16.1551349797 -8.01333795089 5.76851928613 -5.92453600895 -4.30266975707 -6.4469585321 1.53318742456 -10.4297064835
GAP
18.9833854247 -5.98877648948 -19.161109245 1.48884984546 -48.355808182 -4.38156118712 12.7908941435 4.71192047274 -10.1019586574 -3.31559545372 -18.9378006321 -5.94716874449 -5.15987447507 18.9726351421 -4.06867585666 -34.2296613193 -8.75789588717 -23.1927524775 -1.00007887948 11.2382539173 8.13942169115 -15.2063588838 -14.8990587257 -12.0335385585 8.36112807189 -9.00167021171
GUIDE
16.8296472134 -9.23571806255 -25.4738454798 -6.72753844001 -15.0759781079 -9.19325347 8.53478735216 -2.14820914109 -9.97354766099 -13.5370088374 -9.5402736194 7.50536941245 -11.0314473009 18.2600982049 -0.570978104348 -20.2006856254 -6.37884946242 -30.6635249341 -8.01235801166 7.34801719866 1.50324789183 -15.8135814367 -17.5948806716 -14.5920414892 2.02107577707 -13.2306531695
HEAD
17.7776165351 -6.97999722895 -3.66429167762 -6.80968150954 -32.8466622266 -9.61217524054 -6.62385247842 7.6891805818 -23.1302535275 -17.8098260922 -4.18605387898 -4.54478619808 -20.0937231439 18.2869113713 -1.42861535164 3.5827982971 -16.5985756911 -41.2637177565 -10.7841769799 -6.39241259897 15.1615778209 -22.0443326393 -11.5410212641 1.73462512132 -2.86764903187 -22.2409533962
HEAL
19.4739322392 -19.9623518252 17.7920003143 7.25584827914 -50.7547102152 -2.12968323433 -19.3580716242 -11.5077560636 -0.874234960284 3.02090781979 -21.454554871 6.26738905907 -26.4707697197 19.19762777 -14.3098454386 6.09657104684 5.97062973995 -47.9594697956 -19.9149400059 -10.2179047464 -4.25556924067 0.241592665682 12.0498157824 -16.4619429802 2.6010299728 -23.3019776404
HILL
18.7655733246 -6.37821691233 -9.68952152538 -4.66640251054 -34.6700510157 -19.7986511272 -10.1783393716 18.7375829503 -10.379809411 -9.28786886751 -0.199479220348 3.28435526049 -31.2493793544 18.8146172495 -4.39987971864 -14.2746784575 -11.7535304133 -28.3482406834 -14.1738900628 -16.2369411358 21.6912589934 -2.15480143624 -16.6939073211 -8.52370418416 11.6562962789 -27.6822191646
HOME
18.8124082435 0.972743365612 -20.5716167122 -23.4867112272 -25.1584638053 30.0838435089 0.694121409784 -5.33761959686 -18.1754018135 -19.2794019264 -18.364480681 -4.88981898793 3.96879664558 17.697561118 2.22216106022 -10.9991172483 -21.9763023207 -34.2231482525 19.2300888214 0.232033232447 0.542412793917 -20.9319250313 -18.0225021379 -29.7762723815 4.07557166034 -8.66673150141
KEEP
19.1352774868 -10.9752285366 20.4179369571 5.16398937155 -50.0573536514 0.209656426079 -29.4652549691 -9.07498592218 -8.10936937226 3.45521608634 -17.8880274792 0.250984166627 -17.003224373 17.2397766272 -4.24478955542 16.3029345072 9.23573629937 -40.6657260371 -10.1760247789 -18.3321840976 -19.0712922362 -5.54513433931 3.48676020682 -21.2425175857 4.43181230726 -15.1784837436
LIT
18.9672112272 -4.70197567477 -15.67611721 -3.01599304418 -33.8754071009 -14.1037159037 -6.96200625227 19.0744698198 -5.87704253479 -10.793350216 -11.879879276 -0.0191422276132 -19.2049797092 17.4785520072 -9.40649293443 -3.7141615272 -4.88037403057 -35.033564014 -22.7759332535 -8.74810405795 12.983995471 -4.38251364085 -1.80053133356 5.51367987985 4.08464716718 -25.3378575776
LOUD
19.0242664731 -1.94112926644 -35.3008579333 -6.59889678846 -21.963347737 8.84052131986 0.656378238098 1.1688546194 -13.1022641245 -22.5952534676 -7.85705903889 14.6437468787 -16.2954673282 17.4686509961 4.90126676317 -31.5105245809 -11.0346370465 -23.269418842 3.9822415217 -3.38643701236 -3.2688017476 -0.0533205997305 -18.3203717391 -17.9535265338 4.909952463 -2.14313797253
LOVE
18.6700412937 10.2699932493 -29.7083607556 -22.562978967 -16.7455041786 5.96094542895 -7.72302301721 3.71663751246 17.7826979354 -19.3426808015 -21.2158568738 6.01361093218 -3.96514685489 16.4076693592 10.4446499142 -16.6433376952 -17.7904206005 -20.6299366894 -3.3629290437 -17.8091193189 -8.50473653728 14.5522808335 -9.70622486523 -10.4299010395 -4.10994587434 -5.04992510621
LUCK
18.5712799352 6.95759612073 -21.8214915178 -28.4582143174 -21.7661851898 10.6982357289 -10.6245043569 -0.860844973386 5.05936976492 -13.567067916 -18.744165373 -3.54682603878 -7.86575362092 17.3901392975 4.93363727374 -23.6428087184 -19.320201793 -22.8272068705 0.416639041964 -1.82497110855 -3.36605064292 13.0401782391 -4.13752048702 -22.9802702307 -5.57400331707 6.66882255433
LULL
18.2674758052 7.91408720804 -14.5543737244 -42.3507750333 -22.3543603612 24.9392409717 -11.1616683168 -9.55467845951 -2.55125977839 -7.41382848612 2.32808874256 -6.29572476351 -14.3025883385 18.7096137553 9.54320963287 -19.104364571 -36.9556799898 -22.1816172105 26.5681279722 -7.76473913077 -9.01626538418 0.947541820553 -9.15639982639 7.17895234095 -10.3641917872 -11.8494695492
LUNG
18.6985265656 4.47736223441 -21.0561804618 -35.8983755463 -6.21141084171 23.1672514809 -7.71438450269 -0.803249836348 -15.0731631058 -11.9990625618 -22.6299101531 -12.9876213508 1.33869366679 18.3412304659 4.8684162194 -24.9685515577 -30.4773540669 -6.62005492147 20.5172311542 -6.11784808104 -8.52664484601 -11.4397571319 -13.862532303 -32.9276674347 -10.7944228664 1.47507712429
MAIN
19.8952712241 -15.5844020188 -12.4221838255 -1.16988568818 -43.743790125 8.87590300191 0.339349221215 0.69004533863 -26.855396048 -7.04317922348 -10.8497895 -8.1611827326 -4.60753935584 19.0201352513 -13.8881966503 1.42076646427 -1.15015504498 -51.1391922752 9.43703030814 5.5322175169 -11.4238150267 -10.810337147 -5.66935175061 -30.9186744857 -6.86249694798 -6.67495773921
MATH
18.9685010335 -8.1761068848 -26.4617990179 -3.90876855308 -20.39170785 9.08209520092 1.34981124834 12.9369787176 -37.3515644829 -20.9279194171 -6.34107463775 -8.4048278424 -9.33206103636 18.1338536839 -4.50452584594 -24.4437636171 -7.09566211731 -11.7121676321 3.82111901161 0.118707394576 4.76996814792 -33.9376322648 -30.2065304449 -6.77494196648 -3.40787278941 -13.5823393153
MEAL
18.2466155915 -10.9338965725 24.1578542043 8.70695742924 -46.0678737571 2.03921538088 -24.1164629976 -7.94568944979 -4.84395802296 -5.66308425177 -29.1321078699 7.63127556252 -25.8080737781 18.5365843712 -11.4421171787 14.9982088548 6.02110726009 -48.6427514879 -3.88651684776 -9.91540335582 -12.2509332916 -5.63754554134 -8.52056327737 -21.4845783043 2.19587439871 -23.1587857774
MILE
19.3081506556 3.38264490213 -38.0541655597 -9.65635755869 -6.40488501255 22.4671267082 -19.4930155685 -16.8854087587 -7.96100568338 -15.4652309194 -10.8735136314 -3.90441373846 8.95746442954 17.7820220519 0.355568286519 -25.4897834352 -6.66237172119 -19.985558431 -2.68214886306 -3.94213546828 -6.80438394228 -29.4301920848 -22.1510383257 -7.21707609164 2.56464588582 -3.48735433043
MILL
16.6016256396 -3.00477067045 5.35787755349 3.33921672745 -35.1654552729 -11.6056035424 -23.0136186073 13.1179093927 -12.5475127121 -11.6830973282 -30.3776660434 4.99526560249 -9.05842267477 18.505402486 -1.8569133574 -13.5058320515 -4.97846030132 -43.559973222 7.32721607339 2.57843729076 21.8238607729 -23.0947841189 -27.6974176761 -10.173069959 -17.4798964163 -9.70115248426
MOB
18.7517714472 2.02872721804 -33.8807630298 -19.7802143776 -11.3644027476 33.5200682243 -13.7993022516 -10.4324507047 -13.0914029372 -5.29746897585 -16.9240113571 -9.57972353316 11.8986726045 18.1261024891 4.3995669939 -27.6019729836 -24.0875676912 -16.0997656883 19.9155865102 -2.69548184037 -7.94437307834 -4.65129250674 1.55806534456 -27.3639241898 -2.98519972031 6.36105020012
PAL
17.1280099377 -8.37072100935 -21.3586372192 -7.80754032709 -16.6997548653 -1.28342536547 5.4296922725 0.151636534692 -20.7933147723 -17.213366389 -7.67252716901 4.18867217842 -16.2222155352 18.8976657148 4.64753071291 -35.8534358637 -9.75293373756 -17.6526742744 11.5752633575 4.29613245823 -7.4179916199 -14.6599122573 -15.4388829966 -14.6552453433 14.845035392 -15.3494830913
PEN
17.859999421 -11.9730731441 -7.96476436846 -3.7384207437 -30.1950318705 -2.01938481434 2.30863420475 6.26921003484 -20.5615477756 -19.3201599297 -13.5824261929 -4.08313995173 -6.52483148156 16.8242094114 -5.46426470545 3.17738640152 1.62352535839 -33.9559209185 -9.48432268448 -5.23027386495 6.23958412468 -19.9235265289 -13.3846890253 -24.1611303056 -0.00172792156169 -25.7822757322
PIN
18.5810871386 -13.6564173129 -12.0270096198 0.162768570676 -33.1941071029 -0.715944139629 3.70345935846 8.11795034293 -24.1948979905 -10.1773721473 -18.5409943252 -9.56400893346 -6.43062717263 17.0983121096 -5.73995441062 0.933152691692 5.69050013561 -35.1466985989 -14.3104236916 -3.22063240055 10.2065562323 -23.441403264 -10.1234567651 -29.2892939022 6.03769018563 -30.9256922914
POKE
17.6682029469 -1.46406073774 -15.4060816949 -30.8755895309 -17.4559496442 6.51139538029 -9.25493286275 -9.70711519856 7.05070939792 12.6790287937 -18.6953766102 1.2367216012 -5.085387079 15.5559861477 4.95778250496 6.47925723321 -30.7530374722 -26.1417609448 -8.42285217521 -5.46370837175 -7.69773235214 -11.6968698545 11.1113212161 -12.9829757634 14.1734195017 -10.9073777006
POOL
16.5413117684 14.1896033085 7.46269752032 -32.5137664981 -23.0505807753 -3.87437403466 -0.95324776886 -10.1644738326 -12.4398191178 3.27565337546 -12.3871055847 11.358943198 -15.6871319291 17.443280679 10.5512006023 3.46849607754 -35.3222104323 -31.2395817349 -11.707600788 -4.88729874383 -11.0102874979 -13.2419512721 6.71562285157 -15.0984565618 16.0373264005 -25.037592587
PULL
17.6189547978 4.19237734488 9.89947438876 -38.9636367501 -36.4985807887 8.04713693306 -17.0599108698 0.715096670981 4.70072006238 -9.25799544985 14.9577132403 -1.44870942377 -11.4780058296 18.149381812 3.43455607164 11.3036201571 -42.4645488418 -40.4328965966 10.7184142366 -13.5043736777 8.33341365681 -3.04661630874 -3.35985539161 18.1527020827 -1.65237672305 -6.03413033017
RICE
17.7177683433 0.660080543137 -34.2987535554 -9.04002740844 -13.3262436211 -6.61211335642 1.54565603319 14.0953454129 -12.5328034363 -8.14275658759 -14.7435699935 -0.948027384004 5.57823315507 17.6375004225 -3.00975327044 -11.3572153712 2.70538648052 -41.6368401223 -20.8496400219 6.1515775649 -1.69088899526 -9.57100189633 2.67355533309 -16.8358529007 -0.256534422048 -12.5084020174
RIP
19.7351021971 -8.3359173118 -21.0312765619 -8.6207297182 -25.192723659 -16.9698151165 2.96452910038 21.9046901517 -11.7329010161 -1.71254110281 -23.9911385318 10.1669693784 -5.9155678611 18.8421015516 -9.49611364059 -15.4458568619 -6.98524793937 -18.4706351399 -23.1859540098 -1.76356778365 17.518954164 -9.57175608519 2.11874420887 -21.7285358259 12.2185638216 1.95155716152
SAIL
18.7960652245 -10.5742438269 -8.09354171061 1.09852500761 -51.3653769366 -19.9261839085 2.47939985897 13.954453084 -13.8529983489 2.23265258517 -11.2097216965 3.95071436824 -20.9539131318 18.9015263771 -11.1263840282 -5.16979726047 2.26030737018 -49.7849647798 -18.2764668037 4.47839950522 11.9977475307 -9.15882561462 6.38731214057 -14.2790572435 3.68579396216 -15.4778810934
SELL
18.1117395333 2.49660665248 -21.7846280457 -10.0510492596 -23.8335818724 -12.2046517206 -4.69348347517 16.3423353666 7.40255707394 -26.9899528458 -11.5292755424 8.68752060465 -22.5402461161 18.8670663091 1.22160010088 -29.0183185026 -17.3568316507 -17.3025208182 -2.69186435707 -3.16351860514 15.2676949168 4.7412208444 -30.548769319 -17.6574679604 5.93366235359 -15.3638276983
SOUR
18.9670246689 -2.25067459128 -31.9425702708 -9.01629705763 -20.5071821717 1.22240545451 1.99169794227 10.8010726575 -18.2194029746 -14.7758814941 -21.8416630183 19.5991940502 -13.7700655448 17.9723863701 6.73673705499 -29.7704101064 -20.457051261 -22.1296031946 9.73674374803 -0.270626558739 -3.7554577492 -4.71848149114 4.46769544637 -26.4748455978 -7.7780119864 9.84356899152
SOUTH
19.1495607906 3.47923838306 -38.7552814417 -11.2100748387 -14.9301862931 4.9944880102 1.24244952724 9.20851494046 -4.27849807306 -15.5291912192 -17.4164850883 14.7272223176 -7.24279812719 17.4045976023 8.62432860976 -28.2733893059 -22.038259601 -14.8194105619 7.85490127439 -10.5050089251 -6.876252024 5.7151692828 -7.64501610498 -27.6550008648 -0.993529552483 3.22231169731
TAPE
17.9400139164 -0.526551824705 -9.56017259489 -11.6970417673 -40.5734105207 -21.1779257138 5.46570924364 0.0368153846935 -9.30284437958 -2.32596592215 -13.2026040904 -4.14156707007 -11.7122125465 18.2848841287 -4.66187878079 2.70399408952 -1.69502179573 -45.9033492683 -24.2446326576 -1.72957128446 -6.71442427226 2.21198296666 22.4273373927 -11.4815813869 7.47518225942 -14.5654724917
TOOL
15.6858061412 4.22224799993 -3.17779216934 -12.9812847126 -8.12934299151 -16.3546474854 -30.1735532075 -10.318187362 9.6851258611 5.12661181614 -26.771266647 4.28282890946 -15.2794217827 17.0630467694 10.7514505742 2.85756820629 -28.6174149363 -24.5833435248 -12.849236982 -12.0211046479 -13.3989308036 -3.76381583122 13.7767258352 -15.0100506826 6.43185112538 -24.4024744471
TOWN
18.3066829314 -10.111454373 -26.8131905608 1.93831439366 -22.9906869225 2.2923290946 6.16501659011 -3.13540999685 -28.6825870377 -29.0226671151 -3.39663068 -8.34914178348 -5.71586364026 17.8647287058 -1.84516638785 -29.2272690964 -3.19724940652 -17.0815919387 13.7691954087 -6.94417516439 -6.23045440669 -26.0810370178 -21.2252753524 -12.5071000857 -3.9444910871 -4.95181541329
TUBE
17.3201630145 -1.69417755555 -1.91957493648 -9.32655113487 -11.7141072038 -21.4386512627 -28.7281048739 4.34835532433 7.10202831765 16.937377551 -40.1245340115 9.9457817906 -20.9927841675 15.7524375827 8.6418086651 3.93408196103 -8.13950263135 -12.0309693579 -14.3075237837 -25.8580799718 -17.6518862868 -3.64309992638 7.85981957726 -33.186318482 0.316720568124 -18.0713537474
VOICE
17.5641908001 15.4172098333 -11.3204921858 -31.9164604683 -30.3700854774 3.08201270616 -4.49848494584 -17.1424511779 -1.05961043364 5.97171002056 2.87391159997 2.71731879024 -7.67256037743 17.9452832942 1.48997607815 -13.0117852467 -2.33233447875 -29.9237691026 -29.1979035336 -3.01286625033 -3.63497657269 0.00950169602687 9.33213592377 -12.4443235222 -0.744132505326 -8.27901448332
VOID
16.7576311854 15.6362000095 -1.24120142167 -26.7851913395 -38.123890849 1.5032942502 -5.59289843203 -14.1679496621 3.45285497179 -7.90784969876 3.74378204429 13.1239899733 -15.5413080505 18.0662118633 0.283899048655 -7.76951916779 -6.76341314872 -35.9291795828 -21.8251933241 -10.2549749943 9.56695037981 -3.92494047043 9.10155987606 -9.78940361894 2.67384200736 -12.8422424309
WALK
18.8787073417 6.83138298702 -16.044037714 -36.7128582229 -24.8791072563 23.2498361206 5.83826716415 -10.1544311407 -10.4952697324 2.45613914259 -8.22391389052 2.31863800513 -6.81413734669 17.0437008729 2.94605626008 -17.8794502188 -37.9852457337 -14.8561047073 10.644624498 5.41283666407 -13.4970057852 -5.81827668663 12.0266503531 -15.2279863693 -3.94177450508 -9.26830347162
WALL
18.1449814228 11.8890416489 -17.903054108 -35.5023347385 -23.6270394306 19.9583144819 11.301607456 -14.8293087033 -7.12220139748 -2.46649457285 -8.01083459032 -1.7182668442 -4.34768576799 18.2956324535 10.7864841953 -18.5020469601 -38.2668321083 -22.6214952415 22.9477909764 8.83211092053 -12.6256700228 -8.45165762005 -4.64750745967 -7.77858685208 -0.820281338461 -8.97418430478
WET
19.2534433112 -4.06621724418 -25.0368614794 -11.3749029305 -25.4826557448 2.04014887355 5.28418834137 21.0034845282 -11.257481959 -18.506561005 -17.0754158201 9.79883200077 -16.7411096215 18.6500086582 -6.71001823211 -19.7166730728 -8.80914426597 -34.9304411272 -9.05642000421 8.1142855365 18.6791657888 -8.06280142133 -11.6420259598 -11.6714421413 0.127445107524 -14.1979601206
WOOL
15.7336080572 16.4793474375 13.2186807338 -27.1746946369 -35.7743389605 -15.8028253692 -9.42172228895 1.16450087089 -0.142782208314 1.04646500661 -20.109555335 3.59477784668 -12.6004679202 16.8784710897 14.6650990688 10.8680415092 -31.202947399 -36.482497443 -14.8681869124 -10.5965823427 5.0522933395 0.553401490688 5.94837107909 -14.8638649682 8.71661206054 -17.008053007
WRONG
18.8698051066 7.42898888309 -31.8951981743 -30.215586247 -0.309698335649 18.7181224611 3.81800736588 -12.3241752763 -18.9111596228 -10.5731129148 -10.4185827745 -10.5304656326 4.05316833599 18.1949839461 4.97623362114 -33.2567446129 -22.1237260053 -11.8389190365 23.8748408073 4.21224216389 -25.5340474459 -16.1186687772 -10.6840153435 -11.9961484331 -9.54154190193 -7.08517019854
