HAD
18.6345911634 -2.49811634638 -24.7604693488 -17.277505655 -6.95584674225 -9.04499776967 20.4623874185 -22.7103154483 -32.4693120658 -18.4525023241 7.05885267712 -11.2474308248 -15.9020660296 18.056061867 -0.543397898362 -17.7180415738 -18.5097289224 -10.1320778923 -10.9444712756 17.1278182799 -3.82875367831 -31.8847783741 -23.5619673968 4.8419154558 -8.25463588729 -16.7702636961
HAYED
17.5199471164 3.18597003097 -7.81711991127 -13.151002866 -49.9006918544 -6.68294533751 6.51669715049 -3.88294724659 -7.95014533676 -7.47574566406 -3.30156640508 -17.394497941 1.98235478387 17.9021833464 0.568976312317 9.19523575444 -6.84597683889 -56.2951348546 -2.86484390515 -7.60051258846 -10.0141065134 -2.06420901768 -2.79422253446 4.98701708429 -1.64478612293 -9.25090151573
HEAD
15.5721002841 -11.6358935469 -12.7307564719 -10.1525024802 -35.1622399412 4.57838331538 6.88314935045 7.99545862883 -27.1538166024 -7.96843033659 6.61777153799 -19.6215207497 4.28895902149 18.0209631483 5.62599602002 -15.210628792 -12.4772699581 -40.0602022771 -15.0876666841 11.9395575742 10.9513769643 -21.7219656476 -25.2469475246 10.4421173762 -12.9392113743 -12.5724617644
HEED
17.8333677303 -3.9616215697 27.5435446428 -11.458421095 -39.7523371612 10.7197600842 -31.5857153378 -9.36907879112 -11.3284013076 -6.41094614518 -15.8832015848 -5.54612054845 -19.2886069612 17.9979341079 -7.84307099 22.640389518 -7.16239809395 -41.7871687003 12.6687802843 -35.6964110854 -9.17738053759 -5.53264158047 -9.73499242807 -7.41659085535 -0.939320120367 -20.3870328002
HID
17.8735646426 2.34747348939 -6.11472905313 -8.95089179708 -49.8016182284 -9.99617311126 -0.918931166594 5.77640493627 -20.4299162411 6.79513977641 -1.72967667934 -13.2392594429 -6.6072941806 17.8815457013 2.22378036895 -4.48127958943 -14.768412317 -38.003038658 -9.76434728419 -1.87772920647 1.9616811551 -14.0297510722 10.1438750632 -3.62090648031 -2.9043130028 -17.7452055601
HOD
18.557217459 14.5106557018 -23.1046766857 -26.4007321934 -29.6204279406 18.9111708567 -21.9236130349 -9.31272421619 12.5996849507 -7.41274808767 -23.90371169 1.0746675699 -9.62007036248 17.5048915928 16.3828841938 -14.5026970159 -22.9678725938 -28.5412734387 7.79906452729 -22.7078263624 -4.0196093031 -2.74724716842 5.20859622276 -14.1118138692 -5.44043444942 -2.43532747161
HOED
18.4759790735 13.528246572 -22.4951578159 -31.337969468 -18.4481933743 5.07595707498 -22.1868823716 -0.421326289039 9.57698255382 -6.45341014288 -25.7355152538 -4.19892295924 8.55113202939 17.8272716949 13.7408474801 -11.9536021209 -22.0037559117 -23.6848983793 0.57481505581 -33.0009843377 1.3678635484 4.38881994497 7.30308928761 -18.3559167623 -0.716678460952 -3.99359787238
HOOD
17.9796684258 10.4882110716 -13.2438579283 -24.801160105 -23.5242560646 4.08862107427 -34.3488372809 4.78047431669 8.10706750484 2.85295643621 -27.2367625345 10.7508437575 -4.7369564946 18.1675950594 5.75729387703 -7.45375515513 -19.0822200757 -28.1581647097 -2.95091233015 -25.1042421217 13.9244228894 -7.98709648303 -4.13242381261 -5.92154626212 7.70521429333 -10.3679549381
HUD
18.9181316317 12.0206484828 -26.5295372042 -22.1469881924 -24.083124351 11.6291981921 -0.752078249024 12.1633478691 -15.762790192 -24.805876641 3.09992163576 13.4345032123 -25.2291882596 18.4669377709 11.6361712905 -20.1882988939 -18.7453893079 -32.4865506536 -2.46069947272 0.349020416626 19.7171011685 -19.6184574064 -18.5335461319 7.3961993386 -1.31503184254 -17.5252605669
WHO'D
17.735085511 3.25676013466 -2.34431998513 -17.8185183228 -16.2251730185 -2.06864861994 -35.0723553691 -10.6987665472 8.95092093018 2.49331399743 -33.6577640999 10.7408167044 -23.5957473315 17.3134806124 5.85918761743 -4.9546566791 -14.5356364471 -18.5163800189 -3.77048797107 -30.1335725165 -15.8632690156 12.3915210428 1.18551192559 -31.4617571994 9.51556840807 -18.1688016414
