BEAN
19.1552360857 -13.6405117263 20.9755306974 -5.76993965818 -52.3961139316 9.51232310602 -37.1870220746 -6.66129757798 -0.180635646838 -2.0411742177 -15.8797077031 11.527545416 -11.0663005994 18.0432415457 -8.88123509971 10.130040721 -7.54257756684 -55.7962129319 10.8515045783 -26.1036713476 -7.74590423603 -7.2187164438 -7.36130459501 -10.6026397086 0.407126825241 -10.4696300917
BITE
19.6287468266 -12.3389534737 -31.484053845 -13.3160725075 -28.9816039386 6.65846789938 -2.41983854711 11.9674216719 -26.1325916715 2.11421860895 -11.9364603228 16.8531765967 -11.4695221087 16.114332666 -11.1296272471 7.5506704917 -2.8661929835 -59.3321452314 -4.16455037219 -20.613416508 -10.7911400847 10.1724188836 6.21265084382 -1.67732287885 5.86238561432 -10.0520594742
BOAT
18.5324675478 5.98417996983 -7.46714217685 -35.9349921166 -27.6368982326 16.7818396734 -22.2891628029 3.46798751097 -0.0741485598921 16.3582847317 -14.7338370489 5.85836400036 -11.9080035048 16.7709492568 8.48118007829 -5.02635903666 -29.4608651571 -28.5841795947 6.3981734743 -27.3801720835 1.12439452105 -8.84073152818 19.9106581074 -4.97395335184 13.0053145319 -20.3613856673
BOIL
17.1150030158 11.2888466227 -5.84364363905 -34.497694172 -33.8113853143 14.9223896802 -12.5778218003 10.1575015544 -11.9769882852 3.35746468976 -1.60922856245 9.2964875324 -3.65853147517 18.7042166956 -11.3040464591 -17.2381769932 -8.85380407325 -43.8148551689 -5.51466938172 4.59610739407 14.9082756909 -6.88097148889 6.36835678648 -14.556303609 1.46655136468 -10.1254999516
BULL
19.0511164796 -2.43490464896 -18.94131236 -42.0732092697 -28.8871498906 25.712118174 -24.0366962917 7.57888834693 6.72471164695 12.7206733636 -13.6190985974 -5.53181039198 -13.4485637273 19.0748540648 -2.07940053961 -20.5427194542 -41.7627614551 -27.3022877163 29.7766245436 -24.1251806739 6.10617042197 3.13117451548 7.60974285161 -12.0680418061 -2.57959963583 -15.7209242397
CAB
17.2800209412 -13.9883324726 -25.1376159999 -6.97238398684 -18.0503405507 6.93347696424 2.65265967513 -0.766515435684 -28.7376756716 7.72244912564 -4.52577023103 5.99331097108 -15.2557757077 18.4643476125 -6.07487296935 -33.9046358795 -10.5871404358 -11.8004526045 3.43281524444 -4.76843367859 5.1932230824 -19.2405542348 2.53580538083 -8.89943121789 19.2792617067 -21.2214991888
CALM
18.8581994006 0.622446015536 -40.7641621155 -33.2188533048 -8.46354783566 24.0633421487 -37.8621817756 14.4404407737 -55.5374934827 8.92207703058 -7.3514786566 -12.283982607 2.82446118015 18.0444649835 1.31427411317 -31.0331940159 -27.5004516873 2.69972468582 11.3491894445 -28.7885377321 20.5344765431 -37.753114585 5.95478078615 -4.56797769076 -4.50950961266 1.6635376107
CAUGHT
19.5164589826 -4.36858595227 -32.5511102471 -24.1231924828 -2.59835968641 26.0206904817 -22.724479195 6.17416349054 -14.9790628167 6.65042532729 -12.9754671298 14.0700238116 -2.3046989899 18.4586093463 -4.93374890122 -35.2407483927 -22.8883757318 -4.09155608102 14.491214812 -15.9468900428 0.305258004515 -15.145915909 -0.905643624049 -13.3928815754 18.3701950192 -10.7185534225
COAL
18.0003633045 6.78408017397 -9.82626980603 -45.928911719 -34.5857090313 16.5433326405 -8.9630669615 -1.47773503994 -7.94678868566 6.38569186796 -2.12953713352 2.90058373815 -17.6956171304 17.9471421754 6.68516182198 -10.6753799234 -44.675631176 -28.8860232242 20.7022842561 -8.12747574465 7.49485019294 -12.6771386545 7.38875760072 -4.81487548333 3.18414557156 -18.7975672042
CODE
18.7908592785 -4.58725474813 -21.231077427 -28.4234960687 -24.1713633959 2.187770833 -21.0517056469 22.9924566297 9.13244442362 -3.65889037649 -20.1849336935 6.98593500606 -11.5365036684 16.7623411315 6.91723620741 -12.6570667514 -17.2080354666 -29.3955121971 -4.2389042629 -26.0634199529 10.8447957805 15.3847248288 8.97655106416 -17.0055684854 -4.73607453526 -10.5930357014
COIN
18.3080436488 3.77039786113 -15.5031174787 -20.326611342 -39.4697751847 16.4213163569 -10.9910867886 19.4705014466 -19.3521552188 -8.13428372416 -14.0088216875 -8.6125294677 11.9717259974 18.349557538 -8.73458830599 -4.48851931503 -7.02131732037 -38.8404493045 8.85853435353 -0.590447049099 -2.56732652119 -3.78097407265 -0.468678958941 -16.5462877687 -0.274838056914 2.41372989535
CON
19.2145415751 -3.64607763907 -29.5772591992 -27.619076959 4.83028539662 25.5945266777 -28.2881223466 21.6702399499 -33.8946054438 17.6222667461 -8.84635832615 -9.59438524531 1.66627213296 17.9879809102 -4.13308281294 -29.2879419995 -25.3011005586 -2.92506687574 6.19230882602 -24.4139251901 28.6386032484 -32.4016240607 -1.30482745456 -2.81592859167 -10.3091342097 -1.40611118374
COOL
14.0327693994 -18.6476194127 -27.5455401983 -19.3229753265 -6.20721549163 -4.81945275683 1.65144710052 -2.35891149518 -17.939642461 8.0550705998 -4.62765238453 -5.47323454867 -21.0784890225 13.6633792695 -14.7602010917 -24.6173614248 -21.1060958455 -7.46566045705 -3.39519029672 -0.589227557891 -3.94209273054 -9.54019190732 14.9650757096 -8.28758027138 -0.648630914762 -8.69711062297
COT
18.9981763793 -1.05974750414 -28.9573059037 -34.1169722025 -24.7865423792 33.3321318055 -19.1177511597 5.91805717154 -12.8185592771 12.2686718452 -20.9532237733 9.05964102998 -3.45555130982 18.5405966631 -5.26740496788 -29.800347134 -22.4139518837 -11.2191940931 24.199050336 -15.5032907108 6.22390044025 -14.8718408904 -0.874627608006 -12.3549984517 17.8771316611 -5.80404898028
COUGH
19.7961535686 -4.75606245936 -25.2061268344 -28.216101534 -4.55610992576 32.8497291082 -22.219881908 9.92663240172 -13.0254688807 9.53653691169 -16.8789030654 15.9504750285 -5.07143717285 17.7858367657 -0.651560908296 -29.3756190593 -24.516624777 -7.05578809689 20.6719927524 -19.794334682 -0.175008257942 -16.9525750417 -3.3866803522 -8.92290752036 14.5578148262 -15.7072050613
DEATH
19.5094527225 -11.0332737052 -32.1758624297 -13.2639745039 -28.5621607275 -4.753590056 11.6117311371 7.52235400685 -27.7963164303 -5.15960182676 1.02137875302 11.0000138712 -18.6747338268 16.0632764011 -12.2568298273 -21.5314671004 -10.406750597 -11.3942794061 -0.0895201213038 4.32229823873 -5.11951953686 -24.8650435766 -15.6391426781 5.05185981753 1.88746939829 -18.6157054281
DIG
19.1468980145 -12.4323026079 -2.82175137101 -2.70257659452 -49.1573364624 -10.5582313796 -5.29528846377 -1.40853172192 -8.30598206695 8.80437286331 2.08532475035 -2.49198194199 1.99459633052 18.3373252166 -10.7936438002 1.94174060857 -4.11154157183 -52.8314968411 -9.27041554092 -3.79631067382 -8.20421248679 3.54257562806 12.2125072675 -13.4957567987 5.24036365694 -9.6913806905
DIME
18.8108458888 -1.99369351001 -31.8857300261 -18.6714298575 -0.0790436974511 2.57821848864 -17.8602061546 19.4419837508 -24.4636584719 -2.37951260865 -5.6950133222 8.54681662965 -9.06684584071 18.046887424 -12.0120687023 -20.4126282776 -17.5681569025 -28.7592152071 6.03371463901 -9.70226198801 2.99911533374 -22.8854983455 -6.08382073001 -6.30711015472 -6.40653221044 -2.77287530028
DOCK
18.9508730126 -5.35712491905 -30.4384230013 -24.9912639227 -21.364118483 15.1960264212 -16.4626020807 14.258690091 -12.5551744495 -1.5037097856 -14.0540307883 5.9356716849 3.15369862818 17.7019363587 -3.51089260395 -27.9032534993 -23.2819058869 -0.396592060348 17.2824585405 -14.4560158958 -0.455919672212 -11.7026474977 0.929667022646 -14.1507900604 6.06595501086 -2.33931754222
DOLL
18.3372708009 0.261247461459 -22.253710766 -35.8814846881 -36.543982425 18.5264629815 -20.3775092441 5.52685654851 -5.25284102275 9.38179202604 -14.5382080363 2.1090591485 -12.9374521809 17.4963235171 4.87415670347 -17.6071686189 -45.1576162525 -24.0626729845 29.0007077948 -22.0671329697 8.43317515797 -20.6518020522 10.509784959 -9.16187574122 1.78100491356 -14.1007870543
DOUBT
19.1609104406 -6.62038054432 -31.6133870892 -6.07869277566 -27.8816818703 0.99865440209 11.482765902 6.47091795886 -21.9706124612 -4.2346548845 1.56975077683 14.1893208894 -13.3580968379 16.806303896 3.26725555466 -19.3604160755 -33.5384006797 -23.9848634788 8.67141595228 -16.1395221455 1.91772309122 -1.40128654119 3.96908972602 -1.68755377805 3.42823331566 -12.5838300126
DULL
18.4301018312 -4.24736313269 -28.880372068 -26.3310715081 -24.0169077105 8.82009342673 -15.5134938483 20.5461005599 -9.78483375828 -8.50610263469 -17.3783551369 22.8914994481 -16.5816136182 18.7691733856 -4.59602704609 -25.0036606387 -35.7338750159 -5.09564194495 19.5029431931 -21.0155988279 13.2477384829 -10.4882840528 -0.0976676140813 -15.6662243895 14.2219693815 -5.3376417095
FADE
19.4167590099 -12.8793450121 -2.83552439774 -5.75355665498 -55.4448386875 -8.2792537797 7.99797513261 5.49616099979 -0.520677657192 10.7045083261 -12.0371819315 -0.63157097049 -10.440660676 17.8934717997 -11.3875618199 9.33138192774 0.265633896965 -60.5091816531 -2.95498321543 -12.7464492545 -7.7447086999 5.365486147 6.04796583362 -10.0035634521 9.3818667323 -14.3476639625
FAIL
19.4475894644 -10.4615788506 -22.4692038446 -4.59721101251 -41.1073356623 -1.85136658895 20.4887952775 3.7551740897 -13.3644889681 -10.1422250563 1.23173946255 -8.33346920109 -0.468032390328 18.9489629158 -10.7326120177 -26.281832925 -8.78844339047 -34.2319671951 -2.09693238152 20.488355926 -0.337497640055 -18.2397183259 -10.5431674446 4.96929056558 1.48206111569 0.120765148426
FEED
18.4064621739 -12.8908288259 18.6489676554 1.77221399833 -53.2156660889 -6.69565048622 -25.4284992257 -13.7965621509 -0.816899284779 6.40308309042 -3.47760598004 8.12213961961 -12.958785109 17.9274434675 -12.3521246486 19.5484593328 -4.32534281664 -64.6976673414 -10.6266768999 -33.1566640768 -22.4754867332 -5.32247042466 2.86608407245 -3.51321038142 11.9632738582 -8.77953014477
FELL
19.2921361344 -11.1953681785 -31.6312167045 -12.9267758349 -19.5057902443 1.30150755419 8.428723555 11.0884162616 -21.800923843 -6.96066221349 -1.17008752253 18.8680770087 -21.4323645748 19.3300265066 -9.40375108516 -37.2034727498 -17.3569981153 -1.84594461586 10.6189322639 -7.6518230545 7.39443322592 -16.7749273689 -7.77054509986 0.791637637021 20.4030266778 -16.9074937605
FIRE
19.1234042866 -13.6390601844 -30.1513424042 -11.7796919932 -24.4910978854 5.57792304424 0.941561133616 6.93087361168 -19.1935298225 -2.866540531 -5.84042464657 18.4933993782 -14.2407079584 16.554529516 -3.8090486388 -25.9519891431 -7.37412507715 -33.4088859558 -14.1481273838 15.4691847392 4.00087324913 -19.460693472 -6.36663614261 -0.848101759299 -3.03135657006 -2.3235687591
FOOL
17.184057516 9.87808363438 1.72630244407 -42.0876987948 -44.8125358937 2.11531326673 -20.7428768334 1.9286227703 -28.4181629822 6.4193141572 -12.7909111012 34.6342830361 -11.5795648269 17.5163704648 11.4336781024 1.42612622127 -36.0967166174 -37.708274826 4.4845652213 -14.7299718653 7.86572434156 -24.6271397115 13.9992484983 -5.37502780239 35.6680380244 -10.5266699985
FOUL
18.7491278101 -11.0587284667 -34.4681784789 -17.9904270853 -10.1196176893 9.66689348641 -13.5047642065 11.8509875467 -26.1191726363 1.51552910066 -9.18196246161 24.2223785154 -17.2303231351 18.1554906841 -3.79627015764 -26.2567486046 -29.1028162119 -13.2040645017 22.5876644989 -17.7283537527 10.2657437837 -11.5958851905 8.39355132075 -23.048398973 18.5878367257 -8.06885278123
FULL
17.8549078291 3.50719314829 -7.3847182777 -33.361314527 -24.3708861503 19.3432295134 -11.3233788569 3.33985640025 0.430831126885 4.04333724685 -2.327346991 0.505643523827 -15.7250148393 18.6077379472 1.63507025898 -9.07835025376 -35.5174604202 -22.6738681745 20.8853624038 -12.2798858536 3.39859595983 -0.388020916014 4.02644433994 -0.438548527458 -0.447439375442 -10.4867245588
GAP
18.1619343446 -8.08861591715 -22.5285644069 -2.99374084346 -36.4517262569 4.23028782588 8.09018069278 -8.12909458498 -7.42287363708 -4.067534808 4.14591260809 2.89030237481 -4.85002127529 18.1573630301 -10.7546488104 -34.4042432309 -5.28890096026 -4.79873466242 10.857217905 -1.44470392164 -9.46346317658 -13.1629773059 -8.41664306101 11.2574946451 2.27821178947 -17.6938779676
GUIDE
19.5640157709 -9.95207844572 -36.841544396 -9.40945385104 -11.9963563556 -0.579779390594 5.74292392307 -4.71014570338 -17.9277529658 -12.524567309 8.22083720609 9.20870829406 -15.5755769021 17.4225943329 -8.98393676784 -19.2060241347 -2.856053571 -38.2123308131 -4.27086948323 9.48968790048 -3.38471630116 -9.50623562909 -3.2077279343 1.64686185378 -1.07494721504 -6.93554286436
HEAD
19.0581812705 -6.83583607178 -27.5957876735 -15.5711891792 -16.2078144221 0.581522721383 16.4297945487 -10.3743350015 -22.5684440011 -3.27942800258 5.77576919686 -1.75718675157 -11.79868825 18.8291492255 -11.9613534247 -21.6131807052 -10.8205784775 -42.2767207225 -3.66801928585 15.1534424986 -1.17361621628 -14.8408022052 -10.7162885026 9.66878778061 -6.46363878624 0.963752911029
HEAL
17.1486597508 -12.7111332985 26.1137530339 -2.45224168836 -54.3161572393 -3.07139413961 -28.7506545337 -9.370082881 -4.16877650421 2.07176023611 -9.50199797817 9.9789006906 -16.0580313522 18.3373979299 -8.00907417761 2.33920448063 -3.7207719181 -49.4510761956 -3.65700786075 -7.23684672382 -3.88273021369 -1.79495755187 7.28170022749 -1.93721374838 11.2982542953 -10.2865049838
HILL
17.9917071185 -1.98717543079 -21.2559932844 -11.8043462109 -28.4614653187 -18.8280387247 24.6468303877 3.81702013996 -22.7271127935 -12.1472321765 -0.281334112682 -5.21147154254 -7.07193084547 18.5514032537 -5.25966552664 -25.3906708321 -15.7775878802 -27.0964793018 -8.48612039188 8.46779671492 16.3825699206 -18.504869855 -21.7942719226 12.2350133391 2.48578889759 -8.36031324856
HOME
18.4203943696 3.41853418809 -18.7280680295 -22.7733514811 -28.2045356666 14.6856275712 -12.2832554174 23.1570919696 -31.5823154069 -12.9974182544 4.31814016931 -8.04946773308 9.13993628069 16.197930498 4.50349459516 -9.56900730619 -9.17915746492 -27.6563561996 0.365105970366 -20.8595613484 13.6950610962 -25.9949817887 -9.78939245455 -0.869574731413 -10.5156910859 3.47847397341
KEEP
19.824810555 -17.6709802059 28.2895870181 -2.11837278398 -44.2027427348 -5.44957211303 -35.3510753298 -7.50282887589 -9.43438832772 10.5037391146 -14.7820482452 9.47153542022 -13.5904443287 18.1118695861 -10.3406849617 19.5076172653 4.67332936373 -39.9088836685 -10.5288702952 -20.5773254803 -9.58196214033 -7.58121954481 5.6753203149 -8.11983873234 11.6766028631 -19.2185046674
LIT
19.5315925119 -10.5144327855 -20.1813171822 -17.3562728598 -29.1067834608 -5.85658592043 3.00999352466 29.0694705405 -21.8145666773 -15.4786754273 9.14562346344 -0.0361595684811 -7.07239420315 18.7258438981 -7.01406586588 -15.1862106934 -12.2549437467 -31.9006204844 -2.70247602875 9.28766854266 19.680133087 -17.4878807398 -11.255533778 2.66077571306 -3.92689376166 -1.7648013423
LOUD
19.0786188603 -8.37754170635 -34.562535642 -12.1649309298 -14.9119693162 12.1449612562 -1.22592450485 8.15389475532 -20.8027572163 -11.2641262383 7.66031628744 16.4789345797 -17.2199869191 17.1941574905 0.39150421049 -26.4216223124 -21.8946541191 -23.6282343433 7.47019375798 -12.1493485239 7.97923845978 -1.43151494494 -9.58021299486 -8.32338751014 8.51758619627 -8.3005345843
LOVE
19.0695025471 -4.2162281204 -29.4474769226 -31.7024352432 -10.5709879578 23.354100643 -22.1309059633 15.8216688488 -10.1939739468 -4.24111816638 -16.6019917417 18.149202086 -7.27388355526 15.8969686101 1.44965290496 -12.3260225554 -20.1854703456 -16.6757236599 -1.35378018062 -23.2124131165 11.5914314136 7.79555997184 -9.61583728069 -11.9135969136 2.36085036752 -6.51621477449
LUCK
19.542030833 -3.31222834135 -25.7672388207 -30.390268442 -7.22576752606 31.3632658376 -22.799476318 16.058375246 -12.3959978162 2.51040896108 -17.2875581279 16.1590933518 -4.59911399769 17.3781954214 -2.54846950204 -25.9161381649 -21.8668126853 -2.3733522703 12.6597679991 -16.5170054603 3.92606566697 -7.36512593039 -13.2198962788 -11.7463564177 16.019265964 -12.7781836528
LULL
18.9361509881 0.471803020169 -23.7671724383 -41.5687353548 -13.2948596949 30.5088092335 -24.931499099 9.06406413289 -13.8233119697 7.1297847082 -11.0351239289 6.94268401092 -6.45007380745 18.6865794443 -1.26986315667 -23.6911024668 -40.3739591266 -7.30203102432 27.9470501483 -20.0421085344 3.6225520688 -13.0509024516 7.41941067541 -12.332146543 9.34848003379 -8.61090176959
LUNG
19.4451969812 -5.57689567018 -26.1376054433 -38.2449916713 -5.63062500077 26.6817511526 -24.2488676369 15.1091445913 -22.3310909716 14.8081824749 -22.0498660359 4.61511829592 0.494200727326 17.920048352 -2.26477330943 -22.3351628361 -34.0099787969 -1.185261141 17.2287542311 -25.0120173116 24.7594042846 -22.9323290045 3.16275992328 -14.2918462298 -6.89659187603 13.1781312023
MAIN
19.3442407628 -15.8678835608 2.49511535105 -13.8434823395 -58.3394104813 11.7818553411 -2.08414939396 -9.9412504279 3.60910454956 1.07674560566 -19.8535957008 -8.27808319467 -0.615447909192 18.3306093037 -11.7163061445 7.60645813857 -9.40998792238 -60.577591802 15.2325326483 -18.0183107497 -2.4564504939 2.72111230875 1.0876160527 -23.9623407856 -7.78956298816 -4.87464909593
MATH
17.4407294171 -4.46513942578 -23.195001493 -2.23000469855 -21.2605416358 -16.1752744841 -18.0537818792 6.70274226432 -26.760107297 -8.65626734838 -12.2913466387 7.326486327 -16.4537115511 18.375770939 -12.3726282206 -28.9748115413 -11.0642558556 1.27425386207 3.38505906353 -16.2195799799 13.6864033806 -28.4079052358 -9.08692483199 7.98337982931 -6.9949845437 -9.85814093958
MEAL
17.1312004828 -4.79769362923 6.28440581632 6.08804398343 -42.7723266506 -1.26026997031 -25.3251372296 -9.83237518848 -7.23206434898 -2.07366810016 -29.0366873412 7.63640072745 -6.49350782361 18.4787319815 -13.4265893224 -0.188562881086 -12.932198692 -60.3237672217 5.8442963701 -13.383143184 -10.3258323019 -16.2743466692 -4.12249644989 -19.2300314287 -1.73444893633 -4.49881258458
MILE
19.1694328914 -4.32933189513 -35.9411835776 -21.8320339819 5.84839530333 10.2194688796 -30.7635823427 26.3649209524 -33.8974266373 3.64835498792 -4.95400718376 -0.424490209006 1.9038532958 18.4622197255 -10.2784041157 -28.671864815 -11.497105834 -23.854244597 -1.30642074326 10.3034974915 2.07082833146 -27.2774828702 -11.7364822699 8.7736718211 -2.72344771774 -6.78731884344
MILL
16.7477315211 -3.13761815396 -9.57317228911 6.1560321297 -37.6994924979 -17.0315083324 -4.37726713289 4.05362489702 -22.896920047 -4.37014515047 -7.08318642448 -6.57166931209 -5.63954934152 18.9034682179 -9.63124785328 -23.1601658262 -9.13796063503 -29.1187986391 -2.08974715866 5.57623704351 18.3707189541 -33.0586550641 -5.61248781314 9.0512909582 -11.95438766 4.70462912145
MOB
18.8791364573 3.50629619234 -26.3682605591 -22.9761264519 5.33547650848 18.0685269807 -23.8933834884 13.0015190294 -28.4169646339 7.91940352707 -3.314264326 -2.82836578667 6.49818084727 18.2629446942 2.68272220879 -28.4194448554 -26.4454443147 0.425414539517 14.6788692456 -19.9364953562 7.33485957002 -18.0516091043 7.27307115068 -16.6621707104 8.16263162993 2.68233191143
PAL
18.6151359677 -7.05192547195 -38.3401085504 -9.39617418161 -15.8484512531 -1.87835810861 4.27454766438 -12.1237901162 -26.2905206055 -5.0049500968 8.68065035749 3.41786316679 -19.5782601244 18.9033441031 -5.41317607859 -37.8796232598 -16.4524419078 -4.99668274747 6.28380525067 -11.9243453775 2.03914446377 -18.0651596452 -6.35942192436 2.30102155172 12.2333558507 -22.8256822479
PEN
19.1805220768 -8.95811717561 -30.0678794698 -11.3387297639 -13.3900984612 -3.90269274621 3.79626884187 -4.41434299573 -38.9487098537 -4.10510693215 1.21725291156 -4.60655886841 -13.5630779636 17.8256261846 -8.102149494 -13.5895688042 -2.12299613947 -34.8635088503 -11.7352980547 -3.63718536506 -4.94081499267 -24.4812848055 -17.110094671 12.1087470983 -18.193338931 -3.2065558945
PIN
16.4471118378 -18.0109437733 -9.8769062811 -6.83804626816 -31.0611272719 1.69766301067 9.81319832047 -4.60413682756 -14.5864516289 -1.73290063981 -2.2855765792 -7.23296571871 1.41567008296 18.0001387652 -8.66434639993 -9.40715927984 -0.985032618753 -50.0089449733 -3.75610999184 -4.33490184128 -9.8417654244 -26.0019612025 -7.20123209262 0.481952047015 -28.751868684 1.14532044314
POKE
18.364500275 6.11960118373 -8.19984531765 -33.2899267778 -26.8310225198 10.7983853066 -13.5252192732 3.04919178181 2.2789294606 10.2934236403 -9.93744597173 -0.989494069577 -14.8413745079 16.9509217858 10.8818295655 -0.0911342393941 -37.8716221491 -35.3439435969 8.1722047345 -9.87241039345 5.7669127763 -19.6267220295 7.01699028218 -5.11085076246 18.7604347983 -14.3094121765
POOL
16.2825522405 16.4255298053 -3.34584191756 -26.7554615223 -26.4004026698 -2.46832597087 -12.4289129202 2.94238084205 -14.8057208558 5.84624861042 -8.284922011 13.749185255 -2.62758507427 17.2035903768 16.3471243846 1.67515464335 -37.879539147 -39.8301753478 -3.21095841699 -16.2468948665 13.0231328861 -25.5274651626 9.45553756374 -13.4139366939 21.4137747181 -7.89869947045
PULL
18.44901571 4.22720630011 -17.3131492911 -38.3546705663 -8.61711940016 15.4851976364 -10.3113079641 1.61786459084 -7.61224986636 1.28401160641 -13.7962004215 4.50814651368 -6.43674272842 18.9308529478 -1.83095953176 -14.8244712105 -42.0385890461 -12.8712053622 24.9736081852 -10.2518645008 9.04183834642 -7.79612445067 10.6034991979 -16.6036236374 10.5221222595 -11.034245462
RICE
19.2354710711 -7.0782691828 -31.6322755661 -14.5801608089 -19.6099484887 3.84378859488 -7.37690046312 22.5513745407 -25.0190883169 -0.839201253949 -11.2291874405 13.97437474 -8.4040691076 16.4163839596 -6.42885190166 8.14425805819 -4.48497186622 -53.3990657633 -7.46025834234 -7.70790340738 -10.5005154504 3.77081956339 1.95724205401 -11.9709974028 -0.421632830026 -11.315041838
RIP
19.3844741154 -5.24837070477 -19.1861389231 -6.20383310197 -34.3332395017 -14.8117410348 23.4830977493 11.9850888733 -13.9912903794 -1.87503107875 -0.578018063715 2.18566041076 -10.2832716327 17.9337088936 -2.53978057469 -20.6562409544 -9.65768418795 -29.4975340243 -17.018511459 14.0725968282 10.5715063769 -9.20088269139 -11.6277683704 -2.79988552177 6.3038475059 -14.4490413482
SAIL
18.5635588717 -5.66078391857 -19.2372033858 -6.67185952137 -41.777163343 -8.53612084049 19.4315191853 6.18202028176 -12.1967065462 -8.56097925372 5.75190997997 -9.84520973404 -0.373067088113 19.1025753298 -13.0378955204 -30.382365201 -8.497770472 -35.236817425 -0.816598766534 17.9427836515 -1.72523376362 -23.6034144035 -8.24360190452 5.20393838102 -2.37006472138 -3.32501139738
SELL
18.5906004469 -5.46805600299 -22.6199332979 -16.9234964147 -17.6789552622 -4.99769900348 7.93919786119 10.2699617953 -6.13238574408 -23.1432861888 5.38401251576 13.6030660583 -15.9971550868 19.2033282088 -9.88140064538 -36.5118981859 -20.8498923649 -8.65079676764 2.46028283951 -5.58950139112 2.93228649973 -20.7503555843 -11.7328313141 2.40518094156 20.7665290855 -19.5103919509
SOUR
19.3995329005 -12.2602706057 -38.4851187204 -12.7144448392 -15.4142063485 4.65618841232 -3.59105765954 5.10586189541 -27.6702437153 1.04480243687 -3.86290958887 17.0036476054 -21.4873143338 17.4641393304 6.93425015077 -27.8941902242 -27.2183054997 -20.7581321627 11.138398652 -6.59634131104 -2.58991985601 -5.74352760173 8.75283324634 -16.8441184797 6.81089913722 -8.72837302115
SOUTH
19.4182582465 -10.2269664469 -32.6300394759 -15.0482498844 -9.99064339808 5.67241272229 1.05912573325 14.1672490917 -24.6618913502 -4.78272940209 -1.53421139892 22.7192971851 -20.0497192408 16.7905240803 2.19915460566 -21.6304240449 -26.8512844464 -10.7275371493 3.52124572377 -9.76503914455 -0.0977295027053 1.7002389415 -5.40362933572 -15.2360976419 3.40591248135 -5.60843612912
TAPE
17.7326131842 -17.3432893147 -8.88912270691 -8.677067924 -39.1345369858 -2.2996758423 11.2432115841 -3.90082024905 -6.6797478005 -6.53113668615 -4.13246775845 -8.01531895462 -1.21222706658 18.0435861341 -10.7871090371 3.13281928996 -2.20293768253 -54.428461611 -9.21125686733 -11.0497584111 -4.96036640232 1.01332810607 5.95294885584 -3.81158750642 9.83276974781 -8.5437670109
TOOL
13.2048917732 -10.941000297 -14.4989871347 -10.3261688512 -8.67992390417 -14.9040250006 -28.7950771587 2.18944307886 4.10578513822 3.21370889815 -15.1758168579 -4.92101164368 -1.64097643171 15.9371571423 10.8249871071 0.278302259869 -28.1112844611 -30.0720260396 -1.29596933856 -29.8813596801 -7.11523235772 -8.41062608041 20.9563417671 -4.58267676448 8.66376902717 -19.4978268158
TOWN
19.3628004638 -11.1735765229 -34.6594996913 -9.74113865545 -5.14545664853 -1.89478666458 -10.4652029305 3.68795875529 -26.305328513 -6.5449499296 6.22881920935 -2.3500745454 -18.0493645553 17.1248804252 2.87366962436 -36.1761733402 -13.8297674331 -12.9840220497 1.0794196528 -19.3920996382 12.7723282247 -18.5822964804 -12.0750968783 1.11336637557 -19.4497982641 5.62374389857
TUBE
17.5739002202 -2.19334633426 2.13174582229 7.51714526232 -38.6878400694 -29.6938961994 -18.5769545196 7.00877026639 -19.4209551833 18.6158806422 1.5267371483 15.9729529466 -13.433892281 13.6350313831 0.803905490713 2.92190700609 -2.89625990619 -14.4840852335 -18.5387029721 -26.0878482248 -6.47340587088 -15.9908450548 -4.85685281438 -7.93968137965 6.38767467035 -13.7587037946
VOICE
17.580118891 11.9022993912 -9.7903576456 -30.2300395538 -30.8285984424 11.6678098786 -10.5312613838 2.07037373751 -11.3629446183 2.17263112345 -1.46495521986 9.9487375577 2.56369584302 17.9282417233 -7.75207245715 -2.64065580393 -6.21998191838 -46.8455912661 -10.3438089073 -6.74587191281 -1.69299787135 -1.83183318589 10.2409605449 -8.36701673438 4.29759915416 -4.23089619463
VOID
17.6458460491 14.1137414675 -5.06611735561 -40.5120620766 -44.3638240601 15.3684076951 -13.7830060679 11.3625754271 -19.382328838 -0.85658407319 -1.4284825912 17.2291021089 -3.10077860174 18.4405193741 -6.25402274894 -12.7163239861 -7.71734513699 -46.6737433865 -4.80775381992 -4.39460973913 9.05140523833 -3.35981740296 13.3390988683 -17.1527322184 4.82763266365 -10.5146396193
WALK
16.9919521336 10.0656518172 -7.86714881191 -37.3981797851 -39.8188663815 18.336931004 -15.2374783529 8.54068797567 -18.6364678978 2.42989484436 -5.07268386043 7.33872905529 -7.41077882177 18.4609486642 -0.467916078508 -26.7718775084 -32.5707852299 -11.6721545711 32.7264595936 -20.7485300167 2.05979676131 -19.0301937928 6.90220343023 -9.24805063701 8.21619402646 -5.56652037607
WALL
17.9980568282 1.62651018985 -17.529531177 -36.9700267546 -24.1451655462 31.8126837233 -18.3502123584 11.1350034179 -22.8105065457 13.338317417 -10.7948129803 4.31228766563 -5.81845989496 17.8628598097 3.47000894336 -20.1570162574 -44.5571994043 -9.7912469949 25.4750010716 -14.9596066219 5.98107905824 -22.5891577735 11.8158190555 -12.366741027 -0.216561284258 -4.22866221963
WET
19.5244119494 -11.9507679032 -24.5290195789 -19.2502954885 -25.088033723 1.44045824914 14.1902004579 2.24208883083 -17.0969860996 -15.1647965726 5.35871778659 12.1395289099 -12.0804428979 18.1442448446 -9.22331824684 -22.7118889128 -12.8678016778 -32.2507649887 -7.73774952955 19.0229885876 -18.1996732848 -19.1045292455 -19.1234573822 10.238931803 -5.63991882276 -4.1098335932
WOOL
18.2294499186 1.63984145644 -7.71297614311 -40.4161790712 -28.6282137441 23.3008345153 -20.8517767064 4.71622676985 -0.849058795479 11.9051094347 -1.33111124813 4.57932416237 -10.4554459904 18.6365683104 -0.847125355473 -12.8207279808 -41.6612054457 -27.2572626179 23.1408959238 -20.3746824236 7.52454661935 1.28845273099 9.96974034539 -5.35605423606 -3.83843052034 -15.8979462302
WRONG
18.8790775236 7.78410795061 -35.8427616032 -32.2109030855 -5.75208791282 27.9256765939 -21.508438564 15.9157898384 -41.8606126979 9.94824725307 4.11351885015 -12.8308383274 6.50781620672 17.7585138443 3.25750751286 -29.1749422422 -27.5839357454 -4.08793604616 20.3942069615 -23.3791368375 14.1981761259 -32.3349368674 3.2970119644 1.88313290752 -12.2925178113 7.5907279136
