BEAN
20.9024776358 -24.2994482698 14.019418796 27.8060098895 -46.2886410676 8.61580025874 -40.0154031777 4.49289859756 -31.9577265638 -13.7017804521 9.30445211576 -18.6785980428 -5.03223948572 19.4245263427 -15.7446307983 12.2937195054 21.9921615482 -56.1153940327 28.6228537215 -37.7792771608 -7.84600040869 -17.1026425018 7.71228446604 -5.35133998204 -25.6008428615 -4.98421546181
BITE
19.7453662851 -7.63876754048 -29.7289832359 6.26682064882 -41.642469982 2.21528629607 -15.4804357066 23.1842469951 12.0073510663 3.97834238105 -23.7518552322 -2.72353373323 2.8958290351 15.1311840087 -7.98496977968 0.713542654019 23.5225209675 -40.267838296 -18.3294330903 -21.8527441448 0.430726752582 -25.8512674121 1.14228370842 8.35455703928 -2.92152313925 -0.297948882427
BOAT
18.7981174217 7.61161833187 -18.454933841 -12.6494945113 -40.298139482 9.51207176423 -26.4069732326 -2.57650248291 -16.9805771494 33.1057721686 16.2702566376 -27.8399035477 -0.292941516278 15.0631018766 4.3883781594 -1.37970921174 -3.48059309668 -27.6531462313 8.52909485093 -25.6980762489 -9.82221847428 -37.9331384157 -1.22226526153 21.9301604664 -9.96873118359 7.80378126348
BOIL
17.3888957708 13.7348977906 -1.54550147061 -17.9188738694 -59.2293348886 6.44291296272 -12.6414406346 7.4233791895 -21.0434925778 2.01708864187 -0.0803756412175 -0.718667690441 22.8630423026 18.4306673665 0.73729767232 -20.4480789848 0.313492072789 -41.5500550398 10.545586444 -37.7125531007 1.62485451677 5.15970194164 25.4585742569 1.51425991354 -20.9690762486 9.8537452748
BULL
17.9036580397 10.0116223211 -2.97447324951 -21.3688263625 -56.264044316 8.84181928853 -7.96752354484 -0.309038565372 -10.5446932197 4.51761610244 -13.5511164782 12.6996662483 3.85965400996 18.4902635337 12.7360508378 -2.61174829638 -23.1140683495 -65.0164784775 14.440855964 -6.6292792322 5.91521494698 -7.11709315681 1.95004634189 -12.573768088 19.3600927563 2.83424876507
CAB
17.3471388129 -9.51192620819 -26.2923274219 7.44933897228 -31.5296551351 -5.04693314783 0.744247180569 19.0803862281 -4.88379225781 -9.19409652037 -16.9034951747 4.84058116665 -4.59351039415 18.4472632668 -1.05859704663 -37.7749238191 -2.08334269362 -32.7476167014 -1.17056623967 -6.24853956795 21.9831039851 7.69724335131 -8.32114154934 -23.9232780417 -7.58524740786 9.42699294256
CALM
14.9041882097 -9.45665337508 -15.572838675 -17.391699658 -11.5474481947 11.9711137131 -7.7937431344 2.02496994517 -14.4062262637 8.80632751728 -10.1071222148 -4.74367845118 -0.307071620098 18.871348816 2.69911939386 -16.350431429 -27.9868708679 -43.8054539959 29.8528545639 -3.75365296926 16.8119642119 -25.8300429739 -4.8737065302 3.83970909271 -15.4911142015 -9.0598431832
CAUGHT
16.2555778993 -7.24622694329 -26.6744147941 -13.0995314037 -15.4241614356 5.34622719153 -16.9284430835 7.06822268663 -14.9473019849 11.7422562853 -15.1630730108 -7.87315167752 8.16534101041 18.3174329243 3.01224955964 -26.8418953794 -25.2218709535 -37.8185151905 27.4424613099 -0.722435710361 -0.602452132637 -8.28966412479 17.9611610594 -18.8494597722 -14.2673859584 -1.96987609838
COAL
17.0972227364 0.465944983843 -14.9040297963 -20.0509729316 -36.3487846265 17.7266156806 -12.8498922937 0.184952067814 -16.8474783723 16.3928965812 -6.3412352593 2.72691966397 1.71287514237 17.4186390143 9.58572498503 4.19653713026 -18.741205261 -70.0175584164 11.1999292067 -13.8590966373 7.24218412682 2.45613106758 -0.72747876949 -17.425805395 14.2845498859 -2.78755632089
CODE
17.7430367278 -1.35311238502 -23.1109413598 -7.79620869217 -27.6031427019 -3.15431265687 -32.3365917052 7.90298065953 -6.69805480693 20.8241519298 -4.62107141033 -18.3660134726 8.87167214708 16.8072367759 6.95360492894 -13.7664092032 -0.686753601249 -29.5586331375 9.19990294678 -41.6166369551 -12.915965821 -19.4005337667 20.0472694508 22.856720063 -26.2673170286 4.44977609807
COIN
18.6894521354 2.71361180529 -9.90188372811 -14.8254344639 -59.4503111932 11.5412856039 -8.09805715755 9.00391268421 -20.9972164195 2.12863378568 -18.856751614 -10.4186439904 -2.72716891709 17.7555354179 -1.16238031225 -19.1717166607 0.850906120666 -33.4617046148 11.0896510642 -22.6812032789 9.63454344217 -10.17084747 5.12132446823 -5.06983732989 -24.9783882034 -12.3270261321
CON
17.1353156876 -8.37216171026 -27.7956701895 -12.5490085515 -16.1378831885 10.0488268956 -17.0331836558 7.44233868144 -15.5979895651 3.23691566177 -7.78134190129 -7.78962474993 -0.860723618178 18.3075668741 0.896923939051 -29.9356828612 -21.1828192028 -24.8137001667 27.6703309396 -15.2722623428 5.87381370624 -18.3332668607 1.71021416259 -0.59605241132 -22.2408858494 -16.6754948847
COOL
17.5757228549 13.916638628 1.49637703186 -12.1202319176 -51.0195166779 1.32181662981 -19.5409215417 6.88483413594 -37.9688329641 -14.2925268235 7.9398473436 -9.38668483973 23.1968593421 17.2121778008 10.7505909444 2.1309225482 -13.2966779879 -56.2918684198 7.83264972807 -14.2676545163 3.21478137211 -34.4207416566 -2.76164243353 -5.47560954546 1.91707506383 26.0728575108
COT
17.1980747829 -8.43384937482 -24.6985543804 -11.0354133749 -12.4717101854 0.0562559251855 -12.0939723331 9.06269576397 -8.14003370337 10.9821187668 -14.0759439278 1.61141864297 2.29133266084 17.5459836226 2.34808675102 -24.7832329522 -26.9667794138 -28.5654344869 20.7999429501 0.146270010254 -3.18262301992 -3.09905408775 8.0239816377 -21.7746714237 -8.84642687161 -0.326343777248
COUGH
15.8284731761 -10.490208238 -25.7109515627 -15.2562103089 -15.1699796854 6.29890322951 -15.5669216156 5.76132564746 -9.57853160135 13.689335009 -14.6430477649 -1.58887760071 0.320890576147 18.3349448377 -0.328008165759 -26.4084936398 -16.6470957829 -42.6936174128 33.5688464788 6.34421535151 -4.91464528038 -2.85996797711 8.89916022954 -13.5133403392 -11.1578918732 -3.56127631023
DEATH
19.1329668532 -2.83118918541 -23.2540519426 7.53058400735 -47.8991768765 -16.1408563157 -20.7361687116 19.1667718738 14.5938109732 -7.08665274039 -7.40862595758 3.17802726077 -20.6866827068 17.9655285936 -0.453908004508 -23.5380544672 -3.56444744073 -33.4956201365 -12.3722747004 -11.1559670074 24.0136380092 14.2650589935 -12.733404971 -18.3987207991 2.10286331345 -8.41439028742
DIG
19.9497923988 -14.3352386356 -3.94776907073 24.6698437649 -47.8640580923 -15.0831267233 -36.2479521292 5.77589840015 -13.6609129943 -3.10082637278 13.8052278821 12.2298920393 -8.70562958591 18.9819189467 -12.8630479631 -5.95338291429 33.8906266097 -45.2691603559 -18.8264668965 -27.9924336161 4.7299141203 -34.9188647616 5.83072982477 7.46279531482 0.0217265709293 2.14295819675
DIME
19.2270048385 -3.44668482093 -35.0415626328 -6.20649092759 -26.8179511729 16.7495655888 -13.4048793752 13.569929118 3.46848030448 -6.67266790915 -21.6170021471 -14.6218253255 10.6826566108 18.3620065647 -8.49141415029 -32.1993566908 5.48309959383 -28.0968888733 9.40095362066 -22.1138697586 21.5034275905 -2.10080064814 -20.6043456774 -3.53515585904 -14.0874853363 -1.55181404788
DOCK
19.5414145074 -3.49948108498 -23.9646950419 -19.0835558102 -39.3488581045 23.6324997543 -8.40467321176 1.56431422547 2.41666013739 16.8051320633 -20.1432515783 -22.2635011857 7.986173398 16.2203467402 3.03808029429 -22.1821913654 -22.7582281365 -20.0882669532 20.9644862525 0.026386224852 3.81962050526 -12.6012286451 18.0437398762 -15.4453672311 -11.464386842 9.70987685869
DOLL
18.5681174051 2.23156725683 -19.9637881856 -21.4157143229 -50.5400205534 22.4833366872 1.23300591155 -2.15623709649 6.29450243243 16.0442916038 -12.1177591992 -1.97109886287 -14.4430143994 17.1785236599 6.73614686282 -9.08356228911 -32.4806624477 -53.3195818633 19.6260508647 5.97054197969 0.953798289505 3.56114986275 -5.31079192652 -9.08715681229 10.0510600766 -17.1497239217
DOUBT
19.5364510423 -4.76285649507 -32.3269411336 3.85665259656 -41.7394574556 7.60972721529 -16.0886522711 26.7519868793 12.1177322992 -0.426041517792 -27.6644927032 -4.29270319439 10.1437399094 16.4948588676 7.3081767302 -23.379199146 -10.3367627982 -31.8979890467 2.14429125293 -23.0693659414 -6.25874500671 -2.06168549014 24.1623986344 2.73571333436 -29.5045189376 6.43382939515
DULL
18.1379417337 5.01796153504 -22.6276199537 -8.54220589232 -38.2747688136 -3.02897101667 -37.0596436847 -7.44282451547 16.8139951827 31.5752921811 -19.2172493292 -10.6586972083 -0.73076018823 18.6627309862 5.10951949322 -20.889266327 -16.6080972828 -42.7688790177 17.5553258916 -21.9309452911 -11.9647241086 9.55541742462 35.819388368 -10.7417038607 -14.0513126508 -8.71635638231
FADE
19.2513276553 -8.83125423082 -9.55603239445 17.6816937398 -49.4692426181 -23.7221158624 -26.0356868112 12.7811307401 -16.1399082508 8.01329651407 -1.72170010811 10.8185721961 -12.496611073 18.5355019093 -11.6014818309 1.69391075205 31.0090851089 -50.5351723326 -11.1541168877 -36.145660534 6.42598302999 -32.2290674813 5.76059461488 11.8913966042 -1.43783380448 4.10059184133
FAIL
19.1680808038 -6.89391908746 -14.5654422242 17.6721177602 -47.2536624081 -18.6875746401 -30.8799030965 23.2904257229 -6.60762200747 8.82868399231 2.14396998503 9.49418638887 -12.94878672 18.6142245169 -8.94755169064 -12.7352805422 15.4611635471 -46.638797919 -17.2305297867 -29.8741940859 24.3602427693 -8.30120691084 4.30484976967 0.484691594955 3.74976133859 -7.593751876
FEED
20.276575026 -21.8337984006 12.8026054652 31.9230813971 -44.3782797787 7.0709201656 -39.5804391105 4.13039566505 -41.8438274534 -5.05868058374 -2.03282788288 -16.565791425 -2.11477760134 18.0838182018 -14.341256717 20.211715078 32.3527303099 -35.1256115339 8.72814108062 -30.5888464105 3.40419227717 -38.318153935 -7.59202430606 -5.47489215205 -18.1560966721 -5.61845895881
FELL
19.0421932629 1.45850607768 -25.7946908468 2.77408652629 -37.124873898 -10.6049381538 -20.0207685934 14.5289486288 28.3975610089 -3.27841395615 -23.0947971358 2.92084318263 -2.62503161771 18.6155525433 2.41602531633 -24.0905718905 -8.98796160535 -27.6082903637 -8.04219837303 -16.6439198689 12.5974254327 28.5521448799 0.839384285948 -31.3586737753 3.69465326108 -5.06620315992
FIRE
19.4588751188 -6.58890459723 -26.5280269449 -16.7596735679 -40.2906814947 32.226218445 -14.9547969315 6.09571718111 1.10448642346 11.502813361 -15.9053955123 -28.1483208207 11.6316473317 18.0680379676 -6.58733849173 -29.0372298076 3.07229300546 -37.7022141903 0.523995953296 -23.651784354 29.7506559953 2.46481554361 -2.57316212391 -21.8681363788 -12.0127729469 2.42770468725
FOOL
17.2588354747 8.38134757998 3.39084353663 -9.08700827098 -53.1140882108 10.7969853312 -21.916115305 -0.278258508335 -42.7645714779 -7.59067809511 0.140523236853 -9.48323130846 23.302385575 16.9442339469 13.3726779707 4.03333718428 -18.7208442479 -48.6341036938 5.91646971456 -14.258929691 1.99582487129 -31.1912000855 -2.59355935046 -4.99090829358 5.64219979666 21.5920156178
FOUL
19.273923162 -4.19088129179 -34.4561972157 -5.79369782663 -33.0074749054 16.1536571234 -8.48956414925 10.5077547914 9.79870618788 -9.24227321902 -27.471348495 -12.6017774825 23.5491413477 18.5824224276 -2.09721664066 -30.0863134729 -16.7746232981 -30.3250578582 27.1493670174 -0.465245114617 -3.45429496174 5.97061295613 0.216121494267 -25.2784244145 -10.860869599 10.5301172853
FULL
17.7860177461 10.9448597498 -6.27558341553 -24.3602078613 -49.6480844517 14.959166606 -9.26065422458 0.266921601112 -23.8168653086 23.0103733799 -0.438738063959 11.5330250172 -3.02404555462 18.4298650114 6.40677754362 -5.44215087505 -28.5910053724 -57.0649893514 14.1209069024 -14.1853663411 1.97593703139 -22.0805853801 18.8442939658 -4.63601836995 10.8285810207 -7.53774745489
GAP
17.9052390868 -13.4854936751 -12.6087116919 5.05784515545 -36.682368388 -9.34021786376 -7.03783625923 4.19415278629 -2.6778417844 -2.60400117156 -2.60959787972 6.33511695823 -13.4314143127 18.517271785 -5.25583937149 -27.6912919331 -7.37608948147 -29.9292920216 -2.13445000514 -5.2982950074 31.4138019429 -1.21092735019 -10.0384551352 -23.7314631696 2.24419823392 6.50645616868
GUIDE
19.0791751038 -2.14329546263 -38.2320463439 -6.49759250516 -27.6299365035 6.25412723859 -11.0703268055 22.4411477997 1.85750789956 5.98657533606 -36.561124386 -8.58016308721 15.1928979024 16.7338527704 -2.19711874903 -26.3834494391 2.50853995147 -33.2192675715 -12.7168508362 -8.99879324369 24.5751988106 1.57657625745 2.89409991591 -22.0401425627 3.44916886445 -2.01502701683
HEAD
14.1635009703 -10.856786516 -22.1642600286 -0.939493032847 -24.5717755292 -8.82759682949 8.45123806706 8.16404182554 -10.9936105635 -9.28771154182 -9.22854006011 7.10355173434 -11.5969371866 19.2248805969 -2.9353180485 -22.8219790249 8.23291835414 -43.8973517312 -14.8797436663 -16.9386589467 27.7061584895 6.75461397228 5.06078666063 -11.6335910607 5.60092749567 -19.4201102515
HEAL
18.7384126996 -17.155436578 11.6231820643 28.6179064422 -44.0081043133 1.44105503868 -28.7124333142 -4.376474855 -29.6604752825 -7.58620743962 -4.12196939193 -10.4612593564 -3.16010396786 18.847171257 -6.92833696532 -3.32950539478 38.2313157445 -47.0288568191 -16.0574477067 -33.9640908663 4.65978799428 -36.6982711833 0.311250827911 0.905678807138 -3.60405544818 2.14441553585
HILL
19.0796582654 -2.49662406407 -9.29137054273 9.28380174507 -30.1739511713 -10.8311499586 -24.3479178807 10.1246587985 7.20229379919 -1.15913845649 4.74167546194 19.1237697187 -9.28503758558 19.0899488197 -2.38280813119 -12.2916283602 11.1655245361 -35.9346236571 -14.8851139743 -34.5266161289 14.0399492203 15.3158733971 -0.572906950085 -6.44969555181 22.5437183687 -4.39512229807
HOME
14.4878713404 -4.39609559115 -22.2965669166 -21.8518618689 -11.9128276437 10.0832935662 -9.10553557665 -1.30376415378 -9.55790101661 5.13789983687 -4.60670016207 -15.7713937198 -3.04172344966 17.7536188914 12.3468265056 -19.576310448 -17.5356761145 -37.3907887968 5.07958134075 -0.589520958339 -0.269485466314 -24.205538799 3.31822086121 -2.13484845814 -9.41815974476 -5.60359356112
KEEP
20.4516620309 -19.8406439326 17.4041884791 34.8798918666 -46.6457663761 9.09148502532 -32.5129888047 0.590886163914 -30.837502667 -1.39081276638 -3.944687512 -11.7865778501 -8.12671745223 17.3819537069 -11.9768865933 14.8780525641 33.545200771 -31.8039819624 3.80931382311 -23.0720620233 -4.24755800264 -31.5455845222 -3.54578667207 -2.22494574179 -20.2526157824 -4.57678122321
LIT
19.3886905654 -2.35608331815 -13.8994547965 17.1457409935 -42.4676903387 -16.0016036091 -42.0813723524 12.2451571235 13.602645673 -3.0413760199 3.12872488566 18.9064676406 -9.01137804482 18.9934824498 -9.45939885301 -10.0033089787 16.9565924068 -48.6688578136 -14.759963871 -45.3769658943 19.0932089362 -5.76384115923 1.51038350287 5.96272621563 26.4279647248 -10.8698674218
LOUD
19.1436808841 -4.12395438194 -31.7410832338 -19.1137701998 -29.6261688598 30.2645864137 -11.2203829557 1.32026764243 4.66995983163 -0.181951178678 -29.7826205248 -9.79914611612 16.6360424572 16.3882597761 1.7388087772 -21.7042256923 -12.1935723827 -34.0155813209 14.2074107252 -22.0566790877 -1.30920307493 -1.11308688371 21.0401969824 -10.4306891725 -26.480242135 6.75943448774
LOVE
18.929899674 0.280895655373 -17.1131794458 -25.923947496 -39.7996190085 29.9944829683 -17.2603949499 3.05513539096 1.07218708967 27.0209353802 -12.6806660089 -14.0896937051 -23.3153285012 15.72675888 11.0730456128 -12.4040462748 -17.7353252641 -26.5325311276 10.2760485647 -21.2198388256 -9.97064297538 -7.01218400941 30.5745437407 -2.27647811919 -14.8440179406 -4.32540057247
LUCK
19.7613620657 -7.28837439857 -14.2566209705 -23.9638563177 -49.4980817015 39.8188433844 -23.8086540502 3.82669384866 7.04936171751 21.5529490447 -16.4481714801 -12.5667207224 -20.2915187833 14.5660388216 -3.64870092382 -15.653740202 -13.9708683875 -14.7292276951 9.32606518993 -17.090232375 4.73487184417 5.73196225803 14.5171891427 -24.3399431169 -10.9898679978 10.2895514985
LULL
18.6370569847 7.92108904966 -8.80248884312 -27.7001550211 -67.9643002312 21.2145060664 -16.9443185068 -8.81999801675 -16.5726163478 8.67569179481 -0.357111049995 18.7847982987 -13.0138042703 18.5220216486 6.85376280135 -5.95560265727 -24.6892428381 -56.3768905108 20.1848577091 -11.5545010732 -3.78184374647 -5.29022742501 9.28594731372 4.5476927497 15.7784245165 -12.0186724652
LUNG
19.2211026938 -0.344945725549 -11.9053232009 -29.2102760194 -41.2333353182 32.9125660863 -17.3254417551 21.5833233794 -25.8138271122 16.42132986 -5.91372801659 -10.5520022309 -15.7115857414 18.4096915658 1.01498890583 -15.9578004453 -25.8420661293 -36.1738293839 33.047168924 -15.6621577769 18.1116088109 -30.9184709986 9.04182029051 3.11621092879 -11.8328017484 -17.5420516281
MAIN
19.5596396532 -7.745428699 -14.9201390464 17.0235383499 -54.900639365 -7.55485822486 -12.1641598341 12.6767042971 -11.2100838006 1.30744987485 6.22671557049 -16.5143411947 -20.5251448882 19.3303596255 -13.9319211544 -2.19864158893 27.25281536 -59.690125256 4.7289255479 -19.8667349836 5.52613236976 -23.1601339912 10.3431765035 4.44798535715 -22.6921256902 -16.9960797953
MATH
20.1643418445 -14.7290619941 -31.4153181185 0.0192473112403 -27.2294970825 5.06214952394 -15.4380348562 28.1180169454 -12.7569892811 -19.8720801781 -11.1485310206 -4.78812533357 0.491637870002 17.2506715968 -7.72342846579 -22.5992393462 -8.27879048497 -19.6150276872 -1.48838566652 -6.41419276589 23.9845815346 -4.72095084264 -20.2850687282 -15.9366646839 0.424103207336 1.40985920805
MEAL
19.3275349618 -14.1197865016 8.03589461889 29.1263051701 -53.7666075662 -1.29477051375 -29.9376507887 -0.853948471914 -32.9421514852 -5.64449784581 7.39974823316 -10.7379856737 -11.6130973125 19.6436855322 -14.4652403299 -0.369229975166 35.439718657 -48.7481976731 -6.82474690883 -39.657640846 7.30456469469 -32.5393674153 -2.43567125327 4.1011485948 -5.34719745641 1.19724400623
MILE
18.9684672605 1.32676968473 -33.9190216253 -23.7876953657 -23.9049811314 24.3016093384 -7.06632154699 2.09656158283 -17.8899461669 -4.09049046726 -8.398084204 -23.8608102014 -0.804613588035 18.4150844757 -3.11256721673 -32.7288648748 -4.90156713061 -28.6733387785 8.8267672884 -14.466052822 23.2550405953 1.52672327162 -6.70267134993 -24.399729264 -14.4512528982 16.8334567277
MILL
19.22659073 -7.21080237701 -17.0555539039 7.7458214654 -42.388020796 -7.96526602415 -35.4931318632 24.2707582416 -1.4819085489 -1.05899522475 -12.6400099414 4.72961655961 -17.6701510191 18.8657605979 -2.8472632275 -17.4635345005 3.40803062838 -38.3423917897 -0.829291692831 -38.0656891413 22.4195955309 7.04958349506 9.68815407107 -16.6579738002 -2.08836685431 -1.96981105687
MOB
18.8840497902 -1.40421239888 -25.7936304869 -27.0250008363 -38.3161046668 33.5044867738 1.21490796735 3.51045401999 -14.8597388666 0.521588972605 -0.498294099098 -17.1570014202 -3.57183121406 17.5709994251 2.10109377593 -23.9041598649 -25.3758233663 -32.444454254 28.7054789663 -6.87749565477 2.45771978166 -7.86718567754 7.26487427097 -11.1339219053 -18.5258907813 -2.34232782283
PAL
16.9322108556 -9.6974506447 -27.5643321496 -4.08535849947 -17.6056124785 -6.20633819399 10.0422677966 11.0034894883 -2.41159551507 -3.97005177348 -19.8042221515 5.78982194125 4.24937703687 19.0908005059 -2.63042957441 -38.5576430529 -3.46456330435 -26.0521938326 10.4902796372 0.617022465732 8.91500575814 8.07830680243 -13.5352925314 -27.124180688 1.16275234519 13.9737870475
PEN
17.0067427105 -13.7187085692 -15.8105723921 -4.20731840661 -26.5111749394 -10.0461153821 7.69813240905 16.9960882607 -8.78395729451 -10.8380797805 -2.01411408645 4.28516345077 -9.62314511833 18.6946144149 -1.2293559201 -20.8807904962 -0.662270936276 -33.1779552027 -14.5276003549 -12.3874426178 23.0922815806 -13.3993482513 -9.25768885888 -2.30575687299 -12.5317326245 -22.9252486417
PIN
16.9394357565 -17.1073334651 -6.42520241124 6.58305013857 -29.7176074064 -6.46437463611 -5.66245972575 7.09404344093 -11.9711299009 3.83727579208 11.7362991267 14.2234464046 -0.783097260959 19.9920969017 -11.2748764269 -10.3925157333 17.0368301644 -53.4519528957 -1.72930896454 -24.5356494727 11.1916505564 -21.3185364846 -1.49321019823 1.36515788861 -17.9608489805 -20.9447540305
POKE
17.5243697422 6.31847461572 -15.6893792084 -24.2013948529 -28.0032153359 5.22812056238 -15.5416822309 0.239811822615 -23.7239610291 22.4935827503 7.5914518269 -14.5627660211 1.43986838858 16.8945452184 6.1145457243 -5.16738831026 -9.83761376874 -39.4039295068 11.848563661 -27.1426469378 -2.93051520867 -39.5880824667 3.50622625128 20.1383396168 -10.0003706486 6.20277820069
POOL
17.1740424617 13.090873046 5.91379792047 -5.81165377913 -60.5354875384 6.63023565516 -18.2920106991 3.3492019828 -21.5803936833 -18.1539635952 -1.42344118256 -16.6060109869 23.2046005186 16.9775217603 13.7819928005 4.33616052873 -15.4978617587 -50.383581949 -0.684651813441 -11.4841108126 5.30877778498 -24.1580402205 -4.61058759597 -9.18543426857 -6.24276763738 24.688881907
PULL
15.789368399 -21.208886271 -26.1856643323 -5.76829689654 -11.8413116485 -14.2344850833 -21.5832392307 0.723056833532 -3.16680572428 20.4305441371 4.87060117569 9.79164279916 -6.29946875075 15.2436137893 -12.3462839564 -14.5402925684 -13.0832024579 -11.6383389501 3.4476571432 -8.14647642237 -3.93396796179 -7.00881302334 10.2840850829 -2.98447923049 7.45390295855 -7.02203013298
RICE
19.5880447317 -4.49370367437 -29.5219709213 1.24667433461 -42.9036594592 13.4572188936 -32.0971148769 23.8516520164 19.2464174201 3.90475736499 -24.0317659562 -21.1272793656 12.8467546585 16.2073009358 -4.78337443272 -4.9204664537 8.2264542432 -38.9758916167 -17.2124017477 -31.5759914455 20.1600814468 -10.2305861664 -1.67640949026 3.78390680993 5.16812476422 -9.48623873992
RIP
13.1270861359 -19.4462525552 -9.15130312112 -2.95463658903 -8.90068662324 -4.16592871379 -0.827838380275 -1.05140653257 -1.20479550586 3.82534486518 -1.55134350765 6.22552503984 2.03509242179 13.2789700817 -15.1158449694 -12.840451963 -8.81024081578 -22.5739130732 -10.952581665 -6.58312544235 11.0201721485 -0.880811440217 -4.3799995523 -2.21452732068 13.3248805109 -0.563954343186
SAIL
19.1761222278 -8.01745802906 -14.4347460765 20.1654295749 -49.2909712084 -15.1011063378 -30.3597515563 21.9733815965 6.22874889958 1.86858536197 4.77255289936 12.0201680754 -18.2505834865 18.6279812726 -6.19833493622 -16.6891247652 18.0864170315 -43.7982497004 -17.6903004651 -31.24363396 20.3497578101 2.22169943551 3.34921351972 4.88044977999 5.66873811978 -11.760826522
SELL
18.7655124385 -0.106475519993 -20.6121113747 9.75618028692 -45.1646744031 -3.69850404171 -34.6008183067 11.367957171 35.6977567175 -3.97550127842 -15.2023398082 14.8118971527 -9.88558505993 18.8764283576 -0.247842595499 -23.7262846145 -8.17838796474 -33.1101857486 -2.51877118132 -18.2999058715 10.8860002898 33.7385730567 -1.53197026152 -28.6171329234 1.35324645976 -7.81019463605
SOUR
19.363263369 -9.36197261378 -30.5005773172 -5.12394724087 -40.3536975674 22.9137297433 -26.3206437684 26.6744412962 10.0662306073 -4.65988877123 -22.8236235319 -17.4633133835 16.1340783523 18.27027034 4.58795379577 -20.9460732143 -17.5456119159 -47.4878427373 23.1305183566 -15.8352676389 14.8866929285 -15.6062968848 12.1450475122 14.1703598597 -30.2730869933 3.15904373035
SOUTH
19.2028340959 -2.98930958913 -32.2441213784 -10.9531118595 -30.7199417964 12.8528053482 -17.6333336278 18.6083824208 3.23853757529 5.87500400356 -34.4304188686 -7.69734942823 12.9691757936 17.237639333 0.124938786575 -20.5431241239 -20.2529701149 -29.8967524646 15.9191288335 -18.4916496219 6.99849513331 -10.5480301248 27.3041197446 -8.76867204897 -20.7918463518 2.53008071731
TAPE
18.2151721616 -11.6078826512 -5.23775176324 7.08382501549 -39.252066374 -17.933035979 -12.8879398725 6.42459043161 -13.5905472542 7.95345040466 0.620277183254 9.06292274014 -10.0665709649 17.3959566057 -11.5801546567 3.77114033001 28.8827895296 -39.1006976199 -8.66465669932 -26.539346142 1.27197842104 -30.506372666 1.7816129131 2.97314207137 -6.67768629404 -4.67458472987
TOOL
17.428096532 9.8738778528 -4.72096271971 -4.49158752054 -52.5118756885 12.2138714451 -23.5817470688 -5.02971614971 -37.7915841262 -11.1699826057 9.5493256282 -10.5543528339 19.9969161065 17.6937003689 10.8733247373 0.0497164906165 -11.6082973288 -58.7040672847 9.86613099228 -17.363868954 0.764928480391 -29.4981126334 -7.67586604845 -1.2190214851 3.49402575481 25.6198654195
TOWN
18.4123446367 -12.1977090119 -26.508251603 -4.35395580847 -25.6933986733 1.25366361939 -7.51343122494 15.8415239272 -8.48436987063 -14.178625172 -15.9084522086 3.59863908087 0.702548093186 18.3045519223 -0.757059732643 -33.1247706332 -9.84709840409 -19.6969147586 16.8228275094 -18.1211456509 9.01208479198 -11.2749945006 -5.05726609442 -9.96873271089 -20.1286983535 -6.32252220119
TUBE
18.8967736615 -6.65056574247 -8.58363180831 32.3558223811 -28.6541200428 -18.2100414446 -51.5904153433 19.2238210835 -36.3019010647 -8.50949992995 3.42796241827 -11.5481790217 11.7286969786 16.7477283001 3.37292433836 -5.64210933311 15.4411685884 -14.9609045168 -2.51976620151 -48.8763732561 -1.7376832622 -30.9790638831 3.23076192782 3.03968127272 -26.5276056695 18.5202012368
VOICE
17.608907598 10.4951548055 -4.92084248848 -19.2681799615 -44.7264456103 2.50837322129 -11.8949060382 8.2824971773 -30.0250332981 5.79175453617 4.26682225689 -2.56899281574 15.5135604524 18.4888938508 -9.88457469536 -6.00603722455 7.91104678388 -39.65594434 -3.45668463139 -41.8831420191 15.45542622 -17.9852214209 15.5468204313 8.50038487035 -4.90078006763 2.13056148418
VOID
17.8186466719 12.7774128216 -7.96875162113 -18.3521232573 -56.1533276331 5.7375384416 -12.4753192719 3.57158615299 -22.2916420327 -5.54789296722 14.0394544822 -1.96100830271 18.8895245756 18.0408862494 0.57281287798 -16.9918884575 8.6481693573 -44.8314360652 1.77787183604 -37.4551528746 5.79163048168 -10.5346511596 14.0150726365 16.5216437959 -11.4923630434 5.77016397887
WALK
18.8221619947 6.250867912 -8.49208145023 -32.3717390194 -48.5114615305 23.2812863985 0.355286425936 10.0443782368 -10.1126502282 2.80867764307 -12.8719148637 8.55801143596 -10.1172268861 16.1041937429 0.827503858271 -18.8732078925 -27.7330411253 -32.1043156734 22.9009930217 -0.283088836719 -4.54041814293 -14.4128682681 8.78567729415 -7.24063821342 -9.52572838333 -2.3235511186
WALL
17.6718287712 4.66188543855 0.717205617904 -23.2854068547 -66.652382759 17.2798803756 -11.5106165926 13.5491652524 0.920075550608 0.142995070021 -18.9981400765 11.1633830382 -8.67521391301 17.8502871573 2.70311159947 -1.58857961301 -35.3803465793 -63.9031944402 28.3333064527 -8.87361489582 17.7640424905 -1.99852426391 -9.9626799869 -11.2769645404 13.4192728766 -16.4865809903
WET
19.3416326442 -1.13342021681 -32.7316748358 -1.49742351841 -30.6390219406 -11.684817941 -10.2867427331 22.883616248 15.1715835016 -2.83856568677 -22.4483114158 -9.88592617508 1.86074102324 18.9542259859 -3.11646297218 -27.3775061296 -5.2629771192 -33.6283054718 -16.0078687125 -9.49934807813 30.8930176285 9.28596298179 -5.92331135914 -14.771231143 -1.60906063679 -6.36410541462
WOOL
13.7032377924 1.33140752143 14.2458966286 -2.91051184895 -46.2553443973 -12.421864982 -17.6656584841 -10.5767641963 -10.7334243783 14.9236282732 -38.0520436922 -15.8007608729 -7.81466836564 11.4231309847 -3.90623576973 11.4613326007 -2.41514872684 -28.7445982945 -9.65508531143 -0.326313576538 -7.55389813433 -7.05149662252 12.1095870675 -19.4443542913 -12.0079831891 -0.755964204397
WRONG
19.3255104531 -3.75194107751 -17.580583257 -23.8319580376 -44.2602449019 40.5022036589 -11.5645101367 13.3907772162 -21.0642460164 -0.450785875104 8.821995745 -30.9640162676 -5.19892386027 18.8150646059 -1.44311582325 -21.8585412572 -21.3656204371 -38.600579479 42.7846821305 -13.6802019805 10.8860106751 -23.5369109706 -10.1492760101 17.2365687648 -21.3364474503 -12.3131412605
