BEAN
15.8395918931 -5.78448012918 3.36914152668 29.1513954531 -57.1328287183 -6.58155983419 -22.8413424451 -12.8078330198 -17.5744035467 -4.95493470397 -5.83391206503 -7.1991952702 0.785071516514 13.8496641692 0.984435269118 13.0493222474 30.7425438099 -54.4387428923 -2.85032602711 -24.4916367988 -31.0021798549 -5.10443392971 -1.98959807122 -14.0992779963 -3.47393937139 2.75558821752
BOAT
16.4342285782 3.63073974728 -23.9624794926 -0.227551220992 -52.3043979545 17.1564635404 -20.1912378978 -21.8781959552 20.7543513778 1.37094431029 -7.57261272476 -9.89067449794 0.23993648006 12.0355282368 15.7692492503 2.04040417596 -2.15068285393 -34.9860100477 -0.508661833772 -23.6506931489 -37.1525995766 -9.07316192427 -1.03956569871 8.82013264517 2.91600302391 -0.976956388759
BOIL
16.4144681859 10.7614949299 -2.98340883468 -12.2821735366 -72.9529612433 20.8989098726 -10.4930526218 -16.6049293306 11.5948572085 -18.3410632127 5.65173903718 13.4830292596 -3.22702435547 15.6224839059 5.44526249114 -12.3485990721 -6.02634137199 -52.250107655 12.0762278359 -24.0722238522 -10.4795703479 8.44056615108 -7.08626037413 -0.433307101017 -3.57624833975 -8.7737006595
CAB
16.4532317477 -8.27200950095 -34.5749854135 7.14244743282 -26.8300336815 -7.86907539287 4.46990584926 12.2089295193 -20.2813295675 -20.1393980838 -11.3319745882 6.42797839154 6.8574450433 14.4942274062 4.49865426206 -22.2227510376 11.1636520761 -35.6672999594 -8.39703563936 -5.0049863148 -1.67963888631 -5.62633464709 -14.1879617211 -17.9574980136 -0.412682315438 6.86915792721
CALM
15.9316608372 9.47190620333 -20.1073568347 -25.4522212127 -29.1618581491 32.0935697293 -23.1128252148 -8.64681148051 -12.8712030668 -16.4827433121 -1.82300384916 2.64152944266 -7.32096811768 15.5791898575 12.8932665542 -14.7688045808 -27.5319047244 -39.3319080209 36.8770098216 -22.473085459 -8.06936203077 -10.6677114857 -29.6779195414 14.2554297637 2.31114161388 -5.02041726009
CAUGHT
16.0184330117 6.88038748113 -15.2406018426 -19.1703143468 -47.2733060904 27.3623873164 -9.91281271236 -13.7698121449 -2.15837358826 -11.7423466606 -1.72257436947 0.534160511651 -4.7267540656 14.1478231844 4.78701755488 -17.8121065313 -12.1055185117 -35.5794625868 22.9462650922 -14.5036958593 -11.7576908021 -0.556319852278 -12.9128062438 -17.7954516053 -1.14016908192 4.89092110702
COAL
16.374648576 2.39960748871 -14.774910341 -16.9002399247 -47.5830555856 25.8701084811 -14.7121298474 -12.8619134815 5.78540360138 -7.59141326798 -13.0041760026 -0.921622926348 -0.513452465542 14.6394546186 16.5199152087 -1.75725574551 -15.1513880107 -58.7714329192 15.415941565 -16.7101337331 -13.2442283368 6.59795174818 -22.0921032291 5.57339593635 -0.110492877881 -3.1800464155
CODE
16.1742965417 -1.93812407808 -22.4170733794 -0.18822293162 -33.94612369 -0.836673806223 -23.296677727 -1.86883049049 8.13645561794 -5.58705629723 -16.2913793196 -5.02479703856 0.952831794688 13.5879635317 15.061497994 -4.54142700814 3.82443108709 -34.8724268006 -0.935689276875 -30.7694598893 -35.5195911477 -1.48818122386 1.65269838716 8.27297045894 -7.39291992084 -5.02386580091
COIN
14.6980833724 19.8367139215 -8.26541606156 -16.4639619948 -41.2083202048 -0.484521700202 -8.9657846743 -1.07010794483 -17.1534605605 -13.6138736628 -8.86419034452 -6.60424956702 5.04616491635 14.524822149 11.1204014831 -17.0211589683 -2.51689864377 -21.9326629313 -3.72877543508 -27.94785493 -5.15827761704 -15.0105116794 -9.45135235044 -1.0223030048 -1.69731677495 0.0654452269765
CON
16.2190331749 8.11934279299 -23.4099409335 -26.5220378664 -27.2841114448 31.6611005372 -25.762054879 -16.7116361899 -5.54073344079 -19.0129558771 5.21438976283 -0.315718074152 -12.2776203349 14.6055646293 14.0934233294 -17.1264161811 -18.4748475483 -29.2854141277 22.270629354 -19.2788512649 -18.3610408613 -7.53826804828 -20.2636979017 3.47386089665 3.21976838023 -8.068271593
COOL
15.2387180742 17.7666602591 -2.22453771133 1.53184922818 -34.7403550136 -1.31416815646 -31.6277545445 -26.0655241119 -6.04547245221 -8.36733333622 7.14874692223 0.46678165516 13.0770784689 14.3818254536 23.9795689126 7.21441473947 -9.3326851131 -33.0315114173 -2.39575826668 -13.0736903372 -26.2515972263 -14.6242804101 -16.0216043322 7.63293164188 9.3411281839 6.61937726968
COT
16.4439021435 3.32195366875 -24.8124036936 -16.466444454 -40.5472612886 40.3958737732 -9.40886733798 -21.2678133441 -2.91816532131 -8.2357605091 -5.47868646046 -1.32564550242 -4.23914168999 13.3415128877 3.56013280957 -22.3840578323 -15.7484146887 -24.6721539285 24.8168094806 -12.7627440359 -19.77646231 -2.14846748045 -10.5466423371 -14.2293301654 -5.38329394544 7.40896254813
COUGH
16.3370109249 2.28598699351 -26.2585069505 -17.5289422856 -37.6783615153 33.554968052 -6.58222683658 -17.3820217255 -5.04584919657 -7.5565078316 -9.14482851674 -7.74709708967 1.84891288974 13.950718369 11.1578685618 -15.2162574274 -23.6240530238 -40.6154975556 33.4933415722 -1.45846358281 -15.3996993944 -6.55790223406 -20.7273101238 -0.626468239026 -1.52045829655 -5.8533794973
DEATH
16.5321363817 -7.65096479875 -13.3201877631 21.3863336303 -54.0186544544 -16.0542906713 -13.9723189627 5.06450622283 -9.52106521659 -4.54805095204 0.660821812798 -0.592773093957 2.24071346563 14.0846915723 -3.38330551121 -21.2449590344 15.9529553022 -37.830845146 -14.0576354026 -6.51720551702 6.9773862485 -2.34868630512 -19.7648903292 -11.04516897 1.39459370228 3.12523663853
DIG
16.525252841 -9.35080360282 3.77159356606 39.8091766484 -60.7012235943 -17.6309673033 -26.5770310258 -14.6308462966 -20.4538487788 -1.42768485228 12.4372422813 -2.9550017416 7.55176908471 15.1543926715 -4.30795206918 1.74840365318 39.0474999235 -57.6060797739 -20.8443600418 -18.2376167488 -15.8204275034 -18.5477138102 -1.26972636251 13.3766529448 -10.0021999563 9.06341864116
DIME
17.114701022 -4.42510492274 -36.5264678943 2.07045209134 -26.3633198911 7.03257556074 -17.4885550023 1.14607458938 -1.74591866754 -26.2295275026 -10.6914678078 4.54095286009 10.8641840345 15.7411219532 2.31956669181 -32.3469897993 3.01431197691 -19.4391070943 -0.833915936409 -19.6652142181 0.971344228826 -1.88550054915 -29.7139594214 -10.4407651135 8.32699953566 2.58676568176
DOCK
16.9898130821 -2.11658751929 -29.1641225518 -9.96366819722 -32.8260024728 27.8139519212 -12.7967669264 -12.7979633658 -4.43603105702 -2.74146953582 -18.8217459485 0.677677525753 0.691188114279 12.2964445802 4.49218093399 -15.9848711046 -21.0580675754 -27.3282653503 30.1752627637 -9.57623062232 -22.8993093872 -12.8077346515 -7.73069150966 -10.3048756373 3.15989107751 -4.80936097943
DOLL
16.8929689949 -3.53604344231 -25.9033791494 -11.2410927571 -38.2329650741 20.5436819384 -14.1734797591 -10.7767507767 4.26351328203 -5.36051428497 -16.241795322 -2.28222418782 -3.15919106484 16.2105476886 2.24293704351 -18.7060125407 -18.5179527201 -51.403129549 39.5545182282 -11.4850880086 -17.8089844542 4.36394460298 -15.8235845274 -11.6354577259 2.47868175052 -9.67544289707
DOUBT
17.4398216145 -4.47701962798 -36.0795299059 9.95169969724 -32.2053611277 -9.39862065079 -0.971669797881 11.1876729021 -9.79528664555 -23.6689517897 -4.87710033413 -0.755997274596 9.61831025051 13.6854231309 5.19986318691 -26.1653066832 -3.66292988109 -26.7367331519 5.00679596369 -13.7383546279 -13.5084450976 -4.65606196497 -11.5581213149 -9.36307821073 -9.36282125949 7.03995008183
FADE
16.6097289754 -4.90346617045 -23.4277260979 12.9141802269 -42.8135305957 -5.67454229635 -13.9185746976 4.25181804873 3.70739193465 -16.3860214332 -11.4222437119 3.59343116664 2.32633566778 14.1499200199 -1.77054461047 6.50464832388 36.1124455194 -57.6882266917 -13.828092143 -18.5320072932 -24.5403403753 -10.4887465613 -4.76187351925 4.90376821004 -7.26801709824 5.19270329414
FELL
16.2704204168 -5.22459506769 -22.9797699439 14.8073701449 -41.5724874561 -19.7538143315 -14.840947397 11.1205879312 0.141771917913 -12.9315767687 -7.07839711705 -5.13463676458 3.27949629132 15.0044670939 -1.60650502546 -15.4957809419 7.68949012509 -46.5721418899 -7.05438093323 -12.6777379288 -0.242519300031 3.32610951989 -13.1510881498 -9.72201605512 -4.93457140807 -2.05256378676
FOUL
16.766014352 -0.0939212219741 -40.4699556363 -0.766564762749 -15.4749013854 -1.33378898379 -3.26663094722 -0.738357319896 -7.76836482513 -23.0805546426 -13.7685697923 1.23469731302 15.5353290603 15.4480154147 3.23841659386 -29.8715504378 -6.90259375396 -28.6292620435 14.0494912758 -4.2831361451 -14.8338248983 -1.0060086328 -16.8152138929 -15.4152603216 3.62567733609 7.44376491007
GAP
16.8986252082 -6.20237152628 -32.3314700502 11.7997047876 -35.3853354425 -6.9075562657 -8.38115125647 15.1215733483 -14.5327159445 -15.7268528082 -10.9970462659 0.00324234349784 4.58409693905 13.805072868 -0.696582874043 -29.7174431277 10.2487371589 -27.5267177415 -10.7075672125 -5.14761366852 3.50674061466 -6.85349073629 -15.9051234086 -17.5326368553 -0.678106997707 9.08038116897
GUIDE
16.5419281696 -4.67455258634 -37.1244699805 6.23235088841 -26.3995673936 -0.760770489301 -5.63828348714 3.70218059284 -9.94999248373 -19.7778931732 -6.68427723622 1.28215270582 9.83571926179 15.3187694303 -1.23134840493 -32.2737252609 10.8830091508 -23.2004940871 -12.3696248905 -1.52580245657 -0.347928574754 -6.17420012701 -24.0553626852 -12.4421341913 6.79336336054 -0.0769653479248
HEAD
16.578930367 -3.91959400846 -13.9424988852 27.9982807665 -56.1274936748 -21.3282760336 -10.6469367421 4.17227508946 -14.9297575894 -7.24822643355 6.72877223087 -10.3253012282 4.22061076453 15.8663895822 -2.23046193638 -15.969896839 27.2363891792 -50.3687546863 -24.8497908488 -15.6147776025 15.7429121233 -10.1372337453 -5.69156789863 4.07954821684 -3.64878621259 0.0930736621839
HEAL
15.3158081264 -4.4367399453 14.7893867071 36.8143941333 -58.8065803121 -1.47191520535 -26.0912224939 -21.2473807393 -14.4873261604 -7.01637926755 7.44951529098 -17.3411234357 5.7539396171 14.8682505066 0.0997271107941 4.20494639926 37.2802191755 -52.4913387692 -12.3809913227 -22.2377629967 -20.11956743 -8.88794149746 -10.285622196 6.87242015013 -10.9150064801 7.18375550708
