BEAN
16.6722451161 -0.336195899059 31.2181795774 -15.1956246288 -28.0746849017 7.16080517632 -30.6309011525 -7.35648921349 -14.9699266661 -13.3398807442 -8.6715337165 -3.60884679871 -23.4878538116 16.6993651905 -0.359540875504 23.7351117014 -18.9020229154 -40.282976373 18.0796567956 -37.568965636 -17.938558375 -12.7767176258 -7.68140323252 -1.30272746576 -12.2966111898 -22.3121153573
BITE
19.0731161648 -2.57450396669 -19.0993272635 -12.0012589652 -31.7477217744 8.95979754063 -7.85244657285 15.5189702633 -18.5453262975 -14.5630364851 -3.76963020762 4.46124295701 -7.40765463183 15.3312661234 -7.34066207258 21.104933888 -5.8563376898 -37.4889107393 -2.58636702249 -25.9957741818 -12.7561381505 3.63614821457 -11.5561864559 -3.06949029135 6.92069864887 -12.9484721773
BOAT
18.3267090491 9.06642198883 -11.6803156867 -29.3619461582 -21.7454648322 4.42045280632 -20.8726807966 22.3666045501 19.9403960969 -12.8311541177 -14.4775839682 -1.74113960304 -9.36829571581 13.8246726421 11.2824849797 5.45827971547 -26.8680383691 -17.6487482824 -6.97965716638 -16.1917465461 -18.0295050034 -6.14456312451 3.13463265134 1.64184459147 0.295405227461 -19.2943601316
BOIL
17.4974735028 14.2785445343 -1.01700800544 -43.1853504983 -28.9892386877 9.19705578532 -14.8044878038 8.15356788642 -16.8607091988 -3.28974424622 -4.84050905954 -1.13473149236 -7.90278118668 18.1562372615 5.28389636634 -17.1339539254 -13.3822508112 -31.6806235584 -8.79718312895 -2.67120031707 13.956430805 -5.33697374669 -1.23305445773 -14.7244522335 -0.20212521032 -14.4966866654
BULL
18.3950670858 6.89099421507 -8.80699860365 -53.2622706084 -13.3594223518 18.1781619059 -20.7871378228 2.56777985945 -12.0973328128 8.25528542808 -2.39718269037 -24.0670824682 -6.44784891516 18.6956546804 7.39028607922 -8.35009918418 -50.3305317007 -7.77383189416 13.5444589198 -14.3290235456 3.96557026343 -13.4199145205 16.8097988575 -3.65802507764 -20.8800910676 -10.9823172084
CAB
17.763494206 -11.4008043131 -9.02678335447 -12.9763336676 -32.1233734024 10.6753187063 -2.0727607082 -2.58607643036 -21.1187018181 -5.1005453333 -9.03966060648 -1.38018412156 -6.57960402824 18.5754321975 -0.392283735847 -29.7285781856 -12.7957391465 -13.4776562157 14.3157225371 -6.53759119804 6.85047205116 -17.0136050316 -13.3814781729 7.34899369634 3.93597430037 -11.341162742
CALM
18.409911671 8.4769748393 -16.039245619 -45.0387921748 -2.0519963973 27.3591082477 -23.3301984866 7.06603237359 -35.3092661462 2.97451642854 -10.6548978587 -22.7144847334 9.42858615274 17.7775138403 13.9582581657 -13.8603191316 -39.7187641176 -13.9352741196 9.33007082964 2.19126048874 4.5536109682 -26.1507720259 1.07160587726 -12.2835314562 -2.57625152135 -1.37632477359
CAUGHT
17.7903464461 -14.8339131529 -19.283390302 -19.7465700681 -0.810399367584 16.5161018695 -23.8171553706 1.80720904166 -5.15810278055 -17.5277481501 -8.16009073802 5.1536028603 -9.55652562182 19.1866814019 2.52145517853 -35.8490715668 -27.6717873113 -0.846898773698 33.2621004198 -29.756915331 -4.55621173548 -4.49228561911 -17.2003638518 1.98143212579 2.0405872212 -3.64670689572
COAL
18.092493153 14.16873454 -3.75451325507 -42.2934194113 -29.7064552333 8.98171442773 -4.37744753573 24.336236988 -18.5646498987 -5.73217394604 -8.76120683798 -5.40250611017 3.50788266262 17.5603189759 16.2274185217 -1.26072817265 -42.0614171976 -33.952545478 -0.304479019493 -4.19491526306 30.738864071 -16.7398832372 5.00508336502 -12.9387534152 -4.40041413586 -0.27965470355
CODE
18.5549547882 5.44704842419 -18.2407536005 -28.5220721406 -17.7274644079 1.98622973099 -18.4700109663 13.3305245263 14.8016769782 -22.1459369167 -20.1623983561 2.14618647181 -7.98557161193 16.4510939444 9.33387119672 -9.54939330205 -27.1406702609 -21.0512531688 -11.5967616021 -32.583008906 -9.82996541003 13.8044193647 -5.14678335832 -12.3550979239 5.95558962545 -2.61539261004
COIN
18.0416892603 13.165972825 -9.71441711048 -32.6453489919 -23.3819766671 6.88494903658 -12.1953696252 12.0217728423 -24.4749867487 -9.29748306891 -19.4767362384 -20.2073123277 9.28424051919 17.8038365171 -3.04803392823 -1.50028987759 -14.0609682991 -52.2547626829 -4.10745773922 -7.54473008215 -0.632303813642 -16.5431511179 -11.2086750386 -8.41525436853 10.802127708 -12.916490718
CON
17.0412381977 -5.44629715006 -17.1692516595 -31.9310726756 1.19496316212 18.7781446694 -26.1083868391 2.61761175393 -19.9464233346 6.15650833731 -10.7764286772 -15.4576491793 4.55589244747 18.2867479381 6.7346300159 -27.2591344093 -29.0010075005 -5.21306240823 13.7170516319 -28.3044504744 14.763677616 -30.1267535743 -8.76350712579 -8.02837293097 -4.5164909071 7.8572502568
COOL
16.5106370606 18.8724442155 8.3292092961 -32.7743321811 -28.0975372178 -18.2566112524 -10.3966998239 -2.05675208537 -3.52384609752 0.768258455102 -7.3963274 1.21122497617 -19.39304104 17.2613527831 15.8845497716 2.43092268159 -40.3156795326 -23.0329843659 -6.36386992407 -10.0120623872 -1.41887440865 -10.2172909679 4.51005820991 0.164464689369 8.83597162999 -20.0952047553
COT
16.8260039717 -14.7190230037 -19.5469091623 -19.9791477375 1.856288622 8.96462025622 -18.0988597283 6.08905265937 2.69017054689 -10.1798064679 -3.08664588532 4.31928069459 -9.33502498423 18.8836286385 5.09348242481 -32.1045841536 -30.126477202 -2.59565215738 30.2213549746 -27.2100812744 -3.55555453109 -7.54348548414 -9.43147686007 -4.41651498095 3.62570557638 -5.67699766079
COUGH
18.351888681 -10.7905765876 -23.3039649513 -30.2233606088 -3.26945395934 27.7662017071 -24.2902028566 -0.908308368893 -6.88496313877 -11.2539079562 -8.2518992371 0.392617007364 -2.32750326833 17.0458092197 -10.0066015591 -23.1651119032 -22.4502028622 -1.54841026873 30.1013170037 -23.8701211562 3.44750819782 -14.2862378686 -7.3257180661 -1.90139420009 -2.49379392747 -5.25450704928
DEATH
18.8414353717 -3.70966570055 -12.5071844398 -16.9913512988 -31.4680311276 -5.71090356491 12.9386577411 7.0179332052 -24.3079029999 -2.2516774077 -0.783705338859 -15.1262082734 5.81974456875 17.2687188532 -7.25939548767 -17.8155278481 -14.4588622546 -13.6545674479 3.23502694993 1.37130875856 2.05842849559 -37.7760986081 -10.4372439809 10.4213549621 -12.8677009534 -1.95723602403
DIG
18.254652137 -5.50217971427 8.7500711112 -9.8428177958 -51.2053974702 -9.01127667603 -8.32650584851 2.80013042209 -2.16246040075 4.86967341318 -10.0095579829 -7.80097444152 -1.61108301811 17.7276004617 -4.52308116354 4.76336858196 -6.24040397533 -55.1156960068 -7.72619889879 -10.5852699596 -1.45732888225 0.737455900323 2.19949913665 -11.0539005568 -1.30144500948 -13.9079007907
DIME
18.4639721762 -3.30775017437 -24.6672756284 -20.6651009978 -6.40319851696 8.07116411138 -32.8940273162 24.4390189888 -27.5354601546 -19.7595017111 -5.6897121852 -3.93486054883 2.77390304335 17.3657592702 -3.7127887622 -7.76205637377 -6.70164104619 -39.0615164959 4.36468103098 -11.1057151296 12.0691229102 -21.4273854922 -10.9474527403 -14.3859856236 -10.1714555108 -1.51492907307
DOCK
19.0848967488 3.90817603933 -29.8808372434 -31.8554391787 -11.7023384183 22.9195935412 -21.3980186059 6.99820253384 2.06485882869 -24.8507630888 -2.88042190638 8.41169060846 5.45045419145 16.3869747622 -0.0184428946836 -29.8667743749 -27.4883903179 -3.34295422891 26.8841315826 -15.7300865963 -4.11648779772 2.35716780357 -13.1955711227 -5.42696305915 3.55974868463 3.8173313897
DOLL
18.2411369392 4.74767359789 -21.6070705279 -29.6588878191 -10.869738282 16.8827798115 -21.5130760433 12.1384481607 -11.1314559398 -12.1606071089 -8.37494397892 -1.58094732603 4.04294681382 18.6106960723 9.1339417401 -19.923113508 -48.1702314914 -9.45622301849 34.2539104475 -12.9215733642 7.41928541201 -28.7278919511 6.22932332144 -1.07999238692 -6.72148612478 -1.12208862401
DOUBT
18.9015406526 -1.20572833111 -26.3817099036 -15.2848040777 -27.2423938694 5.52631419751 -1.43607511221 14.9758561232 -26.647013619 -15.5735176432 1.88502224043 3.64282267798 -9.81727979053 17.2884662838 10.9204081622 -20.9683185821 -33.7115049767 -17.6669068211 5.19537979445 -24.0862782326 5.02843046614 11.0753288762 -2.69055049696 -18.5806971895 4.20039047196 -9.37461060472
DULL
16.8567525512 3.19494961224 3.02847138892 -14.4705016847 -26.1076541761 -28.4642770322 -19.6889049107 27.4174282328 -4.781343353 -8.9889715314 9.3304147359 -19.503368201 -31.1892177651 16.8360608354 4.91570839234 -1.24537548095 -17.4911472479 -18.9487071 -24.1055160405 -27.4523663463 34.2481885815 -9.35770778934 -13.1311830951 6.6518807344 -10.5697177007 -19.912026355
FADE
18.8189336734 -6.50565896866 -2.67372403045 -10.8298555984 -53.3807989856 8.25187492544 3.37065047716 1.39705528088 -0.246536439532 -10.4053907735 -26.9011462854 -0.462049091129 -6.29777657814 17.6281349918 -9.03789811146 15.6504046457 -6.06479151712 -51.5265773126 -1.96926811511 -21.1466577516 -12.8607879334 11.9590098627 -11.7625314974 -4.90376001329 8.22301437944 -19.2004361138
FAIL
18.7382722209 -4.33348645564 -17.2148377419 -10.5889832967 -43.2560021055 0.947899517942 12.3835491287 10.3065216339 -18.2828207483 -6.20999657152 -14.1394349651 -15.6058712778 1.89478535473 18.3396304208 -2.84017084139 -11.3397746309 -7.53774596548 -48.9365765628 2.31627597802 8.7215238402 7.18348302086 -7.76276482041 2.30762645573 -16.6828109687 -6.38411849449 -5.77365678434
FEED
17.751270038 -5.68708268891 32.6220055095 -15.3487149103 -39.9464295535 -1.82187910099 -31.4075132232 -4.90778895832 0.0317615637644 -13.0341436559 -4.55661709098 -9.19942024054 -19.8091756253 17.3129298623 -5.47168135834 33.1793684972 -8.89185799828 -42.0585122336 -4.3097506006 -37.041591679 -12.4133153809 0.714897804782 -16.6649846165 1.6904515017 -2.68177331803 -12.1431167728
FELL
15.6572920264 -18.1507118045 -17.3194243345 -3.36782986733 -18.4304065202 -1.18634431825 -6.87159961749 11.8271580258 -18.8614177402 -13.9870228024 6.77899076217 -0.429884146963 -11.5018649278 18.692686923 -1.24377498136 -25.2428250692 -23.0990196599 -6.98737308532 13.5130185325 -10.1285626151 16.7378353267 -30.0019292704 -20.4090975397 5.83436474797 2.52013401526 -10.0674595989
FIRE
18.9252337187 -0.390992905112 -32.9702388167 -17.3797736951 -11.2034229403 17.1718074811 -23.8495811705 9.10437058582 -15.8951913335 -22.7518564748 1.13529309286 4.11724371027 -17.0110692935 18.1633010473 -0.0279568044139 -27.3914660831 -2.84845159914 -37.7682788599 -4.8056684182 12.731586617 16.7505017205 -19.7901252576 -8.5328414443 -6.21541918391 -3.46255726361 -1.60711643962
FOOL
17.2951130106 15.6160730286 9.6272951912 -33.4551175608 -27.376132352 -17.5265618636 -13.1517210025 -0.603293858953 -0.701013206446 -2.61908555703 -8.25737198131 -3.07895870436 -18.0193326508 17.4628515751 15.5584742959 6.67698924041 -46.3124202709 -30.4746985098 -9.67567200113 -8.12460968727 8.03103655831 -11.4502335761 -3.78956574062 -0.666725901957 5.08738363738 -5.53901139366
FOUL
18.5849193812 0.278161590386 -33.1364104133 -12.2996045988 -15.274256669 11.2029917063 -16.6447958869 3.72823594312 -25.759219719 -17.2002731309 3.31655495781 -1.09615645767 -22.6453750237 18.1821945155 12.2932573801 -22.3000807215 -41.1486289824 -16.2900964873 28.7286400117 -18.8945719818 12.3163490265 -10.7573352755 -5.42428046586 -2.83587802069 -14.1157788894 3.59789894991
FULL
18.452413628 5.39626280691 -10.9891755797 -44.6187503318 -11.278851451 13.0477463067 -20.3442630827 8.39103202209 -0.53892513434 1.65419683966 -13.650457177 -32.4180611521 -4.48753075514 19.0699222951 5.91146797692 -12.6527174096 -47.1309002132 -9.39746168973 15.5755956681 -19.2657498518 4.31017094918 -12.8300516406 10.1775841241 -11.0063684423 -26.1267130432 -7.32176834769
GAP
19.3662802076 -9.61165900635 -24.6889964895 -10.5160700196 -41.2827563408 18.5049272883 3.64817424219 2.03363166749 -25.5329184579 2.06641045591 -5.90197006186 0.665426570524 0.355255222712 18.783475389 -8.44033918886 -41.2273475898 -10.0503078029 -7.72382370703 22.0054871679 -24.4229662839 9.77706459609 -24.1873555555 -4.80230989699 10.6856992935 -0.167069916988 -11.9812456793
GUIDE
18.2424414028 0.36738303615 -23.7186501789 -19.3881858393 -12.0651436138 9.67270791087 -18.4320547662 12.5100064626 -13.6679416448 -19.9453257718 -0.903944714882 10.9766439078 -18.8259824099 18.0926487242 -2.08368618337 -14.5143762536 -7.17982940546 -41.8952553773 5.49349420805 -1.94689749503 5.677351069 -16.425301363 -6.67135914532 -9.37669631068 4.01070737023 -8.0699696935
HEAD
19.1413429257 -2.76819566796 -19.7695432533 -8.93489419679 -34.3771082743 6.83014519551 9.1797591956 9.82849715809 -36.1566321682 -8.33774990971 4.25689064892 -6.69972560609 8.08218896635 17.8557275565 0.151175388254 -7.5577530886 -15.4818611864 -41.6285557065 -5.17064417879 2.77128097583 11.4900904715 -24.4909869752 -2.45762964997 -9.51381702432 -18.6322604822 7.86074282919
HEAL
17.0801452883 -10.1613091569 24.8668853706 -10.8775510008 -46.8889520793 1.04075306974 -34.2714780141 -1.77147736282 -1.71483046464 -14.4439696135 -11.4832748306 2.96928965439 -27.4126559725 17.5843165683 -3.17939995982 10.7341830116 -6.86271603439 -49.9393119954 -6.53022409049 -20.5793689651 4.32138825481 3.84513816414 2.61182453439 -7.43818922386 3.65796083271 -23.9704917201
HILL
17.1620591609 3.58024321392 -6.43837650766 -17.3054805207 -28.0485661766 -10.4571267275 -7.41381984149 19.6879068861 -33.6393209484 -1.44025099899 -3.61357602035 -13.9256369388 -7.39215959474 18.2022217574 5.10512271196 -16.3980403348 -22.5284419899 -20.8212303701 -6.3655733638 -5.53526167024 38.9493663063 -30.1406961008 -15.2866205656 -6.82090851534 -10.7148152257 -14.1975135299
HOME
17.8505508337 10.2580348794 -6.35755497212 -34.5451042345 -13.3155177185 10.0690523411 -18.5514974642 2.31939238228 -21.0905673392 8.52300483987 -4.3931109443 -23.5018487573 -3.59607449593 15.7722314358 9.55877529796 3.75002336948 -20.8611272282 -1.84425175775 -5.67521004672 -26.0376591701 -12.9034207064 -26.2956106626 5.04915329828 -5.86086272668 -4.00128765041 -1.94610109392
KEEP
18.6686182636 -6.77719990803 35.579631066 -16.0587789402 -35.3288693125 0.212756134022 -34.1374002168 -4.0605394748 -6.05738453521 -15.693201251 -8.89440939318 -10.6855212588 -14.3826860326 17.1963162013 -1.62613270731 20.4342285936 -6.25809287865 -38.4870371549 -3.20201159923 -26.5306918504 -9.45667002781 0.0588342224339 -16.8635670598 -5.07169199999 -11.4211169572 -19.4116240507
LIT
19.0808597107 -1.06122723959 -10.9895421744 -17.9542925309 -37.0491147946 -10.8026607955 3.39700646433 40.6520327418 -17.4524301235 5.20807462653 2.19307792801 -20.8134966368 -9.27114068605 18.2224929527 -7.85817932221 -8.14161600204 -15.3654228166 -44.6206712945 -5.41887929049 5.09811098878 26.8598070313 -12.2910665659 12.7335284413 -9.32673200696 -18.586785834 -0.704069337464
LOUD
18.3777508701 0.714592630203 -32.7912082541 -21.5365979072 -13.3045050268 15.9549408977 -28.9176362472 8.43289477757 -24.419086166 -17.1683074752 12.2026396076 6.86980462379 -14.4120665448 17.2134776214 12.3839860204 -16.8890541795 -30.8552247761 -18.5450328006 17.143825651 -26.4496457059 5.25462972744 5.38550304389 -4.71345635612 -8.31367009089 -7.69592485481 0.746708170484
LOVE
18.6172960891 3.41134105807 -22.1806040255 -37.834357303 -4.25112078378 18.5064537718 -19.3651625141 24.12211095 -8.99992743525 -22.9642563309 -10.1095348757 5.3526228787 13.6581270308 16.4874328665 8.68650420697 -13.7291798241 -33.2674626387 -14.3806965041 2.18728256917 -32.8336217473 10.8638138623 5.33832772557 -19.1252163884 -18.3747295829 -3.99328347212 -1.85246187259
LUCK
19.4347671587 1.53251819889 -25.8892544819 -37.9883720178 -0.108649221579 30.6007355779 -27.9739695436 16.9893543027 -13.3484112348 -11.6489355293 -4.92060197319 3.87449800931 11.7282563322 16.9910747481 0.562513416169 -27.443173328 -33.9744451234 -5.38065761124 23.1451619583 -16.6932279153 12.3142773917 0.16625565022 -24.9018745469 -5.39899383582 7.37201693234 18.1895438455
LULL
18.5188538076 9.01233057007 -6.89578267025 -53.6907644361 -14.9924946116 16.4365885412 -15.7729666812 12.4497920822 -26.5428019216 25.1821938505 -11.4630035906 -5.61720179496 -19.524607191 18.6268807607 10.0498346635 -10.2888422248 -53.0890990235 -14.0445409 21.4218327496 -15.4964722277 17.0907430866 -22.0347441168 23.4772126737 -15.6040623283 -8.68943763733 -19.9788397761
LUNG
18.8159129062 7.5626502549 -20.3426090406 -43.90007587 0.366811536544 18.5558892811 -31.1967297127 7.56831479684 -22.0359381765 12.1897794647 -27.119455291 -15.3286563518 13.4156145891 18.0620040081 7.61946952851 -17.3008459722 -34.5357432843 -9.29754960708 10.9234245478 -26.8864354281 20.9191279487 -9.62047146068 2.39443112797 -18.3738240946 -12.8204440677 13.7171745191
MAIN
17.2993263705 -2.12229898905 3.01018041595 -14.8068673075 -54.4854168787 12.0617190477 -12.3903901695 -8.52055260404 -9.33267226375 -3.48128890277 -20.968590262 -0.734075259784 -13.5151434541 16.8203854459 -0.0797910323357 15.1161299861 -26.4404755424 -50.1069061762 23.123763383 -23.9160008849 -8.94958857836 -7.50315623084 -14.2707967477 -10.0308164597 1.5902154501 -17.6347524188
MATH
19.0333567146 -9.19599752577 -24.8416483093 -0.88745526479 -27.1547579338 8.26113241727 -17.9711536441 15.0630610323 -32.7800593706 0.616556285233 -5.50654743668 -14.3664929423 2.02560546744 16.5120392559 -15.7912816001 -19.295145761 -7.76662818476 -6.40338580305 3.9975369975 -27.6543417114 15.3111448597 -30.1827755037 -3.3421658124 -1.92258592375 -10.3672242646 -4.82359783365
MEAL
17.0540039777 -2.26685334471 28.3581910503 -18.9386728038 -42.107289272 15.6863925645 -37.2208012526 -16.9525766884 -12.6994961056 -6.99876686445 -5.77653088873 3.92046847246 -28.1680429241 17.0100820912 -2.69888310335 13.2854871494 -13.413220317 -34.3830868313 7.45410153656 -29.4665360317 -3.31037731435 -9.98744293631 0.733953245048 -5.82924004506 -0.841773049685 -20.3416727325
MILE
18.2724472532 0.855397374729 -30.8945595985 -24.8047099623 5.20042244476 15.081688237 -47.2711843861 18.06416812 -24.0685745323 -0.693445884218 -14.3338696105 -2.54161661708 8.51013382478 17.8488819142 -3.59671809168 -24.0101081434 -11.9164817461 -23.1760880112 2.42857073762 -11.3302238959 18.8605780622 -32.1175235832 -10.0766474076 0.213034482881 -0.500299938844 -1.97477769076
MILL
17.5021995374 0.558556780689 -4.88451377578 -14.4688269733 -45.8248159858 -23.302722548 -1.55964655445 18.8272845351 -28.9195988198 14.7172276614 -8.5103569958 -27.3518468901 4.36687550102 17.5194119316 -1.33848717057 -8.95892602763 -13.6972739281 -33.7596225444 -26.3052171731 -3.09485239178 31.5109167254 -38.7670947126 4.35379770535 2.42349968145 -11.982968228 5.97647399083
MOB
18.4497110023 9.88948824546 -26.6057460748 -44.2548359345 -11.8539582321 33.0249200325 -26.2723359266 4.04124022648 -35.0629960255 7.47417635852 -11.6185140532 -28.4691214108 6.81874447125 18.0675417884 8.01253014771 -28.7296266064 -41.334313377 -14.399356843 36.3501560555 -29.7294037274 7.07351212029 -22.9081807054 -2.74329109194 -2.70203712505 -21.3608655932 6.26181843962
PAL
18.9810645654 -3.00894571958 -35.8985335639 -11.7397962502 -15.6651213031 13.4007144295 -6.11467428128 5.21379197421 -31.480264202 -9.19097069 17.7968788169 -1.43006209405 -11.8121829774 18.4874087556 0.237771271213 -36.8396101519 -15.3862444387 -9.82069366262 14.1195495127 -16.8822551643 8.25363819244 -24.6381227255 -15.9885381124 14.2209778521 13.5617966959 -17.3792007314
PEN
18.2074697136 -2.34631892337 -15.8811470962 -11.5867590146 -30.1202951758 5.28988006253 -1.43143230118 8.74942964177 -39.1864820101 -4.31400054147 -14.8212016154 -18.2057865456 -3.44157619992 17.804915094 -0.417392865541 -9.69635282674 -8.26079439962 -31.1501317904 -8.34703820823 3.77407796068 15.5879831108 -41.1305672668 2.74695993442 -14.2830641162 -25.2073231334 3.81619233478
PIN
18.9565818095 -7.96383011851 1.46093213975 -13.7668670274 -49.0639258475 11.637455883 1.24426469993 0.129093441904 -14.1936171097 -1.42791870219 -24.3898608144 -4.06235244923 -2.148006695 19.1485047978 -11.0452323795 -1.52144454368 -14.7934299551 -47.8560429508 6.21402913512 3.72426099842 8.62032800795 -27.3982063674 8.43377382352 -26.4584722135 -8.33738952529 5.4842325891
POKE
17.6758076031 -8.19189448361 -17.6488964286 -21.2365984603 -6.22699964505 11.8531367094 -20.4750775678 9.94099651409 5.02692550698 -15.656188543 -15.1406702956 9.20357860532 -7.88419839684 15.5086591894 8.11395698355 -4.99135638823 -34.0831359175 -20.2178478149 1.48163192696 -8.78494149023 -6.42377116672 -9.42225165251 -0.701387064912 -3.14691133619 12.5247153541 -7.89146697425
POOL
17.2837438826 16.0534720995 11.3597902847 -38.1460891484 -28.4714333078 -18.5010463604 -5.30399110508 5.54965353677 -8.08423029739 -12.6170152131 -11.2605278282 -6.91072384012 -6.9606436887 17.6967025956 14.1650672946 5.22424371747 -43.1667162281 -26.3166956326 -3.10693526206 -10.3461265213 12.8895092138 -16.2407499699 -2.40271877475 0.583831503346 0.682471387843 7.44871965724
PULL
18.0693699802 7.30761224197 -5.97088647077 -54.3131351927 -19.4053978016 11.0465442285 -17.9312465155 8.32416915643 -20.5797547477 -2.94213920091 -14.6868127004 -23.0687337772 -6.83250389969 18.8252576062 11.7602342136 -2.88311591624 -54.4753127914 -15.3952337238 21.2940636821 -10.496260609 12.8134829923 -19.7258893594 5.23226110977 -1.06143904088 -15.3151582674 -6.30093837214
RICE
19.3601924308 1.47222998599 -36.3802742034 -10.8559750719 -14.4853239604 -9.02353225849 15.6930575577 7.60120000535 -15.4824468108 -11.8030166412 -7.70109253284 16.7786252551 -1.29479097811 17.470385199 -5.20418350649 3.27451222083 -2.14139077214 -51.2759187184 -9.88525439257 -1.58662970682 -7.07091839884 2.57193574784 2.7582877397 -18.2771117879 7.64322543451 -12.2348899486
RIP
19.1908750179 -4.62857888049 -24.4307141771 -12.0978344681 -42.0084106009 -18.6657805877 21.2823254038 12.7868555017 -28.8558247622 1.18969827141 -7.48157871719 0.528865504634 -10.6332021743 17.707122544 -3.56000086819 -15.807699524 -14.1622092926 -34.5634687184 -12.5497577641 14.9826368468 23.0554369199 -17.250753306 -3.75567881491 -7.80738304693 -4.4759614693 -6.49327347117
SAIL
18.5095092242 -2.94212693726 -12.1354693457 -16.8712187093 -42.0215803826 8.7977063427 8.77664751081 6.00960414401 -20.2418719664 -4.88573234268 -8.69796832257 -13.3135920802 1.050216173 17.9229557397 -5.9760937019 -3.63531081012 -14.2577690046 -51.9686748859 -0.203308440615 -7.42877678043 8.27065313481 2.12012511039 -4.07486511529 -14.3536943643 -2.72089674645 -14.8136763273
SELL
17.3585298453 0.212944502342 -15.1432368965 -23.3628421043 -25.9920611325 -17.1202206182 4.48444187846 16.1453290757 -35.2117250101 -13.5885934649 2.34598544163 -14.9570157939 -10.1070646091 18.3540752842 -1.55256713607 -23.8465897557 -17.080685846 -15.575123692 5.55211154334 -2.07996699767 13.0098391712 -34.8015495684 -11.0422196713 7.48411694472 2.6117841838 -10.1866225334
SOUR
18.9029609137 -1.08269044317 -36.4566161821 -13.0683097921 -14.643323117 18.1096529438 -14.2041798228 2.62478791474 -24.5659353424 -15.3715194335 6.58233815918 -1.31148040802 -15.0943786609 18.1741323651 13.2009898306 -26.4319765212 -40.1933164489 -21.7753774714 29.4411674577 -23.2134791058 1.04659911748 3.24605401762 -4.92675269511 -6.8710850273 0.0958472805319 -12.6200494278
SOUTH
19.0126850754 -2.13565069481 -25.6040651575 -21.3436926791 -16.9952738127 11.1039405822 -9.04383074089 13.3940428312 -23.8855618251 -13.0311111703 5.289190724 3.27730460001 -10.871178345 16.7135660836 4.5155008678 -16.2186519007 -35.9298692254 -10.6950563095 23.0637900343 -26.4999515505 5.50271488304 -9.63132134551 -14.734887759 -9.88545166453 -2.08327953664 -0.536393670308
TAPE
13.9373847034 -10.4195429922 -13.4305942494 -0.0930044275422 -9.66937642545 -21.2448800066 0.154136173986 9.45089344334 -9.10998006651 -12.4550480447 6.11506916242 3.03703929338 -2.37840942218 11.8293182715 -13.6053205442 -5.91893975905 -2.94691427418 -9.59501486956 -15.225696153 5.07174231512 3.44862909213 -16.0306472107 -8.65246269436 9.78179551034 0.194790837409 -6.2795191994
TOOL
15.6249374152 -7.22631428817 1.91548409668 -8.12304626767 -12.5315999564 -17.5945048122 -22.003894889 -4.78282705379 2.16258475423 6.44645235097 -12.2267937988 -1.72503666977 -12.4065015834 17.2377056294 15.1110349687 6.32049679268 -36.3511024803 -17.992428301 -12.6871663165 -16.2668011901 -9.81752111502 -1.27092865544 9.2048964853 4.39144399274 5.5685730375 -23.9490860081
TOWN
18.9112777976 -3.05038126128 -29.0828503126 -7.2808660561 -15.37575354 0.0793176554783 -27.8867589205 26.6586609891 -28.4060241138 -20.5901256833 -3.18096092287 -14.0088721896 -1.56940154922 17.4259355168 8.16371291445 -18.1146008236 -27.0296846866 -8.43610595666 0.717239086464 -23.6401189813 11.0542190527 -7.02637087772 8.61513280454 -13.2646979818 -19.9529509066 8.58578671481
TUBE
16.0194617884 4.09333602604 8.65268600556 -6.8782223007 -28.9135033096 -26.6943050594 -20.3660889749 -10.9385832613 17.9801509916 -0.00368534813423 -9.03486626844 8.35677315673 -17.4334629874 15.5170494138 13.5931212413 4.48178842181 -17.5765585604 -12.7574677423 -23.2783739783 -35.4033229551 -11.9926597748 21.1667878861 -2.82693984677 -10.3418462554 10.6600253575 -16.3181340434
VOICE
18.0786913649 14.4135540963 -1.3360768441 -42.0109909441 -27.6132908271 15.9194238146 -22.6382811688 10.9707565603 -12.3244697373 -1.04272509656 -3.69624643232 -12.3829701378 -10.4007427401 16.3145400781 -5.29047882003 1.55338762923 -6.65585493768 -38.1885601219 -0.00948492615 -11.7623217565 4.50644214874 -6.14778046051 -9.17147553137 -16.6996752339 2.07662156994 -18.1307571896
VOID
17.4605769833 14.3507287199 -6.92549404923 -38.5322269013 -26.4675283225 6.2734667526 -15.1196484026 4.91498890412 -9.99110563479 -9.1476657482 -3.13348503344 -4.52232004414 -0.215446868784 17.4917941758 -0.179764088913 -0.900652265344 -8.27534851731 -50.3213946095 -5.63741025206 -4.33825144525 8.07127571898 -1.21989595934 -1.40336697584 -13.6310937439 5.8732287302 -14.8934543112
WALK
19.009757903 6.91527743741 -22.7326205374 -46.1260107039 -16.7338031961 41.0477902922 -17.7027632949 6.32712609005 -21.8963329247 -8.71096529674 -1.01480254083 -18.1323140019 5.59109077212 17.6879689247 8.51650552751 -29.268594666 -35.7453848998 -7.32696121735 33.1926616305 -24.0762093197 -11.1019480052 -9.86424906154 -12.6762043465 0.880335854631 -3.05615400238 1.67535239493
WALL
17.5297820031 13.2773881037 -11.4220804423 -39.3647265043 -24.5828552777 14.4823782628 -5.96068026901 8.61151873138 -18.7288211656 -5.4632247873 2.40476139734 -4.5155846471 1.93207041586 17.9243094184 13.3018133728 -16.7390603519 -45.8356625138 -16.1463665818 24.7845697363 -1.37252413634 12.9849079016 -24.6498659875 1.89941973465 -2.66683721428 -3.85375910948 -2.32107752823
WET
19.1896599663 -3.34882880874 -26.3576640247 -25.1712984615 -11.5279562776 8.85738493773 -12.6336038132 32.1228908619 -27.6631893657 -32.3832509242 12.9601530679 10.2019260175 -1.91419447733 18.4433958469 -5.64403728386 -31.5470031604 -15.2484810355 -26.5649983124 8.51596927207 2.22406069095 19.6494274653 -37.7400128632 -16.442397739 17.5463005518 -0.0488469846197 -0.333264219026
WOOL
17.8086345046 10.6865619247 -1.85224621666 -43.6643783157 -21.4197415639 5.03084104668 -11.9405560009 17.6446824077 -15.6515214442 14.3027040576 -4.21919754888 -15.4057573857 -4.39129109546 17.9843324616 10.4921110679 -3.41802231048 -40.7254201482 -20.0387182804 4.80664120702 -12.5881433609 13.7088523337 -12.0474564977 18.4052657458 -1.81021560059 -15.6749358844 -7.61393339431
WRONG
18.4158641245 7.25039254776 -24.073033879 -34.2963565327 -12.6887738001 33.5135155908 -24.5118011905 4.86133232778 -17.3548229752 -6.50338182473 -2.30202531203 -20.9902281898 10.6790493318 17.7491538514 8.39325673374 -18.6346003151 -40.1379995213 -6.90787259081 23.3453908397 -30.3346337684 14.8604629253 -26.3903257531 10.678117232 -13.4388515024 -18.8892380052 9.01574419765
