HAD
15.8737939778 -13.3728335112 -27.3044159778 2.73653000529 -21.6526963588 10.9959798052 3.18086106475 -18.5632462625 -18.7373714051 -11.2837241334 6.9577550367 -0.864206195789 -8.06795695039 18.3682873046 1.3925719066 -25.8233080123 -7.20304800532 -26.9539219471 0.937502088931 -0.308398077321 -13.6887140271 -28.0162086768 -19.5805582301 17.1430068256 -4.00681099858 -15.1094605421
HAYED
17.7972253924 2.48006899438 11.9822279305 -8.2601641295 -50.00211002 3.25573758757 -5.38959913711 -14.3332236295 12.9607156865 -17.1066940443 1.51164793899 2.56834140023 -9.31301997307 17.0785983115 -1.17752811275 21.5668445304 -0.323923307522 -54.0424606749 -4.76747136581 -27.4290879845 -25.8092529733 7.76351984855 -12.1999116416 4.93181801257 13.5583418009 -10.3360426956
HEAD
18.6193501919 2.86759184322 -8.34083179135 -8.54585507952 -39.5784848306 3.30022977272 14.5633928135 -9.04725949052 -19.7024791057 -20.0191771101 2.06045122172 -3.87792859387 6.31291200876 17.2418205379 0.352739185749 -3.4717302376 -5.5998820705 -41.4731409785 -15.3265581751 6.63057452709 -2.83491578596 -15.2908095642 -19.8480220325 8.84871788627 -17.9189626877 1.36919756187
HEED
17.3563349962 -2.55746303618 34.5782516858 -3.1742487286 -46.6019939671 4.76911091482 -49.0891933874 -18.2543376474 -7.98434897461 -15.9510628662 -5.43533061681 5.40856313065 -22.0140938464 17.5675157335 -5.28296265464 26.1807641734 4.3813678934 -46.580283597 4.31513647518 -40.183722924 -11.5979092731 -1.70473003518 -9.75121533212 0.817639769617 4.99332960427 -16.6150425354
HID
18.3073811142 0.324082407128 4.51670047421 -7.56014854036 -56.6589021314 -12.3767471848 0.402173059633 -11.8666320682 -5.27895571687 -7.6194527481 -8.14017420756 -13.9618999497 4.22874795248 17.7220865085 3.03042649262 1.98040067255 -3.30149808847 -47.6148199173 -18.636070148 4.87607708845 -0.394199094305 -0.133848271195 -5.06759514275 0.64405492652 -23.567599658 -0.219179041716
HOD
18.3662054817 10.711435404 -18.2595336236 -32.9155973369 -18.0898539684 23.5438609545 -10.581940865 -18.8511951927 -17.9645890901 -0.540485371467 -3.44709061769 6.54023162556 -13.1097489699 18.389225346 7.2256108525 -24.2963598884 -20.9272953441 -15.2246746708 13.051785425 -10.638419498 -14.8004936635 -16.0378641311 -9.01457448116 -7.54953175031 14.6439673817 -13.4888115005
HOED
17.9378889069 11.0032659559 -2.97325639438 -39.2518218545 -18.2606217962 0.160483358152 -19.6476721921 -17.9010562694 0.0965537127083 1.25716111413 -19.9435561731 -1.45639854442 -15.8295280681 16.177370322 14.2310609301 0.87165181511 -21.3231838615 -19.9308373346 -4.84523172478 -22.9959097657 -18.0051701642 -4.35297714276 3.85160811774 -2.84824845286 0.605565607425 -15.2283584198
HOOD
17.8289634419 4.01080774605 -2.13936313316 -22.1222324014 -25.0568458557 -21.3057977411 -10.5174090852 9.42978651929 6.94101173331 -19.1033581451 -16.1939400185 15.4644748599 -22.0811350282 17.6854335918 2.98667634861 -4.08692031622 -10.5951512911 -38.3072010484 -25.585406253 0.687177603236 8.00803264564 0.0700527806557 -11.1510876389 0.737826957554 -1.91051381245 -27.6210767542
HUD
18.7015121302 4.81889500212 -19.034166002 -29.4008428688 -31.8825941182 5.10203533033 -5.89741784961 -9.04514938275 -11.4616411355 -35.4481717302 1.67940780961 10.748812297 -7.81257767216 17.948304585 -0.135363175152 -13.6633455487 -17.5594637581 -34.7460753366 -19.2711405455 -1.9878002185 5.37922261436 -9.67564756649 -23.7705520909 10.4486673969 1.02041202851 -16.2664825347
WHO'D
17.9428246938 8.84717223696 3.9261759876 -1.07042422657 -22.9476483 -37.3793138831 -28.503444391 4.14328675382 1.26321854673 1.64742818704 0.231503147386 19.147906078 -25.2011311628 17.0790095647 7.2241073567 2.33555823932 0.382754475696 -22.9782311264 -41.5825939348 -35.4972514818 -4.99885861931 -5.29782662173 1.64877133347 -3.80181640892 34.3676038809 -14.0163866604
