HAD
14.9505432698 -9.41809526754 -14.6699085983 -4.09459469939 -28.5455053191 2.75072149627 11.1053529553 -0.832247156142 -11.5389997108 -18.1416651511 -1.79584012412 -0.133009153795 -0.833743989397 18.3668371815 0.143993416948 -26.8199716173 -0.866648195944 -31.2017710679 -2.07876847177 -9.07218121714 19.3830361054 -12.4434065134 -24.5602138279 -12.1156140852 5.49257151357 -6.06664185108
HAYED
17.624979561 4.8785498932 -11.7444074156 11.3921618354 -47.4073868393 -18.2348775279 -10.4179848558 6.0872513851 -7.88365481155 1.07482477927 4.55656547132 -5.11493750722 -7.99151183613 17.1151657694 1.14754210293 -0.389662089376 22.8323689081 -52.1198872291 -19.9854661003 -27.8607034846 -1.88915875192 -14.9256827706 4.76441038008 20.3917238292 -9.60905330761 3.79954532899
HEAD
15.5630269166 -2.89815622053 8.88953517965 21.2423375473 -39.995881465 -6.57071493807 -14.0181042981 -16.153504653 -14.8941270336 -7.02004991803 9.5929644609 -18.0998849491 10.5388509691 17.29345577 0.326441320698 13.4548282872 28.3205577488 -40.3288630438 -7.64046075845 -15.9412708375 -23.3457120107 -18.5126891494 -14.9295473937 10.3742925938 -26.3698930621 14.5632789118
HEED
17.9350463953 -9.79054940282 22.9363327293 19.2944649749 -28.7475479945 -13.8218237891 -16.8859238786 -28.6206355794 -21.917917368 -4.28835903315 -4.18817217 -3.83685592602 3.82192186201 17.8070953381 -18.3642896887 25.7813212804 19.094177723 -20.9495744639 -15.6451190916 -6.57329257387 -32.7948991001 -19.4131548373 -14.7997183781 -4.33224463525 -13.5880613072 -2.39822767002
HID
17.5059747204 3.00866601145 -0.910784365626 3.84900756305 -31.7371010584 -20.9025899892 -25.9553129713 14.376475756 17.3410862069 -11.4504188072 7.51236836969 2.99168217071 -12.9531793199 16.9726492999 1.06474953051 -3.75378094241 4.47405963068 -34.9273846657 -24.9743640679 -36.2519360823 11.8226319446 10.1546510133 -7.81988042262 2.39089750395 5.33592134845 -12.9826393636
HOD
14.3364898346 -6.01397868143 -19.1164287855 -25.5092274926 -12.8053410082 19.5632428956 -19.8972424248 -9.5392991211 -5.16154042132 2.60315903672 -11.1703706407 0.0533566322249 -5.48785545574 18.1689586005 7.3287935167 -23.8036355871 -34.3722898545 -11.2519859746 24.7842108813 -5.43214519184 -3.52858565854 -2.4022217772 -4.52365528427 -20.0077316812 4.85421109781 -2.00242563351
HOED
17.0432201832 6.0917265573 -25.0755324797 -12.8281587704 -25.2724259359 12.3684727138 -15.7556898791 -11.8597911208 18.3784667562 -2.67387344037 -15.9162014631 -9.3563225717 -4.38773902619 17.2458435864 13.0178554717 -19.9704110999 0.883895999569 -32.1746324414 -8.24141120654 -22.1108631807 -36.8034108421 13.799271885 19.7416231978 -2.49387456967 -4.69023146042 -1.60986317541
HOOD
18.3247263198 11.3957804676 -24.0520149753 0.474044457982 -31.0293437953 -4.1840209681 -26.574058967 -32.2381475855 25.3231301326 19.0823483445 -9.28525347264 -7.49792814651 4.87287723952 17.8641379555 6.82169974889 -21.1576191489 9.31377690065 -34.650443449 -13.4749680968 -38.2236027258 1.32841480647 21.4252434803 8.30349284071 -12.1842325786 0.488874128143 4.59092806509
HUD
13.9055612023 -5.09485951102 -18.9647031563 -17.016674298 -18.18392586 23.4538527564 -18.7682950241 3.43258913915 6.53566330106 -9.28672873716 -8.48069166344 -12.2175797359 1.24798911508 18.434115246 8.21038253984 -28.3086259475 -8.45502843111 -33.0369971936 5.73113134907 -24.715300258 3.68335884484 26.821545272 -4.70910225469 -23.3585262732 -7.55864670106 1.44663949357
WHO'D
17.4686966228 9.00050910147 -16.3257383684 22.5575542267 -24.3448161888 -19.1776737581 -31.2525357706 -19.3059754151 -0.54903684809 -6.55480984216 1.11348880589 -13.2352087883 19.2008505326 16.8745718729 9.35513035612 -12.9749767307 24.7780498952 -16.8887293957 -31.1077167202 -25.521246477 -9.38278945457 -14.2740695851 -4.34328054252 -6.11993207313 -10.3541027389 7.8313145178
