HAD
18.4453617197 2.37016954422 -22.5913609498 -10.505036602 -36.0084718399 7.40615604409 8.64412684703 -3.57873015473 -21.5825924229 -1.65515279989 -3.0294343821 -7.28817490877 0.595832537554 17.4354177858 -0.807746633177 -17.0138242673 -10.4436671655 -29.7063237554 -6.89081409964 0.787547373409 7.25113055008 -18.6276185458 -12.4743147481 4.13566381983 -12.8713800937 -1.73538467804
HAYED
18.005581515 -0.839878336044 6.56022436319 -11.0864205096 -57.068653875 -1.1320452888 -20.4014066476 -2.22473491269 7.63776936419 -8.69601982825 -12.7038478179 -1.55021265108 -7.72530672139 17.2667583838 0.302707097962 14.3172195131 -4.10974010546 -55.8341301501 -0.475082094485 -29.9894188797 -4.42009374958 9.87560897638 -4.07390746673 -6.89273743762 7.87272479785 -14.7663520211
HEAD
16.8243182006 -1.87271992868 -0.447127650625 -8.52608767194 -36.0828316589 3.31590401084 -0.281811671321 -13.4563736386 -22.5982025535 -15.2549515827 -4.99355030749 -12.5018063034 -2.56380918005 18.0174878252 -0.500461152287 -5.70952169917 -13.5200028714 -42.8434181628 -14.2242475133 2.04506982839 5.58098472631 -4.47363844686 -4.58792834684 -1.50606651202 -15.1500664685 1.20634001853
HEED
19.0335052035 -15.2273250408 33.6102245884 -1.18215075726 -47.2493481864 3.48905944422 -45.3404849848 -5.49530970259 -17.3805121292 4.0945938579 -27.2357555972 13.5325736053 -27.0104823009 17.3629129889 -5.18158408006 23.4628388579 2.31815288965 -45.415951503 -3.76290443934 -35.3667638452 -6.59505336103 -9.18618465443 11.2332081256 -14.965310129 15.6401136368 -14.5547952725
HID
17.2938125502 3.43304383523 8.26947893309 -8.280791843 -49.1416620413 -9.24602403455 -18.4265595455 -1.11808053604 0.311260755658 2.06338687509 -7.17551867915 2.15426328995 -7.36450363867 18.2915149681 -7.88286796191 6.91786913665 -2.14726651857 -50.8188010632 -19.716945818 -7.01911202856 5.16575333058 0.480167375556 18.3305342841 -9.12542603201 -1.46403191652 -18.8624646431
HOD
17.5704872046 13.4310630771 -5.45252496907 -34.8999455354 -15.0541335827 -3.98058481634 -40.5722002871 -4.33780750282 15.6719713639 11.1609236128 -9.43511984895 -6.28888854086 -12.7330487466 18.0071450115 10.4114110084 -5.39823600845 -27.152575941 -17.3590808776 -17.1907719825 -31.8776787509 12.8512726635 23.7186603784 3.26552777521 -19.0668413267 0.0439045914466 -10.3971648575
HOED
17.7835905548 18.6394395248 -8.03517901535 -37.2017320497 -18.1643483962 -7.40317094641 -25.7215229539 -3.34472637662 11.7019645002 16.368936595 -16.0482847252 -7.46750671326 -15.0184830534 16.3756138594 20.7742955942 -0.219693477282 -24.1449867612 -12.732820017 -9.78896282567 -27.7584771316 -18.9705552094 -2.02791956062 16.207832152 -1.4880174788 3.14458991897 -13.0001738675
HOOD
17.3511252232 10.871187346 -0.939900916692 -31.964225314 -14.4824163414 -8.1944728479 -42.9986635753 8.28331848337 16.5074873877 3.98609139264 -25.3331305567 -1.2871673658 -9.48671951725 18.4788288524 -2.47670768551 -2.50113037759 -16.3041995242 -25.6146346344 -18.6437873819 -27.357576458 23.1868312861 18.4089555383 1.87914236975 -14.9463415336 6.65062480467 -22.7671357069
HUD
18.0431347247 11.3854280016 -19.8571243849 -29.2403982721 -16.5162181611 -20.2858807643 -19.1485630788 24.3091531935 2.08160858291 -27.3103604597 0.0729740578031 -5.02743436001 -11.0499264893 18.0872014897 4.00062872572 -13.8789365112 -12.8450395056 -26.6990460623 -23.3748425847 -8.66797369797 24.7058052029 -0.291236562911 -13.9350176138 7.97425099918 -4.12051334063 -15.5084437666
WHO'D
17.2368317895 18.5522445744 -2.93945412622 -13.5967024383 -7.57970345035 -16.547649957 -36.0436839464 -19.6526189895 3.84851357623 12.5600832868 -28.0821940994 2.0183934614 -12.8892413208 16.8984330988 15.8598989363 0.460831849025 -13.5290154411 -15.3002496921 -17.0843825104 -39.0921382416 -20.9732942914 1.41561408852 19.7906261806 -19.6764218454 8.48209609636 -6.7060993353
