BEAN
18.7423450437 -12.9059293584 24.3075735255 -0.974326392727 -48.9803138624 2.51088089182 -26.5747453681 -19.2517771876 0.134258976218 2.73782949397 -14.4300826099 1.37103233454 -22.4644521553 18.0093530531 -7.25385644662 12.9921826548 -7.70603584248 -41.1394394842 14.9284398317 -34.7561252562 -15.9780191655 1.77210425514 2.89057140793 -13.5443843933 -9.3575656718 -13.3982167061
BITE
19.566143652 -8.25892650777 -30.6405158497 -12.4654140611 -23.7530540812 -0.300174068554 5.74839807716 0.183224206703 -17.5917830655 -20.1516471954 0.156537603921 13.0198867215 -5.50723619179 17.8981423206 -7.9606534047 7.74038155422 0.832482245501 -55.2560314148 -3.89014870908 -11.2354297253 -14.8750834102 -1.49586097565 7.78969796704 -8.5986193803 12.4557499851 -10.3196583297
BOAT
19.1078525621 -0.408121216376 -20.6315434433 -31.8776106215 -17.7723226681 8.53013632949 -2.08830732606 -5.08880763475 9.417493802 2.39035110539 -22.7641853801 -2.87560162888 2.89215375827 16.3798221067 6.9085810378 -5.55187698458 -31.0160425177 -21.9527374715 -0.436018941516 -21.6174107412 -18.4935534052 -2.42852515698 13.4793817805 -5.33819072115 11.7319836572 -13.7163795579
BOIL
16.9732376739 9.41910661187 -8.68357550112 -37.3797222243 -25.6754469943 7.50589342606 -6.42869908849 -15.5418078376 -1.19295262334 -0.627059990737 6.45064425902 -4.85868657309 -5.31787721627 18.4932163215 -5.34038770475 -16.4565274681 -11.5768291685 -31.0962245616 -13.2961478949 4.11006801261 11.516871002 -4.18855855388 -4.48109041389 -15.9627587845 0.699508522749 -4.22057436382
BULL
17.2323630649 2.75163236623 -11.5034276652 -37.6649037609 -24.979773227 7.04227082522 -19.8921519551 -16.073024236 10.2577447845 -0.799032221558 -6.58068078998 -11.8614659481 -0.74166784562 17.9014997111 6.55653195213 -14.831416239 -35.6978940856 -20.9442806247 14.780828105 -12.4769493813 -6.94392241653 9.76620651983 -6.77768521741 -3.41891425193 -14.1180456764 -1.2434209864
CAB
16.6798603452 -7.92152244254 -8.39427636637 -2.71712269211 -42.2778661648 -1.98799971616 2.03017251472 -0.836894520683 -11.8834722588 -7.09113448033 -5.33144030908 -8.36316926303 -5.94812565649 18.5376237388 -5.05835235435 -32.7653779616 -13.6745379478 -17.581294972 5.53940948788 5.15590545796 -2.62994827635 -17.5471344151 -10.9566834935 -8.20461987941 11.2737171286 -1.86894791189
CALM
16.3308175207 -3.21007751333 -25.9156438588 -22.6096200719 0.168329519601 3.4758728856 -9.13878256665 -5.97655329665 -3.92941743209 -3.90664802253 -16.5638960507 2.16179047068 0.514057669713 17.7507485888 5.67371310705 -23.1142541606 -29.551997787 -5.39351250659 22.9671741252 -12.2566911247 -15.0772452866 -23.1061750981 1.82259493151 6.31198193589 -7.77573599917 3.57228449459
CAUGHT
15.2249713988 -4.33254518091 -24.1499041539 -21.6224416484 -5.90261379649 8.62248486325 -13.5947297067 -4.29873651476 11.4732057396 -7.34636257405 -13.3964972805 -0.167355304586 -2.31614720907 19.182899886 -5.00940498182 -34.7687025654 -22.7616654011 -12.6924604724 18.247005777 -7.1682826871 -7.79252080944 -2.04695309416 -13.1982356806 -12.7498187246 17.8238657285 -3.28539926483
COAL
18.4214052308 7.53033583714 -10.7977831345 -41.6019026234 -23.2136022925 16.0226847115 -10.850930429 -11.1666107551 -6.24821983248 3.63668855579 -2.76965323685 -6.5488204505 -9.64942115842 17.4537223385 7.87916367429 -8.28739732154 -45.2828179934 -35.1100868269 21.818502946 -13.0889123548 -1.45043085402 -10.5205226045 0.351159689129 9.57183883554 -3.62838490496 -15.2753683708
CODE
17.2521669434 -0.692415142769 -18.6077987421 -28.3245866422 -10.253982714 -2.26934014665 -13.1719271358 -3.5883676922 4.14665271608 -6.87396649306 -21.8961677554 -3.00972578281 4.51128188928 17.4261523657 6.83702250692 -14.594460899 -27.1339468192 -25.4911286701 -0.185307280986 -8.97129163175 -19.1523474115 6.10177221023 14.2979608914 -9.04111514787 -2.11465188226 -15.0273604942
COIN
17.7340559887 7.72105357185 -19.2273253929 -16.1083605011 -23.2949327263 -7.59361914215 0.58351485268 -12.3834149647 -10.0307057418 -1.87586529038 -21.417412021 -2.96999850176 -0.144355364928 18.6965138277 -5.3340672539 -18.5887954712 -4.43399097283 -33.5140102331 1.99298780666 -5.74528318374 -17.1453096111 -25.8643856282 1.20979768962 -3.80947697085 1.15620097576 1.66100166719
CON
15.1531595778 -10.3254198275 -19.958275721 -13.7326830951 2.09266528536 -3.47952065681 -19.9561958774 -1.93726454202 -0.115872514935 -10.9838181487 -2.57016665121 0.860106539814 -2.78210621059 18.9860334464 -0.857815198154 -31.0895425573 -16.639242466 -2.17383400321 12.8356618709 -24.2052342574 -8.77812493251 -11.9022377236 -7.15221522374 2.04271806535 -3.07348897761 1.02503559572
COOL
17.5343688265 9.98222489085 8.20568567155 -35.3998350273 -13.8032833218 -15.6871266484 -19.3463413298 -12.6397081095 5.69518425844 19.0570954968 3.4695347159 -0.621303045691 -21.4965101391 17.7918271465 10.8095911984 7.09444504305 -42.1014101008 -22.2046665212 -5.231870306 -6.43930590097 -7.74104417274 -9.29154581793 12.8987549142 11.0996102301 17.2406651338 -21.1470768545
COT
16.9830441887 -6.57642643539 -27.7175725345 -11.9174436161 -10.7784254894 -6.9955114297 -7.84755625165 2.59912903492 -8.45518179444 -12.0686141849 -8.44237475405 3.77557818368 -8.69791830231 18.7745549307 -0.727064206402 -38.2515334737 -12.4931488013 -9.80767298021 8.55697963974 -1.47689566155 -8.79718443577 -13.2982078479 -1.47005546899 -15.3386968153 17.4308081931 -6.04621166253
COUGH
16.9208600894 0.613999653314 -24.4691306463 -25.6953476545 -6.74686530821 8.95557466692 -9.77738068338 -15.2421275865 -2.3346162791 -5.2691306175 -17.0149211489 -6.10552469281 6.4379342628 18.2109117724 0.770611541656 -26.5042270515 -22.7362666574 -10.3086476317 24.5953803978 -4.72629620381 -11.6767867664 -3.54429387195 -2.77146015694 -18.646405198 12.0668078564 -2.15172927603
DEATH
18.6328318441 -5.47750701307 -15.8073707856 -7.14265647248 -33.3355556829 -14.3911667962 10.9038727036 13.7659450447 -15.3644452645 -11.2397252504 2.28631783335 5.76092032565 -13.3727289443 18.5507655464 -2.85887490005 -24.9327398532 -14.9730871094 -20.7629316233 -0.883016599153 7.7800608312 8.64815848925 -18.1318310238 -22.9242911063 -3.38576796635 22.9267933485 -10.7249568831
DIG
18.7555340522 -8.04861752144 -2.34172399215 0.433831327496 -49.3751599879 -14.3089702048 6.93397460573 -5.11083298111 -9.19575215714 9.56035178641 -4.69729026268 -1.27349330037 -8.24281169702 18.6782428401 -10.4431886027 -5.33227484668 -1.25198001601 -53.1452821527 -12.1481476818 11.8514110365 -2.82894300966 -6.11469388376 10.6325669899 -14.6171643656 -1.41907832543 -6.88980090955
DIME
18.541302152 -0.368978221402 -31.3067951952 -9.91196264989 -9.36698744284 -1.45043375835 -19.2278196038 1.86646907156 -20.3407780584 -22.9677753761 6.19158040105 7.67434398862 -4.27864322397 18.9211222055 -10.2950685993 -25.1209566768 -1.12799566843 -30.759314181 3.3317233392 -5.34900583632 -7.59152744625 -22.5628637155 -16.3191142992 10.9545172226 -0.905876148996 -2.68332897202
DOCK
18.50027875 -1.1020816553 -30.5261959271 -15.3250797255 -12.8804852916 -3.82147944816 -5.83708534035 9.76403119505 -12.7783424535 -16.1627775091 -12.8758935696 12.7491171495 -6.83104204128 18.0959763882 -2.04369274397 -34.3141725655 -13.419488673 -14.4144871293 13.3969150797 -5.12925497573 -8.09671684223 -9.62984272402 -7.97979420297 -16.6815058992 16.9038162575 -4.89320144836
DOLL
18.0622795299 -0.932511037669 -27.1473374853 -17.4041573786 -18.5851369906 1.10330856692 -5.04461781466 7.39954117933 -15.063270195 -17.5775725921 -8.60901829666 17.8309453798 -7.30573598358 18.5326020188 3.68959087855 -28.2622884509 -29.8542552717 -14.6627661172 25.3751525044 -4.14753787733 -14.6965348224 -3.54548641757 -8.803311264 -13.3345897266 13.8771345445 -1.6355686299
DOUBT
18.9608243492 -3.99254330723 -28.6538941743 -10.7441959985 -23.0270137868 -6.10767303166 5.49716544145 5.80157437734 -22.7987670837 -12.3432397535 0.157470962615 5.11630806778 -8.38845590622 17.5487004058 3.59905610499 -27.4063704759 -19.34064885 -17.2529038033 6.11503588217 -7.89848535693 -5.41758800411 -0.914250567621 -4.49817351262 -22.0462218563 10.7603409996 -2.04198432676
DULL
17.0716121507 -3.33550862252 -8.03261458548 -21.2406696499 -20.7433860878 -19.8573045947 -15.5861946573 16.2291483692 1.36588237416 -15.3314648615 -11.633959508 10.3089155938 -12.3474843509 18.4598948251 0.327958710738 -19.0871248113 -34.5290215827 -17.7392835692 6.98728330008 -14.3947494508 4.72526931554 5.7048121947 -7.78455624846 -14.6503466573 -5.3824020053 3.92816481133
FADE
18.5045756398 -4.85564882623 -8.04692353885 -4.16255429684 -45.8066587175 -14.1833662503 6.97438393337 9.49102420388 -3.98776549009 -4.83730896542 -11.2048084311 0.192478955914 -2.61243432132 17.7640726963 -8.44600543788 13.1333166511 1.97710471031 -57.7329246124 -8.73934303077 -10.2880539992 -14.2894675136 2.31595021246 13.4412366129 -11.7616322485 14.8063117012 -19.965169583
FAIL
18.1268131045 -10.0485024676 -2.41113975278 0.827497813004 -51.4275367527 -15.0861908997 10.070443706 -5.07079707463 -9.63445268896 7.84109202607 -12.0949800395 0.205887378978 -4.2991431754 19.2322568879 -11.1779995928 -8.67373273639 -5.20537331834 -44.7238373714 -10.1570953681 13.3371058137 2.59520139215 -6.23717558882 3.47336555627 -11.4441892621 1.12727627331 -7.48590463509
FEED
19.9144705679 -23.0857924329 16.8663327787 4.29634370702 -46.1847712678 -5.34011068785 -13.5597502956 -20.203188266 0.397462781965 2.51094491549 -17.2026110475 3.01460678295 -18.8624534944 19.6308438807 -20.238696288 22.8657989899 6.52226642041 -44.8633530052 -0.0198890237769 -23.5526284688 -14.514122643 1.42208798823 1.87061983307 -9.13978356368 11.1755347627 -19.861568842
FELL
18.1765684983 -2.40031132448 -18.467148428 -12.0770120754 -27.7111744382 -10.4708180988 7.87042216504 18.0013338591 -13.8015879181 -14.4903918354 -1.62969558023 8.49312861086 -13.478940378 19.1265554418 -4.42551898204 -27.6054187262 -23.528511459 -21.6220722781 1.92345632146 0.865148966263 7.64234560513 -16.3830859073 -19.299792976 -7.03664074975 22.4786872291 -6.15901448474
FIRE
18.6674687166 -4.64689347176 -34.5064302689 -17.704679442 -13.955972247 12.4262771751 -3.26357944897 -8.10375930107 -8.99323613735 -5.69670764033 -16.8092132386 14.3622356559 -6.99406104184 18.5140480022 -4.69982748542 -25.6515994465 -2.95777297311 -35.1372184671 -6.86058023559 25.3630145433 0.0600316498633 -17.1966625127 -5.98199066119 -3.42230838121 -5.4547171155 2.98267326154
FOOL
16.9469359449 12.6181166384 4.49389260391 -39.4862518936 -22.9401390495 -12.9690197494 -5.52041624974 -18.7578063659 -9.59166474306 10.1072405677 -2.94213687197 10.9820319094 -26.0187721655 17.580262874 10.8427382272 6.52677444014 -42.5388129825 -23.6516741757 -4.25912393767 -1.12870309818 -14.7330210378 -2.65174061032 1.63025254539 7.84720094739 16.5850621368 -20.1354341104
FOUL
18.8728348976 -2.93175027159 -36.0832761113 -14.5187855873 -13.2816934889 5.06305520434 -1.0382555532 -3.35364409035 -13.7363005222 -8.05366043369 -15.2726740009 19.5652379344 -5.86335283988 18.3717362152 2.70757979178 -30.2530172163 -28.3471817811 -17.7924029668 22.6303370659 -2.56366969733 -14.3473710424 -7.2164262037 -2.21557755697 -15.9554255497 9.7533742447 -2.53983999057
FULL
17.4665355068 4.930775954 -9.98138763122 -33.9961097213 -19.6524041712 9.20639527025 -10.8267474346 -13.9387399384 11.3702110364 6.98964816701 -18.5094806089 -1.77385897225 -6.55862256096 18.129462984 0.550426572031 -11.957383488 -37.8476599604 -24.7577752903 16.7892596546 -9.88617537462 -13.0596170031 4.37591752045 3.47208610155 -13.2229871332 0.996977269029 -12.0662270809
GAP
18.9090640122 -8.9588730111 -13.5489771922 -5.61032475736 -43.4904812719 -2.33932570322 17.7939502059 -4.09402988463 -10.4798355775 -1.462620758 -8.5546210806 2.19167503517 3.73202511845 18.4327016477 -4.08479838143 -36.7601096209 -13.6714726452 -12.1255522633 3.86634989583 4.98882203076 -9.35263931198 -11.7369267281 -10.3936675506 -5.7537724551 21.6408971709 -9.87906305666
GUIDE
18.8402724484 0.980766014858 -39.5392864138 -9.79030738251 -12.0197435064 -1.04346645174 -7.32732175281 4.59546399417 -10.5658560825 -21.0450681697 -5.87821601549 19.7237021087 -9.75369484564 18.5490634067 -5.30873785913 -26.2856996917 -8.17527990125 -34.4030673311 -2.17252796758 9.69906990694 -0.597222853353 -10.5283322275 -5.33572619383 -5.3035274188 3.52062606751 -6.67387569642
HEAD
19.2013655247 -9.36109996991 -20.2666536629 -7.39842591769 -30.5577393012 -6.13149444713 17.6473043128 6.06092454004 -30.621858505 -10.2899057093 -0.253390119974 8.45460209969 -12.1372009554 19.4071606768 -8.99037068194 -17.9235886889 -9.42991056389 -34.5475901008 -6.65468917768 17.0942837381 8.14953545302 -18.6713126015 -5.73323442567 -5.64288216149 9.73011985332 -16.7325534954
HEAL
18.1572727997 -15.7166161769 20.2674672174 7.31408213191 -51.8095649286 -3.69143309113 -20.7493600737 -13.3262536577 -6.25374107614 9.49571103798 -16.5700141833 7.60715108323 -16.0392682729 18.696859356 -12.3454210249 6.75358779141 6.3978504008 -51.3598090899 -20.2900840144 -8.74234738132 -8.72444876225 -3.69079164779 20.1604512042 -4.84808211701 11.331651442 -14.2125920404
HILL
17.3600529685 -2.05196619944 -9.50290480025 -4.00432759911 -45.3752787399 -24.1723560697 -1.53122271268 4.35474117758 -11.7844130051 -1.01774824037 -13.1236273487 -0.00336103444286 -17.0398353395 18.5448616826 -3.58761487953 -14.4148587501 -8.22763531645 -34.2095338147 -21.1267575801 2.99191619572 26.0243130631 -9.80988255546 -12.3341920681 -9.69522585444 6.71572262678 -16.4331859935
HOME
17.2422218498 1.87500316362 -22.1143592033 -26.1715407362 -11.6552070681 22.2893659267 -13.7877464073 -7.09609643443 -20.480523146 1.3110588504 2.47123628509 -10.2981894011 2.65442453152 17.88416928 4.93857427397 -12.1435501983 -26.6220426224 -25.3805917175 4.79503103519 9.2157273845 -13.039898092 -16.7428466224 4.3381069653 -19.8820225499 7.20524947476 -4.11671621614
KEEP
18.1212208436 -21.7523458028 16.5111962145 -9.74216179516 -30.1037280654 1.98509617177 -25.2668199173 -9.27826218715 -6.42133357795 -9.78018914672 1.54509615156 -5.53757337278 1.19029556733 18.7897056623 -17.0631679637 23.5519122926 0.322681327447 -38.2364800142 2.35231216518 -27.267070768 -16.204639404 -9.60248278353 -4.45671851548 -19.9712027784 4.31019236715 -18.2710649814
LIT
19.3493985841 -9.46205655835 -10.0187911089 -8.26493156515 -46.3610244617 -17.693218382 11.9906777947 20.2084267748 -12.9607794428 -1.16472525567 -9.2595450342 -5.3633123948 -12.0743771443 19.0687317983 -8.13858014661 -8.41429197325 -5.84435885231 -44.1744268628 -14.0576194496 16.6108276531 11.9194552184 -2.04498949141 4.52851601342 -8.90920792939 -6.67693216033 -9.60255935917
LOUD
18.9400492346 -3.71205355745 -35.4872590168 -15.2795172699 -7.9920460912 9.60302658379 -8.29402985994 -1.21612495921 -16.5685000129 -12.9184099043 -7.71671428505 23.0753777429 -13.7394474557 17.5921494317 -0.877449210599 -26.4243061343 -25.0781160696 -17.5287264976 18.2233698466 -9.36752203793 -10.2769337341 6.89941766197 -9.26939747005 -19.0088049036 9.00704069535 -1.61490532639
LOVE
19.0032795337 -2.71215939271 -17.864599903 -32.6750069153 -16.6781011713 15.4612468271 -13.6874230284 12.7766919482 0.474062533951 -19.6896087462 -9.24705294608 8.30646501904 5.57851023931 16.3051674018 0.508632451247 -8.85318582348 -21.141080253 -18.7238797141 3.64798315836 -22.6482816221 -1.5909727835 4.70059327903 -7.62589423514 -14.3745419017 5.4808345378 -1.99476844258
LUCK
19.2870263992 -4.43930374314 -17.4834645778 -33.1483371785 -13.6092702246 20.2274233612 -11.4461279897 0.688678671671 3.72386527614 -7.64526625735 -13.8923661566 4.59009759479 -1.88292309126 16.8464420168 -3.77007463963 -20.939907107 -20.6221841026 -20.3029293872 6.53939686987 -15.5594678463 2.54781486846 -2.51607481899 -17.2643963202 -11.2558465074 12.2943465542 -5.56186313871
LULL
18.4487009658 4.16296244448 -7.15491474613 -40.8641434184 -21.0606997184 19.5085801999 -13.7796883235 5.94583381309 -2.69020247739 0.422253854544 3.04238276707 -12.0395394849 -5.74700454866 18.4690563264 1.91606798575 -8.61271428427 -51.3017023377 -28.6661246 22.3096139631 -15.6129733353 5.18925027471 -5.91767270731 5.13822019064 -4.25428841317 -15.8939896015 -9.97420350102
LUNG
18.8379295109 3.47832844664 -20.1693022446 -36.1095315676 -11.1851997149 24.7512436772 -32.7343856019 5.40153618225 -17.9545963212 -0.267574936964 -4.94890633653 -10.2018784671 7.67927360639 19.0242326826 -4.89537108695 -28.1918451018 -34.5732307342 -13.3764478849 17.4469736355 -35.7726812459 6.81583266955 -16.7106343432 -10.7626320166 -9.32277671144 -2.58442151399 7.75354574681
MAIN
19.3236326599 -12.4291859529 -4.10140706088 -1.67128625726 -52.9523896257 3.48653857324 0.597294020053 -15.9155304366 -19.1232844659 4.01241839716 -10.0480057283 -0.251508109656 -11.1297063648 18.6001377602 -11.6350208562 8.19790678067 -4.7139769325 -55.5627934962 9.58395883728 -2.36593693377 -25.7504449441 0.0430946782028 -1.55386343287 -17.6557770582 3.85322876027 -23.4677802741
MATH
19.4496794912 -13.3430347513 -17.478502977 -1.90057029697 -36.7740359457 1.30335430561 11.6290064747 -13.3179063176 -24.7370109261 -3.27899841869 -0.162072602675 3.74672714318 0.0930846004242 18.3715628022 -4.7083089054 -32.2372892909 -7.72750271473 -12.9773684124 -0.942439300021 1.43095439236 -8.54057202135 -15.859231439 -11.1782690587 -4.68178123035 17.2473478238 -20.5232049084
MEAL
18.3557518766 -10.4279225296 17.8789422823 -2.82245897171 -50.8592217712 9.61970063047 -27.2305147816 -23.7494154895 3.90059770582 5.54448828129 -15.5942669192 6.36783614223 -14.1263178077 18.8089910581 -12.3336758815 5.96354133606 -2.58355190762 -52.4861905174 -7.36425426679 -6.36395406864 -15.360671885 -9.61836890124 1.24161854236 -10.9440330657 7.33498359254 -11.0905629212
MILE
18.7904511241 -3.21754645361 -34.7274201555 -12.2189695206 -3.15765642655 15.8514346766 -28.9818793113 -2.70108308836 -15.128544244 -11.7749246037 1.65032664827 1.70648752144 -2.48933076882 19.1780107378 -8.31550149037 -31.6548482784 -4.85890953057 -17.7700082558 -0.988548311708 -4.53664245958 1.61323022476 -32.3365742995 -12.1109046434 5.20480386237 6.04622036756 -11.164870035
MILL
18.5458797611 -10.6696603163 -12.2519817008 -4.78051983979 -38.1566304365 -19.1296923399 -0.898433892085 1.62821841052 -34.7783797606 -6.65307116137 2.95894977027 -0.316131768473 -9.71470489342 19.3027448185 -9.37390102023 -14.6244638898 -9.75007849929 -25.022284599 -5.63375748009 -1.18601563207 11.8298276543 -29.7758414602 -13.0234781796 5.31614101095 13.2232310843 -13.489310561
MOB
18.4244427658 0.323752174029 -28.7171157045 -21.1761718471 -6.50713048656 8.26991255432 -24.9724467404 -4.87245730465 -16.0366628409 -19.5696906965 4.86626082349 -3.24559005094 12.1844083876 18.6855186262 2.75082538785 -28.4867542706 -20.5918524245 -11.0919763537 19.0995883647 -19.7781324945 -11.9001394506 -7.36402462464 -15.2266953253 -0.319364877737 -0.0263985780264 5.77338527258
PAL
15.8201230556 -11.7433519529 -18.3156151737 -7.55140005762 -22.093001159 -4.17851410103 9.26241130387 1.43785973063 -21.7096195078 -9.61047411335 -1.77159131555 0.307927299971 -9.62777928735 18.6568200152 0.939292796805 -33.7327523079 -10.5191248812 -21.5028591533 8.58813458148 9.30677050907 -8.2983919965 -10.366118765 -14.2616338229 -9.13587355797 16.3716635046 -4.30217206389
PEN
17.8772699702 -9.24085083276 -21.3461998641 -2.63144847912 -26.9289338655 -9.54893335759 18.4277704105 -3.8687434546 -10.9081671132 -11.7023633937 0.788114921893 0.726208886897 -9.20611335917 16.5556234955 -4.7257226944 -11.2669377231 3.90755442878 -20.2716193818 -26.8767257286 9.77911060686 -8.84148942834 -20.8698198514 -3.77164499959 -10.0485915935 11.0203139728 -24.5256200703
PIN
17.7146594757 -6.81353508041 -5.95349211285 -0.934470346017 -43.0697132191 -13.7930588644 10.4508945561 -5.16987621588 -5.22458582661 4.76254955228 -8.73263299211 -2.91853254374 -11.1036236623 16.2100340104 -1.07247128171 -3.33425274129 4.40020675485 -30.649952092 -26.184747009 9.57105603003 -11.6323610024 -14.8883058545 0.423489589179 -12.9113826482 0.0356435453204 -24.6146706328
POKE
17.3739712245 -1.52794985788 -18.1956563944 -27.9763631804 -13.9059304893 14.0995601694 -10.1289688621 -4.20004504978 1.43036892502 -4.15253451239 -15.5429756135 -3.71798585926 -0.294489087895 16.4036030978 7.95706675782 -1.01367487915 -35.5212840633 -27.3647435825 8.63575822763 -7.36608046379 -11.425245804 -14.5720125369 7.45238614207 0.317914721242 15.627260275 -16.7096655019
POOL
17.7689188847 6.9479432366 8.55403603504 -34.9946835203 -21.9617737359 -17.2401080513 -16.5719929617 -12.7173836315 10.3500063322 18.1219170228 -1.50049329049 5.88749627443 -27.2761647362 17.958518244 4.34483881549 4.83236695187 -42.2240907586 -18.6117475679 -0.171436645494 -12.8143632167 -12.5879263186 3.93037812591 16.7920088063 7.67265929663 8.82054609075 -27.1282722067
PULL
14.3256877051 -13.6823864791 -17.1724501507 -25.024873607 -6.74779533565 10.6549044773 -12.6123676328 5.890652529 -9.35374719055 0.403956212236 -16.9706494368 10.3787480305 -8.03744095588 17.0454268792 3.03424556661 -15.6086676243 -36.5562217299 -17.8885959752 17.8378459751 -16.5278627836 -8.40747762155 -5.67267868473 -5.24136684747 -9.04033752197 -3.12485658745 -16.2150003075
RICE
19.2368733798 -2.779628069 -30.2145437775 -10.0105413449 -26.1227377414 -4.72989268165 13.7464181037 5.72105438051 -24.0531481843 -9.51899849965 -8.20987312503 7.97693067051 3.25406673649 17.3530086218 -5.15536049362 5.35853871036 3.51704264674 -54.9170681338 -12.5587683458 -4.00628691816 -12.3527381105 -6.29194613119 13.3050198347 -9.69830550233 1.44708313909 -8.1808859559
RIP
19.042010242 -8.64524431223 -17.994411661 -5.11418919942 -34.1016077815 -21.4143279882 19.308722544 15.0838286706 -17.1765486165 1.50176190711 -14.6169678991 -1.9219262697 -6.3520796249 18.6104069992 -6.66282471472 -16.0634225659 -11.2445816983 -28.6451441089 -12.3696106955 18.0343120914 13.8811361091 -3.86969929959 -4.32581482149 -24.7842306185 12.4760811977 -17.5004229137
SAIL
17.6112761889 -4.88712869941 -9.62054216225 -4.76489551883 -41.1377645084 -25.2014182426 9.72976941031 5.08318826486 -19.4114722619 -0.541018268838 -10.1147916752 -2.43914454314 -9.17164743741 18.7248813061 -5.32943694671 -8.46895108552 -1.39137750309 -49.9936222381 -14.9583854291 18.2489602471 0.31823948116 -18.1914209007 8.58668739348 -13.2420392579 -0.142655067317 -2.1260192407
SELL
18.0416404794 -3.64674655586 -23.0700150442 -13.4835419325 -22.4263861566 -17.7431311918 0.747210960363 23.3740588109 -8.62822405118 -18.2332559893 -5.37541648052 18.8260168079 -16.0981628977 19.154274747 -3.90887683638 -28.0036326956 -22.8730965789 -17.2290563166 1.30062046646 9.11065327794 12.5934230905 -12.3269523914 -21.9539807134 -14.0850006326 31.0837639256 -4.34164215883
SOUR
18.6349126236 -0.437076169184 -33.6397898529 -16.0129849783 -16.4671365554 0.146365265651 1.15314891392 -0.968996920767 -18.7678830469 -12.1434028125 -9.23240240463 16.458686516 -7.03777285353 18.1790035041 5.79859449016 -29.37652538 -24.6191565277 -21.4328772504 19.5079696308 0.433087244427 -12.9610395293 -0.54371088099 -2.67599381522 -16.4138112427 -4.80189633687 10.2195386228
SOUTH
19.3064286103 -6.0735676604 -31.6560132275 -15.1912138162 -11.6456308806 -1.24023061228 5.12710331067 0.267416072634 -9.43748113762 -14.6441207089 -9.20157644739 23.3036332434 -12.3035785993 16.6430058568 4.77102653834 -17.9342507249 -27.7649797552 -16.8306062374 17.3298417023 -17.2487668369 -5.16177493836 -0.98433270013 -8.333518681 -12.8716653771 -2.22826789324 -3.51484203321
TAPE
18.9549948529 -9.06026655452 -3.28817160565 -1.50742801296 -50.3948683159 -15.599167872 1.44862631455 -1.01111133487 -9.78262889891 9.84623336454 -11.9881778177 -1.36286858043 -4.28107571847 18.4785597954 -14.6361595689 12.6847602868 1.0769649969 -53.3417578062 -9.01729713622 -7.15579967951 -23.7410521992 10.549815719 7.14971394799 -15.2320368908 13.9162268721 -23.8543220501
TOOL
16.9890918713 6.81206248209 4.20133466741 -28.6815303779 -13.2866399394 -13.9338604093 -27.6838171152 -11.7001881319 1.56194107311 14.3124433711 -3.99137924618 -0.903555978498 -18.7612042359 17.4927904842 11.5815844238 7.92818329781 -39.7299351883 -27.6075704388 -1.7960286389 -12.584161917 -6.27753635806 -17.8209702733 11.1377023642 5.60179224536 21.3054435998 -20.1386995984
TOWN
18.9188315073 -0.32088763762 -29.1441494596 -14.2617814564 -5.66247629236 -24.6738106528 10.5925711454 2.49934031728 -39.9733826165 1.429499112 -13.188168339 13.768685574 -14.6895844313 17.2109328728 5.59352235656 -28.3550168888 -24.0995356162 0.576830389875 -8.45544432062 3.30342869622 -16.2967959881 -28.8618323945 15.8534668376 -27.5200166664 11.7112187918 2.3934981085
TUBE
17.6833969061 -1.44288092434 4.05794839081 -6.49141262748 -27.2362142965 -32.8465222597 -9.86345452277 -1.90269361275 8.31163896223 11.9204360672 -7.56272046667 22.0218596447 -20.579445863 16.4685407722 5.05582118731 6.23088921664 -25.0874734175 -21.6967885427 -13.5948842215 -12.9187339151 -24.1697777216 8.88548178227 17.3189602234 -15.3454744329 5.2152489871 -22.6992665053
VOICE
17.3441236967 11.7482405847 -5.65832817599 -34.3421893693 -26.5793724827 5.7604764549 -9.93554072068 -17.2385942763 -0.70881329174 -5.1782112279 7.04559253866 0.0154384179108 -6.10413850716 18.4860245464 -10.0309741223 -3.21715050933 2.05672133044 -45.6597114654 -17.0015265869 -2.8660126366 -6.54539413346 -5.65467952301 7.37685093501 -12.2372552608 4.38186164599 -10.4053856466
VOID
17.3722721505 12.038932693 -8.2149050015 -39.5153909861 -27.7673362142 11.939219319 -6.44421818116 -14.4860163597 -5.28995920424 -4.20343286389 6.06126123042 -0.403639557731 -12.4909165859 18.5935754572 -6.2144195473 -9.08130349301 -3.84575981519 -44.598646587 -11.2143144839 9.12651505629 -4.69839322387 -4.70919459905 4.17326545217 -18.9968340272 6.76464917274 -6.9709683428
WALK
18.9041606231 -0.47808167275 -19.5502661988 -35.6034099641 -18.1331587851 31.1551149389 -4.23677329995 -10.3368283764 -2.43410151647 -6.07662976396 -8.51795222241 -2.38220049587 -1.23165014323 16.9979053727 -0.841629582425 -26.076758166 -24.2761894685 -14.223920959 22.6324799514 -12.8104910325 -15.5951214262 0.332829825588 -9.22050360643 -18.3715294962 5.24186374764 -0.836167303977
WALL
18.5372043868 -0.981764776906 -16.2023369883 -38.1754233663 -24.9649945934 32.1809256051 -9.12874803735 -7.27585818391 -3.82063439882 0.916504084909 -11.215678256 0.819883237066 -6.3259211858 18.327526649 2.68028026119 -19.0668847203 -38.9966014487 -19.7857960475 31.7426617632 -2.19431606845 -17.5898404542 0.790506668539 -9.30262725017 -5.19680607181 -2.26916240477 -1.4065068816
WET
19.4936530941 -3.6727400739 -27.7348959831 -16.3656191712 -15.7239006357 2.61491621314 2.94711605175 8.06666682293 -9.6604535372 -22.3971190209 -5.63632314968 26.7309276179 -2.46946674901 18.571224883 -6.00625489872 -23.7224263777 -17.5498993909 -35.6226618353 -16.9294370014 12.0206923118 0.883976608286 -18.4951613733 -17.2593953467 -2.28142539457 9.99887133258 -13.173334801
WOOL
17.9675722598 6.33892286645 4.98505295528 -43.3548627136 -25.2371049564 22.5326137895 -15.8409793994 4.46246142102 -17.4138301533 13.6890610928 2.87226142277 13.8626099831 -19.6938530211 18.0973661516 2.65298860936 -2.53105338474 -47.8149066139 -33.1815685652 16.278898628 -23.0506499703 1.5884881491 -22.7046954964 11.6580987687 -0.379054668264 7.75479811522 -20.6244885309
WRONG
18.223971162 5.59709204018 -28.8047241054 -24.5179170755 -6.14087476228 21.5721774739 -11.9041490773 -19.5711960152 -15.5532745249 2.81958868512 12.4645397812 -17.6402635497 4.09623048514 19.0624432823 -0.745197459405 -32.222828209 -19.9142210658 -6.79317004995 34.390582793 -29.5355877009 -11.5220151186 -5.06649587542 -5.89163465914 2.53929917595 -7.4671214198 7.14532929344
