HAD
17.9758115571 -9.88912526735 -19.1597702337 -4.04187708707 -26.7137588705 -13.9585395326 16.729525833 14.0544348471 -23.5060544915 -2.38256215217 -14.9323579808 3.95236214527 -5.34511148639 18.1883153994 -6.22475627824 -21.9495325592 -1.49732801304 -15.9746894647 -7.08523188419 7.26216871765 0.964402466639 -12.8299538944 -15.5112270445 -21.435175795 9.62829524016 -13.4906581938
HAYED
17.8918307928 -6.96175741878 7.39829296843 7.23139881499 -48.8895695953 -13.2287116836 -6.66988686916 -7.54515768008 -17.681867532 11.3947815692 -14.8604028763 8.56635505159 -6.35233698466 16.4435858035 -6.59914062299 18.6756816268 27.6217355999 -47.8252967474 -4.26444980955 -25.7005252399 -17.7841443197 -21.8424949097 3.54923398604 -6.38067728138 -2.45510594266 10.1632127622
HEAD
18.5318324418 2.81081074868 -15.3729961726 2.00895780897 -43.3945648757 -23.0458661866 -1.09130023896 18.1351621168 -4.7314438226 -13.6724904205 -9.69043465159 -2.60265983133 -20.2369444812 17.0928330636 -3.98335959453 -12.541606013 -1.63845086604 -32.397128586 -13.7223461403 -7.54373986198 17.2975382307 0.344359030755 -18.9589154628 -16.201443793 6.43224701667 -22.1920709716
HEED
17.0782226934 -4.39575759694 24.5861218014 18.7829224736 -32.4663698215 2.76086485904 -24.7377417996 -12.5419820777 -28.9317460491 -15.3453450126 -6.62893228955 -21.1888779609 4.51053396429 15.3685616601 -6.20347887288 25.6551792104 21.1444103593 -28.858355162 1.44712189072 -28.1103260556 -9.14013579645 -31.3796405756 -6.70524928723 -7.18275048981 -18.3660801023 4.05633692137
HID
17.4594525324 -3.54724797727 6.53709339591 8.12257850582 -43.3375301551 -18.2972357796 -13.7054999848 -9.45942921812 -8.738550536 1.75936277688 -3.62899656454 6.7431105104 -2.61861577715 17.0883664141 3.01824987498 4.71568232993 -5.19479054346 -35.7019941355 -27.6124089893 -13.594921416 0.662978041516 5.00445770112 -1.71890398535 -10.8331330568 7.69346871612 -19.735988946
HOD
13.1183231211 -8.46340830172 -5.04020687241 -24.5922570724 -17.2583894785 6.47486262946 -9.36652104092 -4.66738390174 -16.7181443967 11.0066138902 7.74886767615 8.44744147582 -2.85306934308 17.6416300592 13.5489495794 -6.65884032281 -16.4805909209 -31.2606204508 -8.00067775211 -20.0048424509 -16.7339135001 -7.61205233278 17.7089566844 5.82006306292 0.269262828405 6.91291710994
HOED
16.326248875 1.62032004632 -9.6148909541 -24.3233958848 -35.0674232041 12.6872217881 -2.98806704173 -3.09316436842 -9.9966885187 0.176741915802 -4.97156979115 4.0376458422 -1.03651177227 15.4268165136 16.7777285494 12.8961744188 -11.4845296318 -29.2542823507 -17.0472704099 -13.4377648322 -10.9232665378 -14.7706133015 -9.78261893893 -9.39586875619 -0.975272145754 10.1342480166
HOOD
17.711779577 20.2013093611 0.304053488946 -20.460246548 -40.7521223026 -3.80225097746 -6.62040885518 -21.3061302652 -9.17455813026 2.09290266872 9.18499630161 15.1903886604 2.71672899762 16.8971286708 7.69443412387 -11.7368093341 -10.933111918 -31.8361506179 -13.3732776693 -29.4782883872 -1.77054472093 16.4935422606 13.7446814382 -7.49361693522 -5.65135040873 1.58185073197
HUD
13.8945397862 -18.3759408314 -16.6348940472 -14.6713677133 -7.45980668695 17.0293238074 -14.1319928979 5.33933101573 9.90385949052 -0.406302593595 -6.95474784199 -11.8934046428 5.72290523079 17.6947333809 4.30710770754 -18.0559723853 -17.6589244441 -29.1853721243 0.682939901366 -9.7241941933 -2.6669645557 13.5427142456 0.993395711941 -24.7978438301 -7.45428208836 2.6132308838
WHO'D
16.9505326809 22.1316707982 9.84476112762 -12.7209801795 -21.8095442792 -4.60293910767 -8.03345662735 -14.5370338016 -32.1933063419 -23.0103633566 -9.32148311475 -0.728319265739 13.9892063764 15.2571805611 14.634647661 13.7508572072 0.718698843094 -13.1740850519 -3.77511320165 -20.1253936944 -21.9338788914 -22.833242256 -14.1358498009 -5.75693655029 -11.7568764468 3.59010819863
