HAD
19.7053628807 -4.97732052741 -46.0956491546 -5.26519032275 -10.0878156271 4.99882025549 -7.63043718343 -2.01130116976 -24.6566037383 -16.0588115269 12.4671494989 -6.86445486801 -9.47512144944 17.677855014 3.05857692878 -27.2397545325 -15.8213814447 -15.3758947626 7.29499830654 -5.29905341832 6.58742899127 -22.0639640798 -23.4659702989 12.7135449183 -3.70831224036 -8.62129929222
HAYED
18.3833290197 -3.06870005083 2.89604999805 -20.7601625873 -56.5079227178 9.37744914396 -11.6278812912 -4.68633672651 -7.11775506729 -15.1700055702 -4.90048249652 -3.88674439443 -13.1321733121 17.3985857382 0.560715584796 8.07257093558 -14.7876630357 -58.4292857716 9.64039085639 -22.9653855863 -9.30240276685 -5.97129084374 -6.14346598066 -13.4283469105 0.830826617876 -8.35944113162
HEAD
19.1745403065 -3.35943785284 -21.7898484299 -14.5319546966 -27.2624455749 -3.72746298221 12.3588023508 9.24616280706 -35.3301482181 -8.47078756367 -8.09932386926 -6.40615424551 2.80070466007 18.1408032301 -1.27564807341 -13.1787838791 -19.9928596422 -33.6550390035 -10.2266240811 -3.17843399487 18.6439672631 -32.5481301591 -0.0694986948037 -6.51772476279 -14.253890284 -1.74382220967
HEED
18.6433664639 -11.0068015669 35.6452537644 -12.1490806848 -29.8660609986 2.57916217942 -38.9369671572 -1.56196076007 -8.39406292207 -11.7067076011 -14.2189144601 -5.0489221641 -19.1187040792 17.6670716813 -6.13080178932 35.5140327138 -7.50187864502 -37.0436605008 -3.57563436879 -43.8297263091 -1.47662259366 -13.7879157523 0.991568940976 -19.8682340378 10.7681070968 -23.9689335426
HID
16.5890208266 -20.8042011349 -1.87021820085 -5.68513567266 -40.6129437605 -0.730778486342 -2.83544253172 -1.6706222327 -16.6494894948 1.17794014998 -15.722081317 1.03507971011 -1.37752187107 18.5025806878 -6.53253468136 -1.69776336112 -8.00071622421 -41.3299117475 -6.16797580662 -12.9973659169 7.20590168019 -18.7729396806 11.1305465867 -9.89257117089 -6.53079032991 -5.66845484378
HOD
19.3968187787 4.11602408674 -30.9384527708 -24.0917292181 6.26157456093 27.2050409365 -12.534312985 -7.71633710984 2.22647067046 -5.34424543017 -2.26718043689 2.44229400588 -8.06249595493 18.2793253772 2.68953853606 -35.1697074958 -22.0113828832 -9.98515629211 7.47051110321 -19.9451158278 8.5558208698 -20.8280075724 -18.5600953854 -1.2618112296 10.5688845559 -21.1986312043
HOED
18.1862309803 11.4547141136 -13.4430707867 -35.3158490302 -16.7667335959 7.57111898678 -38.0732920015 -6.49821756182 9.91363309754 -8.16800398815 -3.65871747039 -16.0733188173 -14.4633111912 17.0353048312 10.4396961158 -8.47326013198 -10.6486810236 -19.124569947 -8.43476747937 -38.6648045257 -1.97103674489 6.4566666015 -0.983237021627 -5.05264971049 -0.44137981414 -8.61774054988
HOOD
18.2455497376 6.50351452369 -18.8516552144 -13.6956308564 -17.5743269127 -5.55700464208 -18.6481107345 30.8375636099 3.5273794455 -21.7217767871 9.80596276553 -4.03830508494 -18.134289809 16.8034386243 2.73182597723 -6.95925530983 -16.431443577 -41.0893435077 -10.1687094826 -12.1669674449 14.7009752769 -7.37889781125 -4.55471984959 2.14025372109 -10.9948982966 -17.5308945385
HUD
19.5566879259 1.27213230596 -31.293120079 -28.7383078342 -5.24911404953 -4.08631367236 -20.7680304953 15.3280940428 -22.2104886271 -37.1414329265 -1.94007428091 13.1937478306 -18.5719183468 17.7804048524 4.90453436334 -15.8257864431 -22.7998585879 -31.5636261978 -8.66418513657 -15.2450973243 13.1970625232 -20.8141944592 -24.9321031289 0.933983418141 0.038754972545 -20.0439142834
WHO'D
17.9562424377 -2.98592098305 3.92429044738 -1.79467072614 -25.0059983969 -23.1206425197 -37.0903181618 9.26382811048 -7.48291390581 -10.9910151654 9.69425554336 14.2032903678 -25.6636926743 17.0157455276 1.24973433225 9.78222388988 4.96731610192 -40.7748302591 -21.8313487788 -23.6345337357 -4.82586577635 -7.11981421829 -0.965344107871 1.97942675333 11.5389115456 -16.2622436794
