HAD
16.2640751196 -13.8813050831 -23.517957596 -4.13165925092 -18.5714188164 -3.60766047012 -2.93997182296 16.7913243438 -13.1264192034 -11.4665976673 -14.2140910778 14.3326865524 -3.35092581843 17.9414558682 -1.61070738268 -23.7814391335 -16.7402446049 -20.4187491801 6.83836491051 -9.37618851871 6.70437770443 -1.2497897694 -12.7795929124 -30.2967851663 8.51449246589 6.11901853963
HAYED
19.6256320929 -8.38214277117 -14.5094274696 16.9222177445 -50.2749664608 -13.5756980266 -31.8650214929 15.9132648429 -9.58663188772 -7.14368377045 -1.50802640079 16.9325652018 -12.3349807229 18.4319834649 -4.73372560241 -5.74028788062 12.2871333294 -47.299161955 -20.9455994822 -31.2237495636 5.36177424225 -13.0954140666 -4.16549195582 5.1994500252 17.2052994423 -9.67908131195
HEAD
17.1324841397 -15.5516745333 -18.3563527878 2.43602845767 -29.2398853084 -5.72593883523 -13.0811964399 23.9333691071 -7.69439038307 -14.5123154186 -10.804618736 15.6053748718 -5.36576009496 18.8958819868 -5.35465571546 -14.715653273 -0.599544725641 -35.9260298859 -14.3615460319 -29.0689253954 19.7260314861 8.63448484529 -7.97923825501 -9.99883657739 9.09741632433 -7.11051133364
HEED
18.2727850326 -7.9273071906 8.68128096144 28.2132042062 -29.8006607619 -19.5969821685 -30.031612725 -12.564533115 -17.3769556189 -29.8359720774 11.3181633236 8.5801874734 -15.6116999122 17.2420844215 -1.96544783443 7.0633922843 30.6576931685 -41.6152232963 -10.7646856859 -28.874005156 -19.1815511568 -14.5107032801 -26.7807862626 8.78904407994 3.10571139526 -5.55523279693
HID
19.7811423854 -7.63879365617 -14.8243225141 20.102857978 -46.3450026347 -13.4825157913 -40.5867158302 14.9345359102 -3.10850359733 -10.792834195 0.94725653869 17.9876737596 -9.12331444276 19.0559989193 -4.04486742073 -14.6446338942 15.8420632558 -46.6796230451 -15.5793227533 -41.8968033719 15.3749282466 1.53141998258 -7.21245091256 -1.4648782451 20.2415337227 -3.5331454642
HOD
15.8040844194 -9.04142652553 -22.4227875004 -36.6383452277 -10.5610102654 32.9802522702 -0.342596663317 -8.12241422806 -14.6000734729 8.6066144795 -1.98019499877 -0.48310992654 4.00789296256 18.4796236071 0.432214808915 -25.1508302713 -21.0021506074 -24.487484378 10.5196672935 -0.252352240399 -1.17034731347 1.98806016013 15.1421609357 -28.2190628931 -8.80705831434 9.46774758625
HOED
16.3894452929 -3.11799092875 -17.739841961 -14.7259541767 -40.3217177159 29.0195638637 -4.68160470204 -16.5608047835 -14.4850904275 11.5433933482 1.56845571519 5.48453817983 -2.38769716502 15.7891705978 6.66200545451 -8.65463766032 -5.32114102843 -41.9895011017 4.23455719825 -10.0129545967 -24.6570870638 -14.0168226868 7.84552589093 10.2542417715 14.0591489056 0.255211556591
HOOD
18.81663384 2.32159212827 -25.4944391159 -2.86705501072 -45.2598035039 18.2018224169 -28.8375378714 -19.9125043543 0.602412158619 19.3586732302 -10.1419636219 -6.66636745201 -4.59066936684 18.293532691 5.64879597949 -21.0525743802 4.82479803639 -36.5790262479 -4.39619125064 -37.5183167307 -10.3161401559 20.1985276557 5.81126309312 -6.91666363813 -1.38248861218 7.13091539617
HUD
13.7906447383 -13.4113756466 -16.3365974782 -20.939456511 -20.7435797062 27.5434139909 -6.90094494727 -3.34433037908 -2.56140598659 4.85704943914 -7.40244268456 3.69761393991 -2.55595480718 18.679388603 -0.660419242717 -24.8184139848 -7.01063571997 -34.7696838981 10.9587162959 -22.8013147663 0.343053585822 15.7223043095 3.55245299561 -18.3496024108 -10.1917397825 5.09142608159
WHO'D
17.938971837 14.4804076492 -17.2903259365 9.39354317818 -33.7496601294 -5.13547797903 -6.78945666791 -46.6561022877 -14.6011136288 5.80888295713 14.5570886892 3.29658833193 -5.12439397658 15.7621107547 10.2273853132 -10.8865826757 11.9952827205 -21.2972298169 -7.08818728667 -30.7964982496 -28.0132249282 -12.4902588603 3.65288359885 5.6990536666 -4.96796286237 1.25426685061
