HAD
17.1118647965 -10.1471918691 -24.0000434759 2.83642968447 -36.2550319184 -14.9781451793 9.41494581187 10.5991944119 -14.1666149478 -7.8589173541 -9.47338170763 -1.33730230654 -3.96575249675 18.7563027716 -4.37520049783 -19.457483182 2.73269221189 -42.4789786986 -17.3226371743 4.44009583594 21.4542285461 -9.2821337739 -3.24861387178 -13.8768687976 -3.91896193317 -12.5526812959
HAYED
17.0630972479 -14.1089110354 -4.57453472757 12.3155099099 -46.1355868546 -10.7435927629 -5.78649993299 -4.19685820467 -13.0124707307 5.94593513897 -6.58102500467 -2.19763081705 -4.76669378356 17.7048726052 -9.23635051129 20.9773553043 16.659429993 -46.5597068058 -1.92948611804 -27.1639816168 -21.5907406874 -19.9342354594 3.51844338226 -18.9575177167 11.501246265 -1.17022733154
HEAD
17.427756644 -9.78992861001 -5.30419940917 10.4611260686 -46.0119535934 -22.9114931379 -0.443394093812 3.74036740212 -4.65899651772 3.54986799816 4.28551706475 -3.23503061979 -12.3700593219 19.1486262116 -5.55650005158 -8.26323297288 4.16381797191 -44.9505557674 -18.2055186931 -19.1074481879 17.8702162295 -9.33061464451 8.35362786082 -3.1496057118 4.80224542717 -24.1012001322
HEED
17.7340303728 -9.15432925032 30.2992549521 17.4379641887 -35.7296088072 6.83420085421 -32.4413128538 -18.6245047353 -30.9985834138 1.69070813314 -18.6076366618 5.66877018434 7.44880243547 16.5811749919 -8.95198056721 27.6469336728 23.2070885456 -27.9312836877 8.17713473351 -24.1161313889 -17.4350373089 -27.9673265895 -5.99562910676 -23.0323174223 -6.47942806435 2.36474239663
HID
15.8768221168 -16.6138197068 11.1239766699 7.46450714859 -39.2954231854 -2.93775922572 -14.0087289182 -12.6147698315 -17.0566011271 0.0300112467964 -5.05883531411 7.77975690756 -0.190241917011 17.5517217895 -4.35514789691 6.5171192251 13.6831548637 -36.8862760166 -22.7963866567 -23.3314723693 -1.90156094571 -22.0046651843 5.15330576191 4.34516413312 6.57491564201 -11.0067209183
HOD
16.4380930459 -8.46738083982 -29.3726160717 -18.3229333497 -13.8742708647 27.3820767324 -12.9711654908 -5.41978154117 2.97780432605 1.26061960066 -10.0183115779 -9.66029841563 -1.49905575195 17.4464345529 3.87615176646 -22.4691817806 -17.3909768702 -25.8670040868 9.35824475359 -9.29387107864 -3.36204039136 2.06441250266 -5.47954960504 -21.5801449397 -7.65625904385 4.21336327698
HOED
17.7463697841 9.76483163012 -11.9806012929 -8.70761561291 -19.7768037392 -6.25157467048 -33.1834492496 -20.9878028686 3.15017327849 20.1857364507 -10.4918858936 -6.80509053946 9.23635206614 16.4049841428 9.88903033912 -3.04830980759 4.70430526879 -14.5581540052 -6.98077289051 -36.4551800859 -33.9715948718 -8.57597168134 21.1310347662 -7.97155723766 -3.84014465055 12.3443134321
HOOD
15.921950575 0.757954625782 -5.73341548729 -9.47037286159 -15.2586930019 -6.80308131976 -36.3553227689 -18.9735686788 11.6288022355 12.8845990989 -17.873389477 10.7434645079 13.5676524914 17.0592590336 -0.423276883876 -3.55295917515 9.86127393467 -25.2146905429 -17.8904635524 -40.1423173229 -6.66317233344 -1.3885665517 -3.4110890058 -12.0812549206 18.9109206794 0.483562855476
HUD
17.0146032947 -2.78923487508 -20.5701638885 -12.7090888155 -20.611979188 3.91916560031 -18.6290835073 0.616700103662 20.2397110774 -15.3692175879 -18.1416825505 1.67091381861 6.65208901458 18.2710874181 -1.32976637752 -12.120695706 -7.96538437162 -27.1446751265 -12.2727289936 -25.5386117102 12.1134876419 14.7914601802 -5.62055587445 -14.2233235861 9.96595902003 -5.89026912045
WHO'D
16.942848116 7.44825654942 -1.6912948085 13.9639690062 -2.97714804118 -23.6947008245 -41.977730269 -5.36515927023 -26.4552221669 -0.529755119178 -8.08244915129 -7.96575907354 19.459850885 16.0837325996 6.71275293703 8.22631295877 13.3404339812 -5.84818151111 -10.2466330074 -37.1092596598 -10.0717611593 -24.9721119949 -2.52827975486 -16.26764698 -16.2164969964 18.2597202637
