BEAN
17.8629625362 -4.89040409628 10.2671782366 16.8565258713 -47.9597694863 -6.24179991045 -15.0868862153 -18.8878143774 -16.8667708574 3.79711935709 -8.49281578041 -8.04267534985 -1.65050359696 17.1321287885 1.03412804585 2.43760232571 6.24760541417 -40.6842524858 -5.02318381701 -9.97747043366 -23.1914940175 -12.2891490261 1.26343791582 -15.0957844489 -8.26640340732 -6.21662635902
BITE
18.2684494354 2.4762099893 -22.4647700279 -20.2193496127 -21.0282913309 -0.307509246747 -19.1858511152 -0.0561937613434 9.00802108497 2.84777471491 -26.0302357552 -4.7014253793 -2.12914503367 18.7754929095 0.989021057392 -14.1020678398 6.08890234329 -30.0717939893 -30.7486152603 -17.4157939783 13.7492502793 -6.34186284814 2.51501432408 -5.44842890756 15.6602088217 -12.1695636116
BOAT
18.5256945637 12.9566793775 -17.9975864477 -12.2857140026 -49.1829010876 15.214562299 -13.2568904306 -16.9544237846 2.95853126565 33.2870299963 2.76971264266 -22.3412010727 -9.04442084756 13.7208755383 5.86879930165 -2.75714352777 -4.81580276792 -21.871891511 0.787328431475 -17.4927374174 -18.5636369701 -9.75458105047 16.6500969376 7.3014624466 -11.7426205999 -7.56415659194
BOIL
17.6551152587 21.1780661455 -3.51119165309 -26.674736388 -41.2870043387 -10.1585250559 3.75642734528 -7.95553488181 -11.6087454503 -0.231903697619 -4.43931424845 14.8747563702 2.17338313995 18.204108519 13.9747012616 -24.9038273482 -12.3723863632 -21.4015472311 -9.18544915442 -26.1201072598 -1.37220533967 0.0590197008792 12.2041953947 -8.20928038299 -5.59433302279 1.58650303569
BULL
17.4519367957 15.2869206856 -2.8762765544 -22.2657278216 -50.7947964581 5.23165480035 -7.52230803727 -6.62727668964 -13.0374479401 5.55039051759 7.44773388869 16.0615077116 9.47364264251 17.7680151232 13.7354589334 -3.71528649973 -25.5380362001 -55.4125631434 6.96469758815 -11.2886242967 -10.1095624274 -7.43986768135 -2.04822564919 6.32798806204 8.93568709973 3.84124327076
CAB
17.0063083306 -6.97721445139 -18.494873187 3.77848556448 -32.7092981832 -10.657674678 -11.3683940407 15.1734142839 3.30884941168 -8.58823751938 -1.81589626193 6.98365813451 -10.4664765727 18.684887563 4.64923665753 -31.8320417985 -10.9435311894 -28.6902390481 -3.88622887643 -18.3830885212 17.9662152099 6.12374219074 -6.67807799719 -19.8400833787 2.12931224928 2.33163149628
CALM
17.5625566245 -7.89411514017 -22.6926763241 -6.64897683208 -6.32065718862 3.93986261694 -18.4799274326 -2.83162891174 -0.515067731112 3.06321451485 -17.4454810816 -0.0986992045086 -4.10981545035 18.4708356299 12.0953219069 -27.4007892556 -24.1687221102 -20.0043767713 19.4081711306 -4.55281011245 -18.403082653 1.29812396802 -9.22690259813 -5.6683255324 -6.81757701647 -8.68778504174
CAUGHT
17.6212403131 0.323990396352 -26.78848706 -15.8279799771 -23.0446867978 18.5123458154 -4.6843602405 -10.0799988214 -5.51172511989 10.8923474123 -12.7377069658 0.00435983719953 -11.3336031514 18.5069385482 8.00017280575 -28.5796029978 -22.0570032493 -30.421886227 10.858865358 -17.2678269825 -2.24654613078 -0.38002707184 8.00363687883 -19.5219340588 -6.5204707118 -2.96910288028
COAL
15.3852949295 -12.0118824293 -10.9053090207 -17.2954758562 -14.5743056614 14.4379326619 -7.4310180438 -1.10080773052 -13.4681152677 13.432227004 -11.3317270432 -8.93756454718 -8.28447117916 18.2736036136 15.0737162971 -8.43420307329 -27.7847419224 -47.0202555329 5.90522978862 -2.73639220058 1.9240208447 -16.8181113249 -2.79606716171 -6.33542894147 13.0053397593 3.88583321464
CODE
18.3453052157 12.4043648524 -31.3209485845 -7.22832774269 -26.1816259525 -3.9279020121 -19.0639665178 -11.544848165 7.90915234374 15.1778946642 -7.10271719168 -10.6368059879 -1.33009902393 17.4636096118 13.2095081279 -21.8572877357 -0.257939916369 -24.8150295539 -10.8093951942 -27.9764270001 -14.235501784 9.25089464907 14.7639609076 -8.69692092754 -1.59209318865 3.73424915829
COIN
17.7396750003 10.0052709682 -11.7094072515 -16.5042635793 -34.9789713519 -1.81153907655 4.54431246522 -2.78930956292 -2.8188177815 -11.7617239518 -19.5229803808 3.69584324919 -7.03102767265 18.6830954123 3.83191757677 -25.7404774479 2.41024844792 -23.9977087417 0.595128146769 -17.202218629 -8.85923018058 -1.4054177455 -17.0557808259 -14.6110242937 -6.34659709313 -6.06357811117
CON
17.716041596 -2.92641543582 -24.7523030481 -13.8729823614 -19.9005646748 10.6289327228 -11.8759035046 -6.87048564961 -8.61717330392 5.04760202893 -8.19680255068 -2.84296967015 -8.41015246832 18.5141297048 7.86105412175 -26.6572862313 -20.196912217 -22.7684195985 21.8191386582 -17.0435053755 -8.78298087341 -3.06035248383 -2.6897297266 -12.8866769144 -8.82479772226 -2.65690338028
COOL
15.6987430802 -3.83079917548 -7.11040931538 -25.817998937 -19.6961468482 18.830635995 -9.84188810147 -4.01551817239 -24.9861835916 13.605288623 -0.085360594941 -7.85659587575 -6.60150270944 14.6119503327 -3.67261715198 -8.99710350499 -25.3792363536 -17.3811060777 16.1715995891 -8.03565711693 -3.1571549034 -26.1115838932 8.34530618633 -0.0693665505514 3.06675806417 -5.54869694232
COT
17.5820902892 -3.83699321531 -26.508335115 -11.8112361186 -17.8998799375 -0.672713967419 -10.3869189647 -6.48121175632 -8.70756526075 5.66342754312 -7.95323944167 -6.86393829316 -7.2125051746 18.1768883678 5.59937259804 -29.7743648238 -18.9208674061 -27.455287824 10.3276691842 -7.13955935638 -6.1945276438 4.00290521448 5.80431514376 -16.2626016529 -6.3172149179 -3.39431335304
COUGH
16.3879055353 -9.03835087366 -21.8012732863 -13.7115945466 -8.79863121452 19.4077225549 -12.0840673515 -9.47133507407 -3.19066230219 9.52159918809 -12.558576429 -3.96109690448 -8.86831323345 18.7017650625 9.56961044672 -28.0168523992 -26.465610663 -28.579978553 20.352343124 0.258018475781 -17.5903970234 -3.33631725591 9.53029693964 -10.9949255109 -1.35644658879 -14.9313572029
DEATH
19.0319296324 0.147406377324 -19.8904951878 -4.80572991498 -38.0022251888 -10.7545785514 -14.7523534889 15.2265013873 3.62988998464 -4.5666737399 -25.2634449201 19.1444017292 -14.9003949797 18.3923886105 1.73825622213 -24.4149848534 -6.57919763949 -20.2812159136 -6.41401271857 -8.34136387506 8.56523707561 1.82461500176 -7.03733859257 -31.8009672158 11.5286700685 2.31181158541
DIG
18.299660597 -2.91203654935 -4.05644710243 7.27296090101 -38.5517986995 -21.106595192 -37.9998968891 18.1250188506 -9.11124872087 7.04710153119 -1.5748833151 25.2147245554 -10.2602456545 18.0179683352 -2.68365015204 -7.37311571127 18.1181558974 -39.1682632192 -20.5733530412 -31.0443789934 13.7172512 -19.8676518736 9.68360148598 -6.02186299144 14.5999182878 -5.91056038643
DIME
18.4144083478 3.1081793547 -34.8199379945 -14.0343526239 -17.7717940054 5.58237358952 -10.7112657657 -4.86753095247 4.27273772758 -2.2109490289 -21.8856998138 0.371415103586 5.87924849324 19.1641035811 2.99066899134 -38.1028501618 -6.78420357979 -20.6890440362 4.85837397973 -17.5662348134 2.26551348727 7.75403764279 -18.977860363 -21.0945988533 3.34043893531 4.3856375402
DOCK
18.8041105924 9.85251630012 -30.6654328405 -25.2401702101 -31.1753770877 14.4249757209 -6.08565459461 -2.10911990265 -3.81768362594 21.4364013836 -12.4235213923 -11.8910831422 -9.99884742724 17.493958935 7.04034873965 -28.1296777337 -19.1749382782 -21.4674469695 15.3651629422 -9.68999824605 -4.94218417241 -10.4399700824 12.2509136005 -9.92595227835 -11.2241582568 -6.93337645718
DOLL
18.5166424411 10.2343218679 -22.2129531689 -24.6438415138 -33.7048925458 12.0002415868 -10.0893054027 -8.9831051614 -7.42433373252 11.9526508935 -6.17199700037 -7.42977435374 -12.2619713642 18.1452305988 10.603547713 -17.5213383545 -29.0046579436 -35.0460214572 17.8908266666 1.85432038397 -11.4086677547 -17.4048982051 10.580468174 -9.46512115677 0.428484388556 -7.4954267647
DOUBT
18.6007221073 1.77159225534 -25.4769731907 -6.65871906063 -21.4693429785 -10.6943668307 -24.1351633994 21.3473567258 4.51877149877 7.79628313014 -22.5904729699 -2.76890974697 -8.95590397948 15.197473118 4.90458089139 -7.99541848097 -12.9965693641 -18.2484248618 -2.55559029075 -26.3455266963 -10.99266303 -7.79600295296 22.2398109145 2.27919399105 -13.8885542953 -11.296378361
DULL
17.9619434609 3.93827107492 -24.8389567643 -12.5963129275 -37.4418146798 5.00510208391 -24.3539099591 0.955809300571 6.89228123782 21.108188319 -27.5631346874 3.73727828236 -12.6719851193 18.3469919294 8.38511369394 -26.224572291 -19.2727219059 -33.3349699435 13.6092208538 -14.3233276304 0.267969781928 -7.05916161345 23.5394986731 -22.314453929 3.02848786597 -13.923245615
FADE
19.1374218213 -2.31938298574 -14.478816898 9.58831378399 -38.6714042411 -24.9413881804 -28.9922470015 20.1664500299 -4.71865334771 2.18210265676 -0.436184907221 10.1351143526 -5.37424961226 19.0477823457 -3.35788250177 -15.064770722 11.2450718283 -35.2678575114 -26.3235269688 -25.6445961284 17.190617695 -7.07530582431 0.615395651038 -2.21262899339 12.352195285 -5.799300496
FAIL
18.6980771819 -0.0746829740425 -24.6243134704 3.26689158622 -34.311715634 -23.254174523 -24.2279197289 20.5097582519 -0.208841490955 8.37513284759 -15.0286332894 16.2172301368 -8.21148564647 18.7234774653 0.435426361082 -23.2850655498 1.31094996143 -29.5205320638 -20.3074195335 -26.6060559573 27.5143916987 -3.27553072633 7.59909816359 -14.522012215 12.0375224435 -8.24140936455
FEED
17.6719882713 -9.72685914129 12.9644213774 29.3758799599 -33.0066737478 -23.6169065725 -17.4803955063 -14.939701776 -19.2835500765 -11.7659299518 5.77515279532 -16.3517042767 -1.3635166192 17.5323462085 -4.74754017533 12.2880669429 29.8324147592 -38.6419488561 -18.6936153074 -15.6424808888 -21.9781515617 -13.6747861646 -15.9581638011 1.76803689773 -8.98083833324 -5.82845836254
FELL
18.3749986354 4.42645096337 -30.584535638 -6.19612502192 -17.9519269955 4.49245272357 -25.4685312513 -4.72764008825 7.81178222727 9.63632804804 -21.194964308 -14.0140507703 5.84839349847 19.219503139 10.2653384961 -22.7019968176 -27.8267498352 -29.9079159428 22.3737409206 -15.969315458 -1.46822590968 -10.241618231 8.77341787576 -10.9060385461 -11.361490108 -4.31349455787
FIRE
15.4624243777 -17.6628101451 -14.80253492 -4.3253317845 -13.0788073287 -4.19728103496 -14.3646633575 -3.75431543053 -0.305092615878 2.72977626229 -8.35955477466 -3.06455074794 -0.0718560101267 18.8030937428 4.8104085597 -37.4736113928 -6.9476572259 -27.5029231928 -5.18179005054 -14.100895156 8.58160280957 5.07307023069 6.05031154084 -19.5608717238 -5.23540071651 -4.45880391025
FOOL
17.4614235342 17.0775752637 2.87884415826 -17.4571918955 -43.738556783 -4.95149370378 -13.7975923569 -13.8479054468 -27.7271353064 -6.91727106568 0.102662515175 11.6697093176 13.8734046961 17.6763080821 17.0399697132 7.85579518947 -22.6970871722 -47.682634307 2.16347765952 -16.2514914288 -8.60417589669 -26.0430869955 -8.70154908954 -3.71249311899 15.0847999643 12.0865051951
FOUL
18.2895986626 1.30330085984 -27.2303118155 -18.0013992585 -23.1106568694 13.5517679885 -6.42102874796 -5.45631217786 -6.96413398411 14.9096024672 -22.464496451 -6.11703027831 -3.44151389338 18.606172033 11.6968789373 -19.7480243114 -28.0492049052 -39.2887035378 16.0638187718 -0.581077631931 -4.91447990795 -15.8395828312 11.9632039183 -11.1654863326 1.91612607667 -11.6336788206
FULL
18.6848819059 16.6745056171 -14.1224733557 -23.0637162149 -56.0365457822 15.5648591905 2.56729993079 -18.4486687076 -1.93127263615 6.91530588024 13.2566504229 2.87291662277 -7.80765675757 18.2740773439 16.6549939131 -6.15557857246 -30.0433090742 -47.8293870693 7.32004396091 1.13423205354 -4.85355098413 -10.7836935258 5.05724606824 3.07871758901 14.8275820223 -4.03794392279
GAP
16.6933471545 -7.54208566466 -3.72383974062 -1.04860984143 -34.3453476385 -11.509717237 -20.4451352883 -5.58867582073 -2.39814536876 0.374213348973 1.33272835549 10.1233328732 -8.48795120119 18.9751638079 7.57292565764 -35.3335361333 -10.115694948 -23.8587294865 -10.6383514009 -12.2394805009 20.1709540183 -0.65263226815 -9.69686072703 -14.4560756271 4.22515613707 -5.8355624399
GUIDE
17.4833315146 0.501845365102 -29.544623013 -5.03293395865 -19.0341259689 -10.0017954564 -12.0648884991 6.1582641494 10.6600321765 -5.89943149214 -20.9321459608 3.13407777729 1.73438340378 19.0506429287 0.567547908044 -32.3222155865 -10.3585314841 -27.1994485145 -2.74005963141 -14.6925367185 11.6920195142 8.52445286176 -5.4725668459 -25.6602634922 12.5105942287 -0.111697414743
HEAD
16.0194808019 -13.4754139638 -24.3267855142 -0.458203511595 -29.5672410214 1.24777763743 5.73986142471 14.4552359128 -3.29810572314 -20.1004675124 -8.76987523946 13.0962236516 -8.85511607168 18.8335896114 -0.789594254882 -21.394194514 -8.28221884661 -33.6506135766 -10.3192260641 -27.398218395 20.4349269757 7.15500840081 1.5756806453 -22.4331781502 16.6758658362 -11.002919136
HEAL
17.391511142 -8.35246713245 11.5968019819 29.9126378001 -49.1817737174 -8.40978505954 -26.1307620404 -14.7890461408 -16.8327921569 -8.954211142 12.8934455318 -5.70593750351 -1.61472253766 18.4052180103 -1.89646778408 -8.6715687252 22.0372745802 -43.8471833985 -22.8559472988 -26.2465580217 -1.8109954624 -16.5989654278 -0.866155542205 9.38426705287 1.03710981753 -2.43748540628
HILL
19.4394944963 -0.743250805927 -22.7223984812 0.0108818644261 -30.0101532627 -10.5051002599 -30.2060719753 26.2911843495 6.71791703279 -3.27291010674 -17.3227637432 8.86330011384 -2.63666909346 19.1940828071 4.79187528621 -27.1180122517 -10.867238287 -25.7620051579 -7.72173675043 -32.9166404591 12.1995044232 5.03686758786 6.87195959358 -24.6301152465 -6.4814778085 2.36333594487
HOME
17.0842635362 -0.845967374835 -26.8496867244 -21.3300487017 -14.4445520644 25.7049384905 -4.55188400686 -12.6823916495 -0.355510487439 -2.40372572667 -7.8093611877 -0.712570175477 -4.98734289146 17.830683274 15.5725140605 -16.371138485 -25.8179629518 -19.1233907519 3.78929762625 0.357391630568 -6.37433383967 -9.2736737155 -14.8298017045 -9.1054232484 4.36234875936 -10.0028749239
KEEP
19.0900595989 -6.8499139928 11.8594591583 24.6163117506 -43.3749682416 -14.2857426056 -23.1035815964 -15.62744396 -20.0310133524 -1.94695110274 6.89969599952 -10.6882160051 7.76713232551 15.910595843 -3.41082879418 7.85981343108 25.0157938796 -19.2531388068 -16.3537709509 -12.3521845635 -10.4134993686 -20.2186315862 -5.79069118546 1.47203221769 -8.01780424544 4.23525176087
LIT
18.7850424083 4.61747493144 -11.4143201332 -10.909339542 -35.4322358043 5.83371761791 -52.3289874347 16.4820737277 17.0216209472 -0.624938590735 -20.1700842632 8.85961461508 0.166163810229 18.4010510773 1.72880522204 -9.79540520942 0.424921243859 -35.2972845071 -14.2274293655 -44.0842894068 11.5384836075 11.017457459 11.4984261818 -21.3065610747 23.5129777367 -5.02059597283
LOUD
19.3207734737 0.974017486119 -32.4154862272 -20.4037110923 -26.2056405921 8.00681481253 -13.3599508351 10.014938248 4.40319965823 6.26547543841 -33.8544454131 -0.777654695223 3.93172429307 16.6475289737 12.6001613238 -19.035402369 -11.2652428977 -27.6596349222 -7.88901534328 -1.92205866399 0.247154234669 15.1507654352 -3.79146798908 -20.7803883364 -8.07433535843 7.96364263425
LOVE
19.1750584793 7.67440732155 -20.5707086549 -28.4614761063 -43.993470507 29.9910207325 -24.7531050116 -10.9323284533 6.35393131314 15.6493738162 -17.9359944669 -8.70130563811 -5.32784060466 17.7893876131 12.5108290631 -19.2199259234 -23.9808962909 -31.9870836777 17.7887646656 -22.5147683287 -9.82287758384 1.90109989085 11.9429566319 -9.51618118851 -12.6489658738 -2.70647641501
LUCK
19.3613799237 7.21069261192 -12.4145954228 -33.9505218405 -42.2182586974 37.2668114487 -17.7891572631 -2.96635874143 -10.2593666636 25.8082937031 -12.8996297741 -3.00116031366 -12.6422859786 16.0579426927 0.772052122971 -16.6050263229 -7.90360312157 -16.2682513838 12.1381873585 -21.3276372691 -1.60573441655 -7.07703278876 12.0767962915 -19.5392641261 -7.90276216243 1.51355922988
LULL
18.9853478088 7.51299806861 -12.3829142884 -42.0557776728 -56.6519210742 34.6874036444 -20.4014239553 -3.38007201535 -20.0939416954 19.1057006452 -12.4106862627 5.9299624792 -21.4226000435 19.1039273153 9.25905574045 -11.2494211939 -36.6094508493 -42.4222940129 34.1693079952 -17.4974470626 2.18259983365 -15.6620682727 16.1159331861 -6.58765557966 4.76480934162 -18.9285234172
LUNG
19.188678118 13.9805737265 -23.6760173126 -37.1197108924 -21.7965988815 23.5591945893 -12.4158225738 -7.80600905616 -14.4109854254 -2.11217659392 -4.50841237983 -8.30058768185 -11.9376274508 17.4877443205 14.6989034973 -22.3298700616 -27.4218473303 -11.7071028886 18.1902519455 -11.6418860106 -12.1593063261 -5.70158324493 -6.96451058434 -5.3056790764 -5.52822285223 -16.4036317482
MAIN
19.4383729083 0.110332375779 -21.2410148972 5.12737197738 -35.0160924908 -6.00765441202 -14.6196321286 15.4679886977 -7.92366669014 -19.7720204963 -1.09853830002 2.02847270346 -13.6555083812 19.545128529 -2.57904357044 -19.2389746862 11.0808175117 -39.3228999314 0.681560306708 -13.2521037182 18.0998790276 -14.1738614385 -15.2335117044 -1.87568560924 4.80784639119 -15.7157795405
MATH
19.0422049131 1.97049562848 -31.0126861298 -10.4906319366 -27.5899134493 11.3326433926 -20.527712487 17.129785747 -1.1981348372 -22.2326050194 -15.4754222319 7.22821767691 0.783917209864 17.3853420962 -0.0649794106426 -22.2756220419 -12.8418048808 -9.19196605133 11.5964649562 -13.8863472952 4.17759463279 -2.84532344869 -13.0304053206 -18.818965087 3.10480200308 5.01991080472
MEAL
18.3021996945 -2.31204187265 -4.88201214939 18.2742143958 -44.1771748597 -12.8859156756 -7.52857758977 -6.97848261537 -15.8853554663 -11.2719141974 7.41479049683 -13.5051404444 -11.0889328129 18.7879169011 -1.97685030321 -12.5205586456 18.0618159254 -38.1264487507 -13.7100292896 -13.9305541261 4.74205360656 -17.0903679177 -8.89360734783 -3.18945285332 -7.91022337991 -14.1680519484
MILE
18.9627202194 10.9219730887 -35.7222459118 -27.3154222738 -13.3248545852 19.22208372 -9.06172092959 -13.3640287662 0.253573926064 -0.223509475343 -16.5609635565 -3.21646011029 -3.94637457832 18.5942171328 6.41762121008 -38.4224370553 -17.0373194318 -17.1930185765 11.6327185072 -16.9094294353 0.33575611397 4.52860271942 -9.33024135969 -24.3335059992 2.14898036588 3.0034250238
MILL
18.5729939491 4.71517324501 -22.9835886999 1.12894584233 -29.4262447453 -15.6860716622 -29.3383727553 14.953593859 -0.793933612132 -4.19256589019 -28.0583030951 11.761362534 -10.5288575663 18.751646024 6.03872334852 -23.7697339739 1.34851626934 -24.525017147 -11.6288702842 -26.0845931997 14.186647888 6.74105444314 -4.33600210892 -26.4839063684 8.38506429685 -4.85791786957
MOB
17.859061934 8.75928065932 -22.7343043201 -25.5966056598 -31.5342235261 29.2746583 -14.2513372765 -3.62301846588 -6.76248623002 -0.546789269887 -10.9561314363 -1.72679605339 -8.55701341045 18.3608192986 12.8626211497 -26.6641355112 -27.108381789 -30.6282487393 15.6600285165 -9.9856427905 -7.30636909793 -15.3733871616 15.0807070399 -11.4799296506 -8.86082195019 -7.08228423555
PAL
15.0352890367 -13.2831596377 -24.5121172399 4.93773854934 -18.7750206001 1.1153763146 2.78214514235 18.2980227196 11.0370655326 -16.8182500108 -13.3344879582 13.4681046259 0.376013099341 18.4955656262 6.84628571571 -32.9584497214 -5.08277628996 -30.48483361 1.03637045121 -8.79439740431 6.11409223238 13.8156887719 -10.5922765799 -17.6773303274 1.34203900369 8.53163077792
PEN
18.3167368194 -11.3386131853 -18.2410722636 4.04528276556 -24.314591454 -2.95776842021 1.3381895916 9.15330228753 -8.47783542975 -19.3190477148 -5.37267680014 3.20638547255 -4.90932101352 19.1155101923 -1.09413449032 -25.2452122689 -9.42822956153 -17.9990171242 -9.89402000329 -12.4028327177 10.3871104698 0.970104528768 -27.5666914661 -10.0402230112 8.4564721814 -3.64421409634
PIN
18.2678211513 -6.86213371848 -13.3017415292 11.2201995467 -33.4706131211 -18.6957411387 -14.4370403041 8.0638743209 -1.31500437511 -8.06028651516 -3.10255177663 12.8623020694 -8.96413995205 19.0957151739 0.514739466413 -20.5709376462 -1.91297577668 -27.7888191152 -15.2122909021 -18.974891694 13.0361850286 -2.97338289102 -17.778283623 -12.4790027208 9.9156453137 -18.0574265276
POKE
17.1490653413 -0.368866487064 -26.0249216188 -16.3399524772 -25.9890955781 8.93082627896 -9.33399471802 -5.60963456192 -4.28452907611 16.0494128513 -10.4938340791 -3.93436145353 -2.8485404475 16.5035603297 6.79668078035 -11.4075418108 -16.5227843224 -23.32885742 11.9362827213 -15.1012141458 -9.35853235886 -15.6647530748 21.2832547379 5.74550140195 -8.07677556904 -12.6685289072
POOL
17.425512576 22.2678406005 4.19356473485 -24.0977141462 -47.418623827 -13.0809645307 -4.92522227625 -7.08191862473 -10.8481410594 -5.41711371261 -10.2016432663 10.1118087099 13.0611317505 17.8705862033 22.0734716484 5.76851404574 -21.8406266153 -50.3040856668 -6.66821829761 -12.9462624237 -3.34541215661 -6.24952858501 -13.2105523131 -7.32931327233 4.58981368067 11.71960698
PULL
15.1228269858 -10.9832019333 -14.2231645905 -14.1518027605 -17.09461851 1.11540097055 -5.16619427229 11.2375045605 9.06662610913 12.2006512241 5.87298172057 -1.47527966324 -5.85827035538 15.0001034112 -5.39438953307 -12.1848543101 -18.1793743681 -15.5191513008 6.06484071502 -3.8697997731 2.27325668815 1.38562118933 -5.43626556013 -0.857351835041 2.3034856377 -5.92308338948
RICE
18.9019620088 1.36735143937 -29.0644987586 -2.25753286989 -26.1648330934 -17.183970078 -26.7205138219 24.562057782 0.736543388461 -4.21187936466 -11.6273071778 9.14595891043 -17.2084768285 17.3495138453 -2.79990079626 -10.3699100548 12.6965040205 -32.9103218652 -16.4614460442 -27.6662338406 15.7386000421 -6.22259228738 -3.96343856362 2.34796276999 15.9495224108 -17.6346090139
RIP
19.1812180775 4.51505205456 -22.3175598703 0.521501257015 -35.4903062615 -13.655632396 -39.4048598297 18.7649237426 4.69094625208 14.7760250675 -17.221776405 13.016354132 -12.4897453014 18.0797319521 6.20806488449 -18.5041488505 -0.449138522819 -32.1878040199 -17.826560838 -34.1207571631 9.86190475604 15.692039576 16.1664649199 -13.3421705852 -1.22845287585 -8.29512750999
SAIL
18.2123211042 -4.63187924685 -15.2978951322 3.09185377582 -31.9552277434 -21.59866251 -26.2862412178 13.1330224986 1.49313238225 13.2277807295 -21.904628249 16.8172909296 -9.99740675078 19.1039628757 -4.50312496427 -23.4228311658 4.32398549189 -34.6572275331 -23.9191036811 -16.666188203 17.0226983826 -0.852216717806 4.15341110204 -10.5901396537 12.9307133748 -9.03558315645
SELL
18.545400654 3.33407563969 -16.4440696951 -12.5851587677 -24.7257964128 -9.40850998788 -24.4231094393 2.6746976959 14.3304405997 7.90775641105 -19.6449533786 4.88379016271 2.84846823211 18.959921506 6.47649825069 -29.5833260873 -19.4462803146 -14.7122021214 -11.5102011108 -16.3778607111 -0.946266174252 11.5743793257 5.6312042314 -23.5514112816 2.40445895853 -0.344794414412
SOUR
17.8381738536 -1.05551969728 -31.5894533795 -10.5043869969 -9.39906360565 -1.9799425644 -4.15769193465 -2.2811587249 -9.9356929187 -0.182035041689 -27.7206928035 9.77493558098 4.96632076892 18.6918463862 10.112507437 -31.5417758145 -26.3758882038 -24.3464101015 4.56836927928 -8.39471100611 -3.12281982811 -9.55738936709 7.97992491573 -5.39461372012 -3.79192906271 -13.2811055097
SOUTH
19.0749915209 -0.1664459086 -33.8075964477 -14.5801684977 -15.4068927679 -2.07798177534 -14.5425720353 6.62296597111 -10.9636378175 8.87095105318 -24.4017319022 0.267811671623 3.26617780976 16.9067851069 10.596280474 -13.4512034453 -18.8583054877 -28.9957450407 11.6527858505 -10.169026501 -12.2555892522 -14.3083543345 15.5373986439 -1.82687134077 0.256586635236 -12.2756080837
TAPE
18.9752251664 -2.16329065177 -10.2806477614 13.0803850169 -43.8692200721 -19.8968899866 -24.2333751843 13.9219368802 -7.95260802253 8.90986730097 2.15248714302 12.841489776 -12.1034700073 18.1602747371 -2.19084325725 -10.4597186917 15.8885088387 -36.4078394255 -26.7666297158 -18.2659426483 10.9103397499 -8.01831266371 3.34082522806 9.79884935211 5.13988979558 -7.02932411708
TOOL
17.3829282376 18.1853564152 -1.21568066893 -18.7132142799 -31.5949846741 4.3656178699 -29.2967998829 -21.7384874887 -18.602775827 1.41370087823 19.7795121605 2.34758249914 -2.39776685269 17.7598028044 18.7097254699 2.42001871685 -19.7346092184 -37.9146006055 3.08077920579 -21.2124678891 -10.7557187042 -28.992812839 -2.49622605285 14.2917417102 6.22837851226 9.16811148337
TOWN
19.2803117015 1.60250024788 -33.6455778772 -13.5934947594 -19.7078494248 6.41111897 -20.7999861685 8.54032962671 2.92736551011 -26.2505297135 -14.8668674703 9.02153947631 -5.86172158735 18.0188549647 11.0309891181 -29.2193100855 -16.2879494788 -17.2313745892 20.2835617886 -17.3600388812 -10.4345445715 6.15685699118 -11.6908904073 -16.5794470041 -3.6757219473 -5.82101026082
TUBE
18.5653573023 4.40782239594 -20.6165252469 22.0501170198 -27.7778892943 -27.4446703822 -34.3098203894 1.08000296998 -4.48491968376 -1.94766688549 -1.03845119799 15.9760455842 0.0694230194084 17.7206501197 10.7624822408 -19.3668503613 7.11350218925 -19.6551005195 -18.8255177392 -35.1223935481 -6.27080500566 -5.09734659026 10.8458210603 -6.40744324011 2.96921816531 3.18612877292
VOICE
17.6551856527 14.9989098599 -9.3748150181 -19.0602855314 -40.003805253 -1.26700643333 -8.29166186184 -10.1133156231 -14.769791155 5.91399059639 3.84094802356 9.99816210303 -5.11410429788 18.2236476534 3.81049253968 -16.1798654861 2.22404884947 -22.0442463528 -21.0309200388 -26.4174533644 9.73815670298 -5.96934025802 8.62152645159 -9.79448586695 10.6206616869 -5.88216731315
VOID
17.6922455596 15.7710425765 -12.7639889691 -25.4658682613 -40.1338756563 1.25578843435 -6.01619647069 -11.9505963604 -14.1314769734 4.75325894812 4.04654637741 8.54519017735 -3.54348398894 18.6306571481 9.758394985 -23.3707468765 -14.1810192053 -27.4862266668 -0.0212155734351 -33.4255045002 1.45857679909 -4.45975748967 19.8563398085 -9.662724954 0.61422363807 -3.8946601997
WALK
18.1684425334 14.9805136909 -12.3509890492 -33.1928638286 -47.331475164 8.97365563979 1.07024861157 -0.797920608462 -6.36824306393 -3.76513675718 2.41023688169 9.09688227407 -6.70522812517 17.6815408735 4.91447114164 -28.1167046903 -21.6055876695 -23.2311400814 17.7076542486 -14.5080908942 -2.52433197218 -9.92246843018 8.08222021795 -4.34211222415 -12.3054813835 -2.58230307887
WALL
18.8099143835 10.1007192556 -15.4142189302 -30.9648642858 -53.4883842083 26.8095122896 2.97838681002 -2.94466021529 -12.2949158392 -5.96619946706 -1.50334697353 11.5642246003 -10.6203747598 18.4449699897 6.60463431757 -18.8812245669 -29.017553635 -46.1666765054 29.5015515652 0.434779539588 -11.3676716999 -10.7484933533 -3.36944217528 -5.14181750464 7.74057772469 -13.4903944775
WET
19.3312463757 7.99623483275 -34.549293982 -9.4253322966 -28.2149266206 5.94014060376 -29.8139452462 21.1372386135 4.66178295625 1.63161495257 -22.5134829606 -3.86641625654 6.78244293584 19.0011955938 4.59067246945 -31.3106725 -4.97482977069 -30.8146463698 -1.72761041424 -22.8055416704 12.4951298916 8.52502789895 -7.30276083668 -29.4366129578 4.38042458221 1.5911669954
WOOL
18.4776654759 11.1918962549 -4.97873996231 -23.9952867086 -41.0331296834 5.71640883767 -9.20863313839 -4.87177573906 -6.38684747667 -6.2003518842 3.30442382976 21.2081115409 -9.98895545338 18.4115452626 10.248838758 1.84100466341 -30.3061186351 -55.3054380768 13.78857405 -7.10626518439 -10.8796209306 -9.24527065767 -8.43103765353 0.808357080138 22.8367042791 -12.3366936309
WRONG
18.5789322527 8.30661872852 -24.5067980402 -24.6162870969 -35.8906241583 28.5349939152 -11.001245534 -20.2724026151 -4.6943277358 -5.37196493336 -7.34218816953 -0.457385850484 -23.4279069908 17.7675622598 9.21614137221 -20.5901595912 -22.0534957096 -29.7778945891 29.4223127887 -21.3435462911 -17.5099145171 -6.3061994301 -4.43881158649 -5.06650284101 -11.4935512235 -11.5659659816
