HAD
16.6553257045 -10.9313385111 -10.7533185262 -6.06891712266 -37.2907686603 -7.38429925779 11.677196245 3.98417868535 -13.2370468925 -9.36045179364 -9.17772909853 -5.03986518651 -10.0490311023 16.8674882191 -2.96072351561 -10.7343400774 -5.825307551 -30.9787643865 -12.7480517783 1.67140795058 5.31128977608 -5.35593144859 -23.1414806453 -4.28376080463 -2.23927752829 -12.9692098039
HAYED
18.6294011043 -11.2455316677 15.0411174426 2.4023537509 -50.7153103063 -12.0556139957 -10.2573959291 -14.6034427749 -9.46301954056 3.66081604899 -4.07215412983 -3.77634947793 3.39046809611 16.0780666363 -12.8756328974 25.0176184488 8.18219600108 -39.7316392378 -11.2833723216 -16.7276213492 -22.0285280722 -15.3860726491 -8.61960129632 -2.12901850162 -11.1692598154 10.8033190832
HEAD
14.8886123846 -12.3329516103 -4.52580299081 -9.91462823754 -29.5576240212 -10.7438698569 10.6182654321 2.66704712156 -4.20510802145 -18.0209007307 4.55004623503 -5.76801143165 -9.42368372428 18.5231916649 -6.81794933279 -2.74341565981 -7.87267600403 -35.2142488921 -20.328980643 -0.153394224721 7.84926559339 -5.40264729154 -15.377419657 5.66242295398 -4.3312109701 -18.2251185679
HEED
18.9799060105 -19.5269691306 31.8799819156 17.8448483139 -34.3937475001 -2.05532111356 -20.1931058023 -15.7640980181 -23.8411261556 -5.39237424653 -14.1340372893 -18.4968418382 2.47407255086 17.8812593172 -17.1475259305 31.8610502125 14.7681019126 -28.4862702848 -8.12750312184 -15.9607041415 -17.4015572648 -23.5176043698 -2.09322762232 -16.5057983966 -3.23303282395 -8.34665354352
HID
15.1257383407 -10.2227632815 12.8032077828 0.212151218976 -33.1104555374 -15.5844183502 3.50664012145 -14.2109494221 -5.11797157856 2.48357050407 -10.6046270628 -4.3057751345 -5.13023330928 17.8670661745 -9.43122393546 7.37065637523 8.50495125836 -44.7480709674 -23.221920135 -12.8143002705 -5.53003270546 -14.1675190356 6.64197355764 0.222534376465 1.01051747644 -5.99863069718
HOD
17.3688207476 6.19895280806 -27.163902788 -20.9133573406 -2.2944997631 -0.0692694148896 -7.25228547748 -9.24948763175 9.84381405289 -27.0105133674 -13.8453076907 5.79997560462 3.39724643778 15.2578106451 7.50594356559 -9.76703985498 -14.7926693742 -16.5874374022 -7.84308850761 -12.9192232602 4.80756612442 7.53069036782 -33.3305693244 -9.45666215159 6.50318513122 -7.15472603807
HOED
16.7096728543 7.04407097146 -7.65024069053 -30.8187176033 -26.5102519574 13.4303448546 -15.4525477539 -19.3025870638 10.5683193029 -0.242676532209 4.03877159184 -4.86559895792 -9.57458365463 15.9372870126 12.4572903039 -4.14480249271 -15.1457815486 -23.6825381106 -1.40812179505 -21.7252483012 -32.8161542747 -5.84229146614 5.09101073349 9.60362511559 -0.762497128142 -3.01082422232
HOOD
18.4292089593 4.04700985728 -10.3505778937 -13.7722147942 -27.2005229728 -7.39954710749 -33.944002448 -20.6088130896 25.1817517782 1.61120270979 -6.29764091631 -6.38755413407 10.0825941429 17.123405694 -2.16839514042 -15.9830588931 9.46586203443 -36.0767631333 -23.4654346587 -29.4874592992 -4.82016300781 17.5496513259 -14.3468800416 3.42761344734 9.74085681262 -2.62520829153
HUD
13.0051740323 -12.7647336367 -20.6727199301 -16.8826429634 -5.32176609912 10.3730375567 -28.071357889 3.9721824031 16.1685385573 -14.2321392427 -11.6017633688 -2.91462382628 2.38215072324 18.9785771157 -0.893085987127 -17.5262328988 -20.3238984244 -25.9281792667 1.16442162586 -28.017362915 -1.28605795686 25.7462247637 -14.7413051518 -16.2385233848 -0.440025866129 2.18931109761
WHO'D
17.1910578527 6.80956226417 3.13415508411 -13.0180695757 -16.3723442385 2.74800379946 -27.3484237673 -38.2218647816 -14.1316229283 7.04449631149 -4.04927442889 -3.63206018909 -2.21664134195 14.789331206 7.53719878486 -3.38513357018 -1.57287279088 -13.6854079989 -3.58737498513 -31.5947941783 -42.468926363 -12.3174282097 2.27691583226 -9.33167003634 -6.72666477982 2.93104444569
