HAD
15.3361798924 -16.6535722759 -23.6140192458 -4.0502678582 -25.0985675671 0.286989157716 24.3506240671 -2.12071869877 -20.755384327 -2.76218255584 -9.33823438489 3.50609834878 -0.683424456204 19.1726209484 -13.39693543 -22.203649193 -5.28067598759 -30.7982554891 -8.43476504662 4.89518231372 14.5031122979 -25.7271899405 -2.76412214812 -15.2088412742 5.03929313163 -8.06062031661
HAYED
18.0014617591 -18.4034723936 -4.69735297466 11.6374047017 -52.8368628469 -11.8507549989 -0.538864925124 -2.70381402392 -11.9109711087 15.0074848154 -12.5289484173 -0.181519352823 -4.40317788652 17.3819269467 -9.14021735561 8.95385689182 31.6880024095 -49.4920077712 -9.39245939144 -25.5735574669 -6.14709840236 -34.1389039264 7.83610158361 -6.31013369554 -3.8594187482 8.02902013129
HEAD
13.844951075 -15.1665858801 -12.2849750065 -20.5680822195 -29.5415595324 0.921834041354 27.4611477693 6.36091025875 -17.3778638622 -4.59452164709 -10.2046642544 0.519295329341 5.70591526363 19.012473073 -13.4716989895 -11.1074092766 1.4618536887 -37.749287808 -22.0030485618 -1.54863643754 19.1284416311 -6.72623568101 3.2662814655 -10.4711871431 1.40379024996 -16.6141752104
HEED
19.6977552033 -19.6206157506 25.4923400821 20.7017854547 -46.2642925215 6.26660982705 -29.2578237022 -18.7148046501 -22.4520585002 -11.0195929555 -5.91737204287 -19.3203413561 7.93264558006 17.2849108752 -11.0462955395 22.0149389049 30.0116205619 -35.9950190002 -5.5732216055 -16.9348663062 -22.9786039297 -20.3417828995 -15.6440007948 3.00382186231 -22.0098549773 10.5621341435
HID
15.0330535427 -18.1062088637 0.224752963634 -0.267458382371 -40.2387492067 -12.0224984544 -0.401620111701 -6.8954263792 -4.78712464838 11.6104445484 -7.30606453949 3.98329991509 -8.81136161299 17.9837449096 -9.7626733853 7.7184538739 12.0338272235 -37.6998382224 -34.0975463825 -13.4218344473 -2.55236345226 -16.1458934595 11.3377675882 2.82998158172 3.87743249158 -6.91676094994
HOD
18.7438430811 -1.569896336 -24.1536114037 -30.1036822424 -30.4277975852 24.4019438378 9.80702012385 -22.9976147647 -11.0441609079 5.48832252796 -6.32010549958 -6.83085958579 -4.338036267 17.9912064533 1.55050189546 -21.6855968052 -22.0879631478 -25.6089289853 10.0904511847 -3.54124384801 -7.15105701348 -12.8559948891 10.3746517911 -19.5279546923 -7.66071091986 3.13546541868
HOED
17.7312448614 3.15614225693 -20.6119085729 -24.7813925564 -21.7023399423 0.23720768133 -10.464818445 -7.93798091088 -19.2381855017 28.9830667197 -7.49905790996 -18.1380411655 2.79099320398 16.4461646225 9.94047871399 -9.52745654252 -4.01131699347 -25.347945543 -9.40062471963 -18.4848208981 -22.5305836688 -18.801784143 12.4819169055 16.9854819068 -17.757097996 5.69219901424
HOOD
15.7568277066 -0.127516860418 -19.354742241 -22.4601357946 -14.4908184823 -4.54191582883 -8.30768701696 -19.5427696959 -4.8133174923 17.2068775771 -3.54128995261 -6.04550982357 -7.6409320399 17.404997459 -0.188692490009 -8.02126243254 -5.05205131307 -28.0672325199 -17.2230591434 -26.5358567237 -6.57646690377 5.07882037161 21.3593984328 -10.3530998092 -2.29284194014 -3.86066813969
HUD
14.6528726851 -12.0945978992 -27.6583208079 -19.7593186316 -4.65149601646 9.36084769462 0.0898202524813 3.53778270574 -5.37894665414 -11.395372719 -19.7861050112 13.9384440978 -1.11107832749 18.7980091637 -3.34145282881 -24.1649571016 -9.1722051274 -25.6758243084 -13.9793009394 -14.1519356186 0.910172082836 7.42670325858 9.51310565358 -34.1934417104 5.79148225016 0.504577533429
WHO'D
17.1178503675 12.6750940075 -4.72313357434 -4.7100355318 -32.3800047001 5.43315393859 -18.6648907081 -27.8070653223 -34.7277205223 1.97060549082 19.9214149674 -15.8006098904 4.35092057846 16.7516743055 7.92542735306 0.662624373904 12.0637876677 -28.2767925246 -0.595684282245 -26.3324386323 -28.0903731755 -28.0737541782 -10.5012934471 10.2908361797 -18.5364714462 6.70890442347
