BEAN
17.7719691886 -2.11002096233 20.0749034756 9.26318230439 -44.1047403291 -6.16340260836 -23.7280783246 -27.3136221667 -11.0846812469 7.36275044997 -8.50199890027 16.9819664291 -6.71587632648 16.4381424577 -4.6250467598 23.2812329055 2.99202665747 -45.1324625553 7.13340277793 -19.0738736875 -32.6433136945 -5.66472292307 7.1684628522 -7.2647473095 7.28649471354 -25.8327118894
BITE
19.0295086835 2.94359692933 -16.6452800697 -11.7970747673 -32.7024827017 -12.6057151816 -7.48290660399 25.2509638234 -2.68661331131 -16.3928378979 -8.27064456056 -0.446699655414 -6.67213352653 13.755670028 -12.1682149509 10.1690373192 10.8580667298 -38.0364541947 -12.5925619385 -6.56330745514 -13.2507156022 -9.5704451627 7.54904524248 -10.7494166076 8.87293111892 -2.55214382988
BOAT
18.511839873 17.6072577876 -5.12868430823 -25.9643357816 -34.9422170372 -3.69931069851 -10.8387884042 -23.967755667 19.8257174197 9.13136132607 2.62905174375 -6.904789063 -16.1689679329 14.2511384061 13.2497249318 2.15353623959 -15.444698284 -30.1996298346 -11.9991165716 -11.2970383631 -13.4355059743 4.38693486181 1.53565667766 7.85477692056 7.97059949196 -5.3935773858
BOIL
18.3692214917 21.0751108756 2.10729223339 -34.0614266981 -39.5927163286 -5.5608302627 -11.7094592694 13.0720761464 -0.395651873897 -2.43977182409 12.3923776977 -1.09604220643 0.610186199292 17.4030145706 11.590052059 -9.30938074848 -22.9010366755 -34.5795448085 -8.08943458648 -15.8991642191 10.167981204 16.0058419961 -3.25598348038 -4.24634393321 -4.60200681582 1.25392162948
BULL
17.9695039288 25.1552585183 7.0964946691 -39.0052696242 -32.5627205466 -6.99761728868 -5.61613358172 11.8773288531 -4.14255421396 2.45777007373 9.23224820496 -1.83637497891 1.11886012209 18.4793419035 24.5460843384 3.91321032254 -42.8113858959 -30.5125539305 -4.28529765742 -6.26472887307 16.3832047315 -11.1654110282 9.6664462009 6.51350054564 3.11981707484 -2.51306330897
CAB
15.6675996182 -20.2810770977 -5.25365001181 1.0678601263 -19.0641512014 -1.19695777985 3.59151215714 -8.06276983091 -5.21301629992 -2.15394398567 -9.64069406019 -1.51800291334 -9.44149647881 17.5618288709 5.60333231706 -11.8740891546 -11.6767614556 -37.2491140595 -12.5632851014 0.25628926155 8.25811043839 -6.87885527162 -7.8322793155 -15.2903348183 -2.63410915295 -12.1739843256
CALM
15.0719205619 -14.0238634967 -11.9150480479 -16.7966576951 1.93222000859 11.3474685652 -5.34081300885 -8.00659980182 0.79174675703 2.52452677562 -10.7869628509 0.307991971709 -6.40460523149 18.918649137 16.4032232372 -14.7124721806 -45.3122414584 -15.3546355254 17.4569115604 -2.04425239446 1.66812567923 -31.0765109103 -4.31243909557 -7.23831513048 -4.29873988261 -8.98462654827
CAUGHT
14.9863514237 -5.49333646842 -14.9829325014 -22.3316427796 -0.890124576075 3.97400558554 -5.48310567586 -5.67624361802 5.88591713394 5.85692649197 -7.06380731182 -2.64208342617 -3.6009628895 18.1412764581 8.86232515815 -25.3185021681 -31.0125868689 -20.8809726511 11.9174658862 -5.02134720233 -1.96169918738 -2.22791703932 -8.06372296416 -11.4642850465 -0.265748717452 1.74701632892
COAL
16.5986214985 6.26151767667 -3.33465078414 -28.7517452859 -26.4904183374 1.30245040784 -11.3380098372 10.3983271908 -4.00263036919 5.06366357761 -6.25859269854 -1.90061631461 -2.69951946618 13.3316318232 4.86477548837 2.24448677483 -33.9409628457 -10.5699631879 -2.16532528959 -5.64514876086 5.611009192 -12.0338303896 -2.53302870829 -10.6532934674 -2.03058168525 -3.80525805214
CODE
18.1362276903 13.1132196209 -13.3715149827 -15.0479859079 -25.8732021254 -17.4510899663 -25.2152770479 -3.96292124595 29.1184754323 3.38708843305 -21.5829139486 -5.33510056155 4.64617731462 16.2832361413 20.2471778672 -8.10689941624 -8.17675251734 -26.6118699487 -10.79491006 -25.857585743 -28.3657214771 8.85850539731 7.52851326751 2.21683650373 1.39042470148 -8.76697748388
COIN
18.6771540711 18.02724688 -11.3551550645 -32.9005584758 -26.2757667247 14.1517910208 -10.1144207981 13.611817472 -16.3028177708 -4.63674054202 2.19693216328 -15.1514224569 2.56551119778 16.6792337196 3.84109594054 -11.1039231916 -3.54725292267 -34.8261085786 -3.76233509681 -9.32262005661 6.61744106188 -9.71735388818 -16.5299773159 -7.44715491394 -7.40498994659 -8.80803848443
CON
18.1749108505 -5.08021295403 -19.7374177122 -9.71608936673 -2.39639429133 -4.00563291217 -6.68755858511 -3.57631999052 -5.526623823 -14.3458972841 -3.54310543957 -0.540767881082 -9.99400037968 17.4914106494 9.71481204338 -20.1300222533 -23.21348315 -5.27656262196 -0.392049383484 -15.0593293244 -9.66388021064 -10.371381621 -23.4322742972 -8.7843669072 9.74251922934 -6.45638694656
COOL
17.7473967224 24.5602322499 1.23623092525 -16.9037361281 -32.5289250802 -12.2531525568 -11.8588795218 -26.5825869102 -10.8727272329 2.06907214738 10.8524911988 19.9254297613 3.32479883587 17.0533875207 21.7966651205 4.43482476499 -31.7669161326 -32.6861198524 -9.390057033 -10.2553918486 2.18866037144 -9.94133977236 -3.69454677695 0.739605762316 8.11797499127 3.85246704258
COT
16.1518370596 -17.5750507425 -16.9330831958 -3.61117544724 -4.94481981617 -8.55228376832 3.15229593388 -5.85371238339 -8.10667007365 -8.31197828808 -9.6747348713 -0.836354875548 -8.0994400328 18.5805734135 12.3691746948 -34.1488913296 -25.6537299259 -6.72440655211 -7.76062229129 -1.24109892592 -5.23992608833 -5.17980018864 -14.9855971729 -19.5796764649 7.2905542416 9.79267462264
COUGH
16.7632506619 -4.34457034641 -17.3572696068 -25.1440805338 -2.8834667066 4.99409102543 -11.0765665596 -8.89615737772 8.44077923503 1.90840831544 -6.59267533989 -4.05507228184 -1.98604384037 18.1865297656 9.11371605596 -21.9936783926 -33.6264678541 -14.184336857 12.7416237008 2.25462331959 -20.0278535024 -4.82301652453 -6.13070352217 -5.57716514612 -5.6710581377 -1.62166211847
DEATH
16.2148307257 -6.78450018896 -6.42043421895 -7.06203883191 -23.1340313084 -13.7396944532 -3.56418829418 4.57881550501 -7.11283863215 -9.129666674 5.34563938218 -2.96839653985 -9.95527632478 17.910208354 2.2739065597 -19.089524988 -10.5758101882 -23.5399652185 -6.55067017174 6.45999939053 8.51529431348 -15.3177565444 -29.9665892682 -6.94258461476 9.24342359648 -14.4236974001
DIG
17.7720038925 4.99944403957 11.5604954595 -1.88953915161 -46.8622599821 -22.3086176847 -17.9571509536 -3.04021719602 -2.20183638572 19.3006201658 2.70966837971 -2.33591943667 -2.70080296322 16.1871727674 0.0554911407315 8.15709499685 4.69423526479 -50.2103685448 -25.2863354757 -11.3441332071 -15.9332640675 -5.78325237972 15.7155597219 -5.01119028774 3.49812654293 -7.34635754073
DIME
18.5585587716 10.4059934406 -24.8727168164 -21.8690362182 -11.3103311451 -11.9393736901 -13.6008898365 1.44646061318 4.62107637588 -20.8663767509 -15.6713904194 5.77403757346 6.24094911437 16.8390021414 1.27069284316 -15.9690092818 -2.11847911398 -26.346733746 -7.77180225772 -16.7440054935 0.222571553539 -8.09585102773 -17.0164681601 1.34906848461 -8.01524585821 -6.69318446577
DOCK
18.7457074943 10.3432419089 -21.4515121714 -25.657520087 -20.3659661414 -6.76784440087 -5.79102465713 3.55142984317 5.97899684651 -17.9915248553 -10.9807580697 9.88008638058 2.64940009642 15.7991276503 -7.14039482422 -28.0569460917 -9.71143511663 1.88502398114 -5.84546087543 -3.631039 -1.65537060539 -6.25311174586 -12.032069995 0.543760499087 0.283446123812 5.89195777692
DOLL
17.5733378818 4.48827207163 -12.448792796 -26.4031020777 -15.0377455537 -2.2208737332 -13.9205001976 -6.89236371342 1.53333351793 -6.16445577777 -2.40113062525 -8.21812755404 -3.71664035944 18.5987212455 17.7044700921 -18.2771069964 -44.1832128969 -19.9903750438 19.0954943593 2.34886924176 -7.53585097206 -14.8846000399 -5.13474643243 0.416788318785 -5.99264047645 -7.98944972625
DOUBT
18.663975146 5.58323443316 -19.6210667779 -17.5485077406 -12.7827803607 -7.6453766459 -6.72328915947 3.25003211468 -18.3324180848 -13.1424781166 -18.7418576675 7.31381161421 4.46020796861 17.0130214371 14.5181668766 -18.5541979572 -26.3945961763 -19.2064740449 9.37276358047 -14.7702208061 -16.4694992614 1.39900186777 5.66225396071 -15.7971686812 -9.47958615828 -7.31951218025
DULL
18.0195814306 12.1001553671 2.016407039 -15.6525849353 -34.4783085212 -15.1351226949 -24.7738998088 7.13099567691 21.183835011 15.2224255736 -12.5208021851 -5.20152204573 -2.0044069187 18.1760671217 19.2843174687 -2.77608135826 -31.0105744381 -26.6781206183 -6.77118273361 -22.1204702479 5.36138039611 15.0767263695 9.53754051823 -9.26051364916 -9.09065344546 -3.69886415285
FADE
18.0326966191 0.354686112248 6.12701781076 -2.86591801124 -51.5023977297 -25.2428868108 -10.5097758203 -7.06056766391 -3.14967609325 16.2681071637 -8.53085918528 -1.44257313209 -9.7041598973 16.5790012632 -1.55544869996 17.646758253 5.3089616173 -50.065964515 -15.3050056859 -20.2693928075 -25.9208101788 -0.962004383783 13.0300727618 -4.9059621338 10.5618572687 -0.434717131036
FAIL
18.1903781049 -0.196333399512 -12.5761509068 -2.17765793112 -40.7054015371 -23.0604475035 -5.77954687467 15.2034748891 -5.33817711524 3.41692790188 -12.4149967652 5.28072981742 -20.2823368961 18.6855239068 -1.77284979859 -10.4771668727 -7.11022670279 -40.8777498895 -19.1790264915 -1.19604805465 17.9442829711 0.134591656969 -0.0699875824671 -8.10167235592 4.12862107158 -24.6412829084
FEED
17.823058623 -7.2424629694 17.1352755919 12.0432412088 -43.7966392564 -14.0493876699 -21.8031752622 -17.455063575 -18.3921089609 16.0301818762 -21.1736541829 17.2786618391 -11.0791472724 16.9848991227 -2.47310880448 22.5713701003 8.0513927632 -41.1186472971 -10.5989716181 -19.4098875955 -26.6985237468 -11.7603643859 14.4998950423 -9.01798641861 15.6037876834 -11.5500588341
FELL
19.001374837 18.9508169738 -28.7352194968 -32.7981523959 -10.315180217 -3.81049412348 -8.71321536145 -2.13878002617 10.8030697324 -7.31303789225 -26.9402762846 -6.38463072686 13.820231667 19.0236969786 17.8278893475 -27.4075540599 -32.7303199838 -12.2403838317 -2.69562192024 -9.54717865261 -3.52279396491 10.7177296469 -4.78721789091 -30.3559655823 -4.11441430946 8.74080573536
FIRE
18.8057666394 8.28934172728 -28.7499290808 -21.0749866619 -24.1196706125 -2.72689221271 2.2544948471 6.00634767625 -0.390218415077 -6.64208160711 -11.9353627237 1.00754960137 2.45567908018 17.4559484707 8.31118169844 -18.7812213966 3.92075183337 -37.6681953135 -38.359103249 6.6167159078 12.4919022656 -9.03793183087 14.1064777086 3.80494875246 -13.2050005128 -8.98979747454
FOOL
17.8168431736 24.3588938164 6.74810837591 -17.3313306839 -28.0516723265 -16.5765400645 -6.13141214692 -11.7440075003 -4.51137536432 -9.50358450598 1.67700437203 12.0506886822 5.23683198255 17.5318378798 21.3054234509 2.10106123582 -22.6380664522 -30.6391456442 -18.7514726218 -11.0645374871 -5.22332316549 -9.97762567142 -8.59270266298 -3.58521870239 7.18181830592 7.50366916445
FOUL
18.7458247338 4.10826917566 -25.2573492998 -28.0149344974 -7.20665171595 26.6549778145 -14.0747863325 -6.71047775265 -11.9370622796 -10.7251734424 -11.3719121992 12.6135669757 9.63182344878 17.5057729851 11.713094115 -23.7892224193 -28.0916291365 -12.3274122012 9.66631467044 -15.9197824785 -20.4438695114 -7.73946703311 -7.27218653289 -4.32188394283 -11.2433162434 -2.04931563523
FULL
17.9697833175 16.0537291019 6.65656671152 -42.667924989 -50.0488583677 7.63678739653 -21.7402843859 20.2416928934 -13.5678806569 -8.74410759795 10.6652014928 4.17733277899 -0.270317541133 18.7249772954 16.1831979369 4.17771448343 -45.0731807108 -46.364126945 13.2324550267 -15.9082076314 24.0477161813 -14.7056441607 -14.0662025606 23.6615884093 -2.50118073501 13.0380738262
GAP
16.8041260333 -15.7702446076 -2.84347105244 -6.32642808083 -28.998017169 -2.09787993319 -8.45937649652 2.72901340178 -1.68274051155 5.08406193515 -10.9661064312 -0.851311806569 -12.3041511486 18.6156470418 0.452202942754 -21.94856174 -14.4960555085 -30.246205913 -5.34041026701 2.53897484949 9.84229005206 -22.5509865633 -8.60509536217 -18.1501392293 5.54790809499 2.46786061466
GUIDE
18.7766813162 10.3734031807 -30.6040176986 -20.7775130126 -16.5032423282 -9.16737438373 0.819857235609 9.18028318476 -8.20602028699 -17.7598163326 -14.7305925748 15.2838490084 9.30122205102 16.0110627239 0.179686930204 -11.0527048123 -5.85074907036 -30.9180829958 -15.0264404657 -8.04786428339 -4.08453108019 -17.3407770245 -9.54755234217 -1.80798949617 7.10718886927 -17.8688871536
HEAD
16.5631511899 -10.460575116 -11.4552687576 -9.6156576109 -29.6005377678 6.46026519459 5.36097062119 9.94528290793 -15.1638478877 -7.93511974498 -8.00443679894 1.42948969333 -9.6254550808 17.5950720325 8.46157654181 -7.03669751184 -5.87422563453 -37.2350814534 -20.8234704018 -4.94404857676 11.5483512945 -9.2650088406 -9.56314571202 -1.2310254231 -11.4842931655 -15.8028427657
HEAL
16.8740196859 -1.86072679246 15.0654847574 12.8802307087 -42.7953963232 -13.2901068607 -13.1024529728 -28.1465331614 -15.3719913178 17.6675122321 -3.31343038767 8.74966048434 -3.30056568128 18.2591618333 0.484672282381 0.815186806123 8.39524195081 -39.2771190354 -29.3963172668 -16.9615721731 -10.2724147762 -8.21783532441 17.5312278395 0.311195589236 1.4158378985 -2.99723398668
HILL
13.3596357821 -17.6946168349 -2.54370195755 1.89353589653 -25.6570042263 1.22197410781 -3.50402455069 1.68313625813 -24.658611242 -6.44792791093 -1.25952058128 2.65380731886 -8.69100387745 17.6054774533 1.17280020104 -6.28880389662 -6.67374713947 -31.8309058762 -20.5465389212 -17.5282280594 18.3381957993 -3.13853689566 -9.56019487845 -5.36783544763 -4.46225598552 -19.3204611193
HOME
18.6024420096 15.5668145098 -4.07315992608 -39.0787427114 -32.7367622733 17.3298253486 -19.7622505047 15.391675974 -11.1785468715 -0.827743316593 7.31212058429 -18.3815621668 -2.21111891116 16.413739083 18.0127264632 4.61970545669 -32.2939266924 -29.7765805729 -5.05653457235 -17.9042883428 19.1390383564 -14.428939358 -5.84802185112 -4.85794778353 -19.5121658449 9.64418792182
KEEP
17.971552783 4.83496475813 17.6023215282 10.9956343258 -38.7580443402 -15.680019857 -22.9496743156 -24.6390803858 -24.7403356984 12.8910479159 -6.78667442895 6.31494292105 6.4166828441 17.0914045097 -0.0633687599356 12.7543506727 20.6440356445 -37.2574754653 -19.2871979722 -17.4007880282 -18.1695159509 -20.5918597606 18.0010017611 -15.7297512759 10.978051146 -5.00992632969
LIT
19.5268214256 9.52128401979 -7.69493762766 -8.63778158235 -26.2981995787 -31.8391994025 -38.1378859274 34.0799811745 25.3721680887 -8.15999965597 1.24150391301 14.0415967782 -23.3183404662 18.243749591 4.36996479124 -2.6597347764 -12.2805479117 -38.4126140752 -26.9677433858 -17.5375427217 25.498153835 5.25293998933 0.443666259256 6.09619455852 0.603641779676 -24.5763937562
LOUD
18.2098991202 11.8241095066 -26.244449356 -24.3376632252 -8.08868829698 -0.951328214833 -15.5534388723 -18.709863064 1.82732388135 -14.9315881723 -14.5196678461 -3.42053030846 2.66725251887 17.0589390231 16.0503229097 -19.2931986122 -25.5402693576 -25.6910696041 6.87975024044 -16.2512066143 -14.9230831368 9.2843103632 -1.35179018466 -11.406003132 -10.0493735298 -4.37929246658
LOVE
13.5839669529 -12.412805517 -13.9908991647 -17.2212509261 -9.04546998944 14.2323025313 -19.52033334 -0.974571444358 -6.04311222609 -10.0499853507 -10.0373995169 5.05554966597 -11.1022738672 12.19203178 -7.31261386459 -16.6861430696 -24.1896193207 1.46463387049 4.39444268997 -21.3655259754 5.97359706294 -8.33250619626 -6.03193179546 -8.36546092447 4.13532766532 -8.2113442409
LUCK
19.1815346495 16.1476652937 -15.9025841883 -39.1956830646 -23.3937965882 17.594879341 -4.89715000856 -4.11340304399 6.38234743519 -2.13784559137 -6.13777025662 -9.84562880658 -6.90245417944 17.0460105592 -1.7893581569 -23.5752576924 -19.7775948224 -1.11125239743 2.64953954232 -16.7384191006 -9.35563497643 3.30152911989 0.179745923473 -11.326421281 -5.97806632652 7.81715949569
LULL
9.12132990588 -6.412769324 -10.7147052666 -24.0930711847 0.936681124425 9.32736540449 -3.47559973107 -14.5664965692 -7.53800412726 7.46329876175 -0.83921920991 -5.92880496418 -6.85872643012 8.68912686077 -5.47397091936 -5.06133515468 -22.2275145713 -1.50864880579 12.1545871296 -1.81566522296 -13.0302135817 -2.72679863574 4.80468846037 -1.51340111053 -5.49709723548 -5.85428402015
LUNG
18.9088985463 15.4498928748 -9.1541249285 -45.0773495901 -23.2756224743 14.0893103243 -9.35872538355 9.43556913004 -10.5185158954 -1.52468268602 -7.44044253422 -15.3766259221 -4.00990692158 15.5999080473 16.9306032206 -6.17252269008 -33.5217552498 -10.5971729052 9.76258191966 -17.5792772801 -9.73456546652 -12.5994344815 3.73879976439 -5.84845602543 -22.114705975 -12.0416564204
MAIN
18.6919439725 -6.01788882836 10.5784051129 -4.5647996434 -46.3616443145 -5.59823210141 0.154979567454 -13.4808440988 -13.869417012 4.40652158157 -14.6414397509 -7.85099069269 -12.0528841344 16.2049090308 -2.05765328171 17.654986035 0.384982100091 -46.8223933994 4.65267936878 -7.5496254254 -23.5753198614 -10.5073316293 2.20804709538 -14.0420739936 -2.74308192154 -16.1909056736
MATH
17.9668287957 -2.45578762858 -19.1767434416 -8.05331974161 -30.7683604108 -0.767945718279 1.09854411978 7.23976113839 -25.0924606342 -20.4466603884 -0.362945840427 1.6047726376 -6.39030873995 14.6478206199 -17.2760841723 -4.02468446557 -4.51336370045 -6.37825434653 2.37018334917 -5.7086623392 6.86340961313 -5.35936279364 -9.69170092275 -1.21972072232 5.50404065736 -13.3999381051
MEAL
16.5944213926 2.68134595368 16.722394468 7.65651970409 -39.3060685165 -12.9396547056 -17.0573446172 -31.5016900804 -8.88608889338 9.98320763099 -10.272612314 -0.0517625562981 -6.30465911776 17.7714521606 6.88569772185 8.1507655112 6.38457101523 -44.0393767374 -23.0967379351 -12.0677287351 -13.4043019634 -4.47319019425 8.25129178854 2.29626139836 -2.53042940823 -7.63693671579
MILE
18.7481981513 16.0627491748 -22.8891442496 -38.4469183099 -4.77329748769 7.25585670561 -10.4333650063 -19.0521698476 4.33810780865 -11.2365244998 -2.55158258556 -2.77530898953 4.72332470139 17.6327496342 9.08900159115 -24.6710777553 -20.4088813332 -16.9355797749 -4.44086492477 -19.7338219939 6.47521004498 -5.96312189171 -22.5711609132 -13.2614357665 15.9803168115 -7.89936054256
MILL
17.9191083742 5.69258477451 1.8157024741 -10.351033402 -37.2184731189 -24.0666099517 -10.9807265337 8.84247868996 7.60639634769 -17.8703887387 4.68080044394 -7.36009559751 -30.6834661431 18.7093383333 8.68940016845 -5.70672435627 -16.7664431786 -32.2406654235 -21.2657590321 -10.4647768446 17.008406452 13.4166523889 -16.9468584875 -2.7756540859 -4.62886832273 -16.8905292338
MOB
18.1944378361 14.162843837 -21.4537068216 -27.9844036509 -7.75424868784 4.22077629339 -22.2778507027 -17.0764176324 2.65302347228 -8.13391137856 -6.65924732937 -1.32786598573 -4.85852907935 17.6975315573 17.7720339629 -22.5558834088 -27.525010502 -11.6901065741 11.3079109578 -19.0046219651 -19.1559129413 -4.80533206011 -3.00590216402 -7.2423334255 2.44828164077 -3.71451555862
PAL
17.7322870127 -11.4285168385 -19.3011840019 -7.47683298223 -24.3741082063 8.19033904649 8.13791179604 1.4532741761 -14.973359446 -6.88425754449 -8.99924548654 5.08741150095 -12.1015874673 18.8306779286 3.37896826183 -25.9925868471 -13.0290984801 -23.7607045975 -4.04044104068 0.358386787824 5.50736877643 -15.0689263519 -18.3928840895 -14.172394327 15.7339230339 -7.23582487117
PEN
18.5343110302 -9.36870026359 -15.6420032009 -5.37169165976 -27.8990046743 4.00791715171 4.36700031412 4.5984497691 -15.0633331133 -14.0331827413 -8.04495218887 7.03781092437 -16.144088916 17.9737933857 2.27266901413 -12.3411919365 -4.06758748158 -26.4753384721 -9.62367438452 -5.61028795892 5.62616324185 -19.9444736026 -15.8005096331 -0.0263183028332 -3.78230018583 -20.0147924299
PIN
17.5252281323 -2.52923936758 3.33726731296 2.64793033451 -37.3148492525 -21.9296698987 -12.5706164027 12.8096289569 -17.2829783486 6.67108805615 -0.765718693128 -3.95162945616 -12.4908739683 17.6981915157 2.98242568421 2.79432739693 -2.90632799482 -40.6405728424 -23.9920830932 -6.24562311241 10.229039318 -15.2442139986 8.58620429 -11.5379979979 -5.21812310728 -19.0553886342
POKE
17.7968092713 10.8408276574 -8.66938815001 -25.748312251 -21.507272842 0.0477867074654 -3.15904341729 -14.1994094765 8.65051832592 7.27832237669 -4.85599112718 -1.56007859724 -8.7839205836 12.5651921565 3.27863947455 5.03489986451 -16.6845991997 -14.8906546634 -2.99291458456 -5.86441553317 -12.3125000776 -5.61263466268 3.29054478986 10.1807518268 3.7046654695 -5.91226159798
POOL
17.3762673836 24.818550865 0.824117419668 -19.0396183012 -39.1639914102 -18.7352979434 -8.96060458955 -25.0998236077 -6.79702939807 -7.78598960439 1.23848220032 20.0290965189 3.86650995833 17.9470438179 21.7355178097 4.56298145772 -17.237032812 -32.4679312915 -24.2462478894 -12.8993657163 -16.2880210753 1.3007522764 7.70079506865 2.10484946022 9.43600441403 4.50183616844
PULL
16.0579708602 -5.53697847615 -2.66300022735 -19.6859228981 -21.5825334617 4.11568213455 -18.2376674082 6.3588295155 -10.1403849791 3.15043604952 9.44155884382 -4.51227119505 -0.724619475582 18.5644672479 16.1226331542 13.2451791611 -52.3950997235 -43.4015465868 8.53116340575 -16.5870129898 20.5137415676 -22.9008017751 -0.616578565322 8.28620361931 5.79487212642 2.25140899946
RICE
19.0846092185 1.42828902713 -23.0987106317 -13.0829146319 -33.3436924503 -14.0386131114 0.835698866199 13.2245693235 -3.11737222996 -16.1895332137 -11.6033517316 -0.902525485509 -1.96291922078 16.8053189705 -3.65096040584 6.59377750056 5.23925657963 -48.1048999881 -14.8720563462 -8.38019804419 -12.3950495935 -8.75757632366 11.7514777709 -13.2151127333 -3.09765948082 -8.63775011354
RIP
19.1813392881 11.4038853088 -13.3816652432 0.798787842386 -35.4143523068 -27.4650402048 -22.2871649325 33.0740439812 17.4167819197 -6.48976214906 -1.80415477672 6.467708972 -13.8931375009 16.5666405642 9.26748671491 -13.0353663222 -1.08810970743 -36.1439654153 -30.8136214997 -18.6571384774 23.3526618008 10.2554205914 -7.49934032996 -7.39484493287 6.08514641384 -6.32138928003
SAIL
18.5589898765 4.83609131789 -9.40760404415 -5.86252529186 -36.3871352728 -30.4928242551 -4.25907024336 24.0356684471 7.91716401225 -14.0976848564 13.2673759038 -6.3284780574 -23.7848789446 17.7079733484 4.73859350383 -6.07123801142 -1.83411334925 -39.8299953356 -31.618087308 -8.19031819988 22.1922424399 4.31453735629 -3.45676721344 12.392167643 -1.73344255184 -21.9717770134
SELL
18.2808699436 11.3882080557 -11.4025286701 -25.41024933 -20.1415754107 -11.6245962653 -15.4462644749 4.95584727321 16.1040295836 -20.6286122718 -18.5114984657 3.19611017484 -5.40958740034 18.6441589274 11.1645142979 -20.2207383248 -31.1769211238 -13.7245349498 -6.31414625663 -16.4394447208 -3.23261244004 7.19831758027 -19.9903257785 -22.4393019927 0.830272304979 -2.94604569183
SOUR
18.735264134 12.4643498874 -24.5641358009 -34.4263836981 -13.9894247263 0.055993056921 -11.5040484791 5.07923642754 -1.78206877911 -13.1701475129 -16.4383702646 -0.0467393245449 7.10289402525 16.8524733738 19.7477657339 -16.7201613092 -31.7710297303 -24.2017487967 -6.90627086437 2.14772604687 -10.8822203205 -0.328390174873 6.00741273373 -5.47438510245 -19.2119775474 1.12797373504
SOUTH
19.2288480693 12.3464440855 -24.9678360249 -28.7717504943 -12.8360986812 -7.07072037627 -5.54031939865 11.0674199695 -0.682186106915 -23.1442027119 -13.0234610664 6.2398594756 7.78744984285 15.5533924539 9.1548421816 -14.4219189845 -37.6252910515 -24.691292731 9.86399607154 -14.7302811058 -2.49694738795 -13.0144522153 -3.15538282543 -11.3432330868 -6.40382138372 -3.74910954949
TAPE
18.9895572934 -5.60760493396 4.91432537182 1.54813226707 -43.1761512844 -18.3884794505 -6.85074021506 1.838018542 -10.2425764745 9.74424376613 -9.17975495425 0.708006495877 -11.6936232569 15.3621194707 -4.57857358108 9.98936803399 6.2480158042 -37.0482774902 -22.718253513 -9.77946669283 -17.2083711369 -8.55991388951 7.32262050773 -7.99257634287 9.9518316906 -7.49217707003
TOOL
17.4670238233 15.6262916535 -4.89843102578 -10.5363128831 -19.9639069352 -7.57035984024 -28.4609047433 -37.2732929197 -8.02789685199 15.4675582501 5.53242763624 -0.371681597515 -5.32379310517 17.6992456485 21.6221270726 2.58732733104 -20.8474179425 -32.5307405454 -11.238600522 -11.6879710624 -13.05845834 -8.11865488278 -8.1166723563 6.45774016115 16.023778865 3.68679693811
TOWN
17.091482286 -8.20117532336 -14.4303836993 -16.3344042316 -9.25014917873 -1.54544289374 -5.25051756242 2.73457524008 -6.66658510384 -11.3519052591 0.994440522509 5.73904456326 -6.1589892154 17.202636627 13.9606794335 -23.5912129164 -23.1739765083 -4.66138559297 9.90945519569 -18.9801661382 -10.3110251647 -11.108918919 -23.2251220646 -9.02209421819 -1.44840283308 1.6592588757
TUBE
17.541130593 3.88240618479 -3.81956468758 11.6322114714 -33.0668647725 -35.2173245986 -41.8767700762 -14.2212540201 -15.9762759345 8.80846846057 -13.3694762267 18.8309955717 0.582147492944 15.9289018598 19.4855390644 0.599604321607 -6.32780828539 -16.4504776434 -11.1360971046 -26.7030792619 -30.4827519029 -4.38480459113 10.7291517107 -2.62692880635 0.932829578255 6.44290740416
VOICE
17.4944444852 20.2212765589 -2.01808049779 -33.5190210207 -32.80712128 -8.01837053831 -1.61744484282 -5.12951978081 1.67432031199 -2.64951262519 8.58954815503 3.58826384951 -4.8638116842 17.5873404685 2.18359995265 -11.1551352902 -0.993654412262 -30.9134780329 -20.3302547775 -11.0661119561 -6.755191465 5.07245911125 5.60035833215 -3.32785805397 4.92098790615 -10.2487679612
VOID
17.4883418415 21.3310986268 4.71031021731 -28.626209979 -35.8886184306 -6.84199167592 -11.2694924069 -0.603878629323 -3.97653208384 4.63596819686 8.91705961117 3.16723081173 -10.1633505984 17.0660716799 9.49951086499 -4.97068324716 -1.35453165443 -35.1011765008 -18.7714192454 -18.1291255765 -6.81314643592 6.69252801374 17.1920492676 -1.69533193535 -3.8161332986 -10.8160364428
WALK
18.7393900457 19.0745935831 -8.54753248293 -40.0904162016 -37.1392927502 5.3945152737 7.1558264462 6.6744956653 3.12492950021 -16.2705326268 2.42754193548 -1.21583863651 -4.34819288101 15.7988983263 -1.34348158399 -21.3277744602 -20.5425555741 -9.10950462393 9.17348119929 -6.58652169537 -12.1044185923 -11.172650623 0.856463126475 -5.09467382131 -6.35264707126 1.90212109574
WALL
18.5698834883 21.0273896271 -10.8940874609 -43.8256049005 -30.3659624831 6.37464262798 13.9924329248 4.31864353167 -5.17683405797 -18.192479506 1.40279415239 0.510350290505 -1.27747846865 17.0204775496 18.6021028219 -13.2453458841 -43.1696635024 -24.8361865954 14.6538152885 9.79114351201 2.70164179568 -12.479319861 -15.0554841549 2.31009045867 -0.987206085306 -1.3471283979
WET
19.3861481518 2.48438609493 -18.2788123791 -11.4873736153 -31.2208263153 -14.1437322243 1.99927950811 18.3809861764 -4.35871634786 -20.1510179014 0.875087943874 3.84757564342 -12.7756760097 18.7051986551 1.6739037396 -13.5134717164 -16.0297402272 -33.4459994396 -10.1159747278 5.01182589962 19.2479482267 1.54509431319 -21.5916377457 0.702117029524 -0.633802361164 -10.3590475988
WOOL
17.6538017093 19.2186555439 3.50563664362 -29.6804730576 -33.4515472308 -14.3186437153 -11.0024701212 8.96303327559 -4.35429185621 -6.95423445161 -1.72535496634 -7.27304043214 9.70221941718 17.9389208089 19.3118739565 7.69199937848 -35.4811143404 -35.971108585 -7.5881208394 -12.7821146646 15.6096507545 -6.35908937347 -9.13868041539 3.4686485735 -11.1160109521 12.1177648457
WRONG
18.7467804164 14.6222383764 -20.0836827385 -40.7565427617 -22.4814600708 18.5189447419 2.27766731489 -13.2764601567 -9.34061591455 -8.13660933519 4.58979377975 -9.1033929694 -9.76232678596 17.9555672698 17.0907557967 -22.574774603 -38.5980303424 -7.13950552661 25.815883699 -10.080366376 -4.61840454141 -28.7000825927 -3.92920364305 0.723803763193 -9.11824147552 -5.23209001516
