BEAN
17.9164322333 4.47862639723 -1.7865195148 0.0828142940625 -57.1458149089 -6.95690340256 -8.60314723816 -3.38183555916 -2.00114793553 -2.85261957839 1.32671347882 -7.84981090183 0.532294939969 16.5730865897 8.75245389168 3.43236182768 -15.784270507 -44.9237263969 18.0092272167 -24.9067125327 -17.3099165524 -0.224194924333 -14.1155816503 -3.17375196628 0.332618343824 -3.57939740956
BITE
18.4535643892 8.4471106527 -33.2583009541 -20.1555322971 -16.4898908977 12.2623240088 -18.8415101411 4.87943153545 -5.22682152655 -26.7902329846 -0.981300131117 10.4762288912 -5.63919410781 17.4582231506 1.98801287894 -10.9489857215 -5.2286307072 -52.5502661634 7.99661576852 -2.74014812259 0.657919290619 -11.56177432 -8.17558231994 -11.0382872997 -0.319340915408 -4.0422140547
BOAT
17.9304583791 -0.278565532979 -24.7847899188 -11.5015742335 -32.256029105 -3.64331811366 1.537864925 18.8645540424 -13.4845734167 -25.2181568622 7.23505891644 -4.77588357153 -7.51697305191 16.7629126912 6.95900868405 -10.2982957572 -7.02604555816 -32.9009489556 -21.4377423072 -15.5639191612 11.6924755728 -7.59654034397 -15.2305578407 6.94345774633 0.946627012731 -18.7909841206
BOIL
18.1039319945 15.7791128508 -14.1423730506 -37.6885390797 -27.7009017165 15.9998739877 -26.0666026987 8.44054956816 -8.41407209182 0.647476877048 7.09958589148 -23.6389873864 1.59854857672 17.6881137344 8.930282536 -21.9788569921 -17.1127646237 -23.9295476307 -3.35515674328 -27.9634312588 36.8110577085 -10.3688429084 -22.5938083725 -0.435044666257 -10.2595255929 2.44650975789
BULL
18.4035968673 18.345765199 -14.6394842499 -21.2522106061 -30.2030775968 17.1472694531 -22.5964383212 -11.6975590057 20.1660790938 -9.52397507046 17.5061768746 -9.67565862497 -11.5637749345 18.4511050375 14.6187420801 -14.6990165702 -30.2022499865 -32.2988185372 19.8736374628 -25.7730401805 -11.7422381063 10.7517584058 -9.644074268 16.6913104732 -12.7662846636 -10.1597518387
CAB
17.8655637244 -7.18251930945 -25.4833794178 -3.91482896286 -27.490474408 11.0366477492 7.38721986015 -2.43741565892 -20.6140820011 -13.3572600793 8.8463659741 -5.53421940306 -11.8465297263 17.7191920299 10.1321376552 -23.4901626015 -19.8288981795 -21.0608747005 7.84675149756 -6.8361669109 1.38820049305 -15.3797235432 -24.3639268214 10.9176638441 -3.0721196902 -15.4846297862
CALM
17.563756147 3.44890461476 -25.4179740476 -28.3322455953 -6.57538184298 17.7712899925 -9.41990810758 -9.61619225983 -8.35199759035 -6.54794855123 -1.13376595796 -9.95432125106 -0.916894122861 17.5385617384 18.3723460071 -22.2526637398 -31.5362300046 -6.67023329919 4.18493260421 -5.70751729521 -11.7115556403 -16.3706914484 -7.17027942916 -10.1859023547 -11.3081375933 0.660982884335
CAUGHT
19.196881569 12.5104423518 -33.2126135047 -29.0967890765 -5.72062181835 22.1599181877 -13.8464795058 -7.29394993337 -0.845427492071 -14.3295271885 -9.80712337836 6.90999999823 -8.40197160847 17.8847532518 9.23857169258 -31.1570317084 -19.0540964989 -10.8753762477 5.46307786753 -12.7381480165 -0.154089746521 -8.79327171068 -34.1500550465 7.71996846885 2.83402751846 -15.7513998714
COAL
18.1197588791 3.56723963326 -20.9381609423 -30.9502638982 -16.1075728178 22.4757223757 -22.6388435948 4.40664971829 -0.852643116586 -14.4312562822 -4.11473320424 -8.40489935375 -0.820180350348 16.5627264094 16.1052050711 -1.80297581498 -34.4253033208 -26.4797208174 5.13760568875 -11.9504526495 -3.67919228815 -18.804711664 -7.66819947107 5.06585941947 -11.1590688504 -1.91312563375
CODE
18.0284473682 -6.52236320586 -20.7325478006 -6.39628127585 -28.9508239773 6.81670609095 -4.74670429106 12.6904837021 -24.2679321038 -16.1320276718 12.7515485922 -11.9803664063 -10.8320390656 17.7523138377 12.3716394409 -15.9217162674 -11.5478627675 -31.0637798271 -9.31905848525 -10.7907098465 14.5727748176 -5.6201729891 -23.694107312 2.64366693906 1.54672330831 -13.457751068
COIN
18.2275083418 18.3898511889 -16.6289644298 -37.5472081363 -25.4580666871 6.2601954463 -7.01967663699 -5.1465234764 -12.1508055495 -18.0348278622 0.0556156638555 -21.265084071 1.02923305917 17.1197989661 9.85104677444 -6.77562862559 -14.7133041684 -44.3606522154 9.17970527494 -14.7699491321 1.36613648352 -14.2895575766 -16.0428652678 -2.28496179825 -19.9849677997 -2.5008114539
CON
17.8584288574 1.17460485132 -28.9512549854 -19.1331134188 -4.08557320552 12.4213030794 -19.9159645183 -1.48403874483 -15.0005702647 -3.96229749249 -0.714105478727 -12.417173569 -0.733878885368 18.0238246382 10.8556293833 -29.9795608626 -20.3358394734 -4.02758755578 1.20169606401 -25.6817605352 4.42148875873 -23.2424735303 -12.0593121538 2.11283566504 -13.9616698193 3.8816317231
COOL
18.0439347839 22.9085811786 3.59248279513 -34.6740545794 -34.5519267443 -0.082579335441 -17.6511831567 -10.1298882607 4.44445515107 -1.01556221591 24.1314014484 -9.71295517871 -19.2468153135 18.3110145303 21.315623375 -2.51417653659 -31.1586243935 -32.3389466833 -1.20757854036 -12.436564893 -6.8049453054 3.48023181023 1.94385253115 16.958955459 -7.32431937558 -17.5712984344
COT
17.5122657454 -3.17943480057 -27.3539278498 -23.3878232637 -6.47826488029 20.732300417 -18.7778428908 -2.42596869272 -7.54006633538 -14.2587669958 -8.26425753581 9.16167342777 -11.8228093845 18.3473996683 7.67824260473 -30.3207379997 -19.7369907235 -14.459949878 10.2411045208 -4.94028128163 -1.52679123023 -14.3324027991 -21.800692661 2.04006841401 3.96250649767 -12.7384488796
COUGH
17.769638606 -1.73541137244 -28.9996938923 -25.9741884693 -10.5962634502 15.6936947211 -13.4213526726 3.23565658418 -1.15187145223 -20.7170594607 -3.63994578896 3.11274356197 -1.31112239677 16.870097187 7.67686981057 -24.4076833334 -28.7387481495 -11.9194068357 22.401750388 -16.6930515523 -8.62712154821 -4.34801113826 -17.5961774106 -5.54642951986 -6.74795130778 -2.20201771943
DEATH
18.8123141247 4.61953006084 -20.0293701272 -14.8775405522 -35.056916233 3.58204780351 -0.125050772839 14.5529464419 -30.5720273403 -9.07854484665 3.92047593343 -16.1763381422 -2.54514533413 16.5152922861 -6.02635231007 -19.6653463197 -16.0124605945 -22.5319354966 8.84193657331 -8.85256504238 14.1191741574 -37.0963502695 -17.2695842547 9.46403169816 -3.76432139342 -9.49118235061
DIG
18.0970394245 1.71101810799 -8.20704428891 -3.61535718061 -54.3370219144 -4.54414939686 -3.16176071177 0.188934448848 -10.0029360022 5.8840244245 -14.7958020111 -1.06618641018 -1.01568599845 14.6838606595 -14.7309035569 -2.14762334552 -0.638779282011 -35.0679524567 0.155099597775 -3.47788222114 -7.35608083893 -15.0109082833 -8.52165323401 -3.68369670289 6.05352636158 -10.2403162126
DIME
18.9002799718 7.85674604289 -39.2100212715 -19.3451393771 -17.0708579469 -0.574153125807 -12.6787853931 -7.21265062694 -22.3922937463 -20.5230034187 -3.30206258016 13.693758474 -14.1401071502 18.4274158579 14.1673123438 -44.3952276228 -20.4609607553 5.68176335631 -9.08728170478 -18.1414656277 -13.0633719502 -10.8000491936 -13.4097638944 -13.3658811331 -1.79528753821 4.00179576348
DOCK
18.9211107469 10.5419926393 -32.9400614206 -21.2993295897 -10.6930131889 2.22162505719 -1.01825280921 8.80322821684 -4.71851966304 -20.8489870604 0.283273325866 7.9196612687 -9.7841092656 16.1762204363 3.279901488 -31.1012186107 -20.9084210436 -5.01023363059 19.4141701212 -10.3866617052 -6.12325386275 2.31691408709 -18.6864079778 1.30112389546 9.82063551474 3.21323953788
DOLL
18.6951150096 13.5797221369 -28.8287387042 -30.810740167 -14.1930073987 13.726750178 -7.99419797037 -6.47650188279 0.544067453102 -14.3393550552 -7.64190912263 -2.6407403188 -1.20426862107 17.831454395 17.4337303215 -23.1338544649 -36.5707524794 -14.2136315894 17.7199269425 -2.30046678108 -18.5240555632 -8.60371441824 -9.45460483908 -5.4505571777 -4.88791748432 -5.17273557572
DOUBT
18.5183555673 4.9024695855 -29.6892348896 -8.41278623949 -26.7637167782 1.57991983127 -8.82845031318 5.76605359255 -21.3139384683 -16.8073420268 11.6066893798 -12.9597927626 -5.48093595647 17.739193608 11.0774422392 -29.6682207142 -30.3826582319 -7.58167045387 15.6339380659 -27.6111455909 6.51446175184 -15.6646899637 0.536362727542 -6.11511787384 -17.0184647344 6.38898088882
DULL
17.9661852214 0.099665409699 -7.52010501014 -31.5348531329 -22.346660479 -15.5838649919 -19.4305748549 10.2281117443 1.70891956558 -19.9682471212 -4.41347594689 -6.16121580665 -3.85196788403 18.9041728805 13.5356133949 -15.9787162004 -36.3459379542 -15.4356119141 8.08080956629 -23.4690303494 21.017040365 1.37527154461 -17.8994916652 -6.7108685532 -6.37741463927 2.06533753931
FADE
18.1997490268 3.97095368793 -15.8421200888 -14.458338216 -41.7639967795 -0.450017070994 -6.28858972847 9.68846144784 -15.3325868371 -10.1494713469 -5.07433621273 -13.1368155623 -4.88840985114 16.6589363182 5.65208901021 0.760112395221 -8.07315433078 -50.0985108024 -1.36131347893 -17.140194854 -2.48897418173 -1.49993006672 -2.00756452996 -5.75664833589 -1.06325811007 -4.17107142412
FAIL
18.5088042023 5.79437350007 -23.8903268615 -9.35874376708 -38.7380628025 -8.31812722414 9.23885419177 14.5261259492 -21.3667693416 -4.7814229205 -4.80556963942 -16.8186133718 0.658811386435 18.0998479513 5.52006608722 -15.6464562776 -3.69142776708 -47.2611071784 -10.0923619273 9.21717268746 0.52772483764 -10.9188773882 4.81882017701 -14.9893393267 -6.6678721527 5.43110246389
FEED
18.1997514226 0.440130232057 3.11022844521 1.61388653916 -56.656162688 1.19573804723 -22.1734121028 -5.4331742666 -0.221332700154 5.30013213839 -1.41859413466 6.63819518464 -5.26176836226 16.990793105 6.5539172428 11.8456629334 -0.420622411679 -54.3130008084 -3.56984629 -32.830071525 -14.5141941447 2.86440939743 -2.66185397369 2.1262428801 5.29558787421 -11.1376559627
FELL
18.6973061065 3.06588227886 -16.5211463641 -15.6893604061 -28.1381855709 -12.9629532075 -5.21051986414 36.1249252225 -19.5420708047 -13.9930608115 3.10689862767 -5.73495968609 -12.9379573547 18.7585912742 3.26943117339 -28.8888410187 -17.1366352472 -19.455818942 -2.56792967491 -8.19769573725 25.9067696032 -23.6908113524 -22.2919097814 10.5544999562 -6.88682757965 -2.58719567188
FIRE
18.5680946293 7.23021064474 -37.8725303428 -12.6579110269 -12.7901720236 7.54559026563 -2.50108746951 -4.29236135934 -9.87362075624 -24.0199271121 2.56455712884 9.07289007669 -12.7125745148 15.207429053 -8.50372194605 -21.2964078784 2.32121495371 -23.684159454 -14.0727574988 12.2882646774 0.064691182994 -20.0285980022 -16.9289132504 3.93038856577 -2.87840755944 -8.28670089511
FOOL
16.4132393844 11.5147444249 -0.0863365625401 -18.7541330294 -31.3034849251 -2.26815882061 -25.5752134994 -13.4197433062 -3.00316329036 7.34485736225 -4.89106942295 -14.200393004 -3.32920691414 17.983277298 17.6081307284 -5.51539658605 -29.036958168 -30.4907677243 13.286331651 -34.5699708805 -4.82285066608 0.246270287135 8.70018220214 20.6232545927 -18.3722552707 -11.9237415819
FOUL
18.638868953 10.1343454055 -35.3787018348 -19.541075669 -10.4420225401 8.57170499995 -5.84000446573 -3.70585032338 -7.60280130833 -22.2358105394 -0.268788501595 3.95049578847 -12.9388166327 15.0998813833 4.2201576081 -18.6257376678 -25.9325949324 -9.37987069765 5.65839680982 -8.42252437078 -10.1842766655 -11.482122534 -5.50573812491 -15.4894412632 -8.14570097247 2.15602247262
FULL
16.4544522111 7.54420711469 -4.40421810567 -25.257618336 -24.6643749231 -1.41488117226 -27.5234846562 -0.316774619291 -10.4681083397 -3.81085621222 -1.20966722705 -16.9692950864 -2.87271061612 18.0753115314 17.5516407773 -10.7460650963 -35.785699537 -30.0208524188 14.7735897921 -28.985018354 9.65594297395 -6.94500030486 -7.21997894858 8.16868761427 -22.4945696526 0.0282671573555
GAP
18.8668427248 -4.5979825366 -19.5150340508 -7.02652809165 -40.9917255283 0.226150343623 5.15995925094 -1.43473786343 -14.2509977442 -10.8278131393 1.90117277881 -6.29949496831 -2.47133997427 16.5704508259 -1.31218271587 -28.4103795561 -12.5676065828 -13.0299904349 -2.11284578624 -5.9672444607 -1.32690580499 -14.2648862067 -24.6025528031 18.3717252517 -1.24864752196 -12.6804961738
GUIDE
18.3711890518 -0.00445925527689 -25.4309516521 -7.01998670132 -30.9120282067 1.53331894229 -3.74079817624 -4.58547054703 -14.294120666 -17.3122426983 4.81726287728 1.38264985609 -15.4306727183 18.0240833794 10.5720399616 -32.0466051584 -12.0589968139 -16.3259751451 2.41950567563 -9.14026712394 -2.48090592381 -7.95402154581 -29.5584612894 5.19344355459 8.45364132842 -18.8210411481
HEAD
18.5971256948 3.14148793691 -22.8572087923 -14.0704193382 -29.1298135819 -4.23142418529 4.60084091935 16.5965460974 -37.9736740115 -8.28299964384 2.41615721176 -22.9265564581 4.47334367646 17.2724235715 8.68409636736 -16.439192289 -17.6633673807 -25.239929988 -11.0443501609 3.1662894406 14.3345600434 -28.3639947288 -13.4067421752 5.46945392609 -27.1976704765 5.15905358434
HEAL
17.7685014812 7.83970194324 13.9023923576 -5.69233401767 -56.2481650961 4.28688113549 -30.5060030238 0.357073514156 -4.23467124995 1.76010310761 -6.12064851098 -2.54381595197 -15.0664505735 17.7848632177 5.65834133053 0.573328486851 -7.90274450041 -49.8410060061 -0.316526501013 -13.1170123867 2.30700344211 -14.6015769214 -3.83779699827 -1.09883281785 -8.30186401541 0.177178663599
HILL
16.2495487269 -4.68235733445 -6.27954796469 -10.9128762455 -44.3604929659 -8.14858294665 -4.60741249095 13.9568759626 -29.277539077 -0.668560560437 2.93792920678 -13.8370809491 8.28503626223 18.8675876567 5.42536322476 -21.6840683953 -15.087029492 -29.4217498742 -14.0649040193 1.65118577364 33.5413926579 -36.4009392897 -3.73934814551 -0.497710752595 -20.8371769795 -1.11434188556
HOME
18.7082092129 7.19998501053 -32.4489034126 -13.2850654663 -16.5290673499 -8.81688685418 -9.53066150662 22.2464302788 -27.6548731881 -17.4424099217 5.04749835108 -11.154334928 -4.3939502011 16.3761635874 9.34630381595 -13.76952472 -7.12325475615 -13.0309347998 -15.0860712689 -30.674587446 2.99182582701 -12.6480761291 -2.70221434991 -8.5967711549 -16.3888644617 2.8288998736
KEEP
18.1522960841 5.37233226109 13.8262401138 -9.79319748351 -51.541318556 0.634625901121 -33.3829997145 2.62919201242 2.93428150709 9.5881526979 -4.94926028991 4.27810238536 -21.3004150663 15.1060560193 -4.22578509134 13.5787677562 -1.54624870091 -46.9772999243 -5.61396221543 -26.9135080012 -9.55241303806 2.37026065988 2.83473268083 -0.29609908986 4.78314651159 -7.3198763152
LIT
18.8337010447 -0.0883120981157 -21.7481522272 -18.7246689272 -27.6826567507 -12.3393421526 -5.71338399614 31.9295476285 -39.9368647562 -9.62471386312 1.97535715284 -24.3806500006 1.77834600314 17.8817029173 1.03998928302 -13.893337158 -19.3464058262 -34.5324032592 -10.1754815822 -3.58074520764 30.639948244 -44.7084668669 -3.44259433937 -1.05757022551 -18.3982798515 3.42042236082
LOUD
18.0296543568 7.62029525684 -30.9847147512 -18.8843565595 -5.94005166953 3.34534428945 -22.0187376369 11.3855361797 -36.373419209 -12.4808766795 11.0951290477 -7.68822928839 -2.51108481561 17.0730803748 14.572625656 -20.1315083745 -33.2956498838 -9.5404794045 12.1538555126 -27.870761271 5.64744211127 -16.1726701526 -5.74418291654 -13.1995308842 -13.8744659316 9.34199249883
LOVE
18.4116497205 12.7659642685 -30.3747067813 -31.7730688949 -3.43225482487 10.7010953719 -24.3280829503 10.495145289 -19.8292824738 -12.0038505221 -5.82451342664 -3.69033688065 13.3632477584 16.4033684219 10.3266249792 -15.6718959608 -18.8780738409 -17.7905154476 -3.99891284946 -27.3461281375 20.2599530926 -11.7509708594 -24.5764117616 -9.95073291481 -4.85547579307 -1.8689016941
LUCK
19.1655626819 13.1645953576 -28.9509077064 -36.6776402467 0.283797831027 14.4478152893 -23.619033837 18.596365075 -19.0940380618 -0.740418645757 -17.5237924678 -5.28850632472 9.52941324727 18.361201103 5.78989325383 -31.6641525128 -29.7558981648 -3.18080137048 9.57142357529 -21.8261247694 20.5800887851 -26.4287263966 -17.0778712149 -6.67181605073 3.10275164607 -0.501325577645
LULL
13.3340961309 -5.02750594134 -16.9775784349 -36.2936330326 -11.528682811 -1.44549901652 -14.1542934814 -4.12162958004 -25.0857363802 0.568300969639 -18.4672135329 3.82120230327 6.00510962831 13.3496354865 -2.47516179486 -15.3752883902 -31.7620083621 -7.19229995484 3.95931357579 -7.94540623766 -1.27189645736 -20.6316790362 15.5063495934 -13.3551038027 2.72309146779 2.97109456952
LUNG
18.5957144637 14.6049896101 -35.1820503403 -35.6928457155 -0.0345679582982 -0.670826325092 -35.4690580405 2.73451483894 -31.678932778 0.269540849508 -16.932569959 -8.15089519528 8.0498966144 18.0067588946 8.2821839544 -30.8437450941 -21.1800208025 -8.91351631482 -4.26711534972 -34.8700455955 30.0186763162 -34.8069032605 -17.6851737801 -1.22833460391 -1.66130465134 5.70524392386
MAIN
18.2359330967 -4.3538007527 -21.5844628362 -3.85234585592 -31.9072298732 3.12601669674 -3.26358653998 6.34623205352 -35.8547232974 -2.19049394197 6.06094972064 -19.2545206178 6.07644879256 16.9819438178 0.0414513870121 -8.29724548367 -14.520273978 -61.6410938104 22.7085772379 -28.9192212261 -31.1809997729 -9.61049748146 -15.0249349868 -9.87726500765 -10.3309595361 -1.17833486861
MATH
17.8540861429 6.63470652146 -17.1960977512 -7.08271053625 -18.7188296565 -15.7750718359 -9.31401047684 8.29327467036 -32.2156627125 -8.4474265152 8.14025173077 -12.2504580809 -12.1711511068 16.0789640517 -2.44702793955 -21.4150836486 -17.1952179284 -9.85259105221 -1.49468954376 -12.2469717327 14.3233478263 -34.0907604924 -16.4424879054 9.65750923896 -6.25452530173 -12.3082179026
MEAL
17.8456873716 2.54960179232 7.17298770861 -1.67178310481 -63.583398131 12.499409483 0.792537565246 -13.1131257569 -0.54422692775 5.78929149117 1.24418926886 -8.23586962121 -2.78665378673 17.9072960324 1.41968304578 5.05631134529 -6.87492582453 -62.2116435066 12.4709531952 -10.3918764914 -15.3256073866 -0.285540738406 -1.11066288374 -5.68115371996 -2.78649711394 -4.27890653528
MILE
18.8335973101 7.7263299845 -38.1444299547 -18.2981385166 -8.13511595226 8.7433801364 -17.5990031778 1.9354588165 -11.6923228742 -21.3106146074 5.97652867179 -5.50973696991 -6.70375699911 18.8532467327 6.44394814872 -41.06392463 -14.4064598635 -1.71880920289 13.3572471776 -29.5173999515 0.790876272302 -13.2590590488 -14.2564881345 6.05556306144 -11.4552055489 -1.14285854882
MILL
16.8018426706 10.5896646747 -2.47304889126 3.239654706 -36.1766136843 -30.502410636 -0.951455907104 3.74047918647 -25.2606329474 -7.64918752201 4.13763319951 -5.88002006486 -20.6800214833 18.0226123285 7.23293643069 -17.2202042497 -10.5790216068 -30.2731489791 -20.2761868765 -5.48063219137 24.3169256638 -39.3501098124 -3.89495291709 2.18704894415 -14.2128573387 1.17763443085
MOB
18.5604096833 8.96522118317 -31.910841814 -29.9572039622 -6.01892366096 20.3484800066 -25.3964693396 -0.644530763235 -24.0293329251 1.90241216206 -2.9244684743 -23.3139220899 17.2363678028 17.6449849796 11.5804519412 -26.6549715456 -26.2901479859 -3.78789427162 14.972594876 -26.0984957411 -3.2920591642 -12.6361844776 -1.64735595495 -9.19025567837 -20.2106469381 12.1531523944
PAL
16.2774633905 -13.7219163503 -15.8269917659 -16.6788582024 -19.6501631109 4.08280841189 2.67325018346 6.75308359459 -29.106265653 -8.49010063721 10.9164358774 -9.65811520742 -4.90492113932 18.8541720906 6.05345680501 -35.6411180663 -14.0608575601 -8.82465644801 9.82731642042 -6.89015993537 -3.10058942631 -21.2738607122 -19.5168879499 19.8025546329 -6.57799400071 -14.1367046428
PEN
18.4455392322 4.86694645799 -7.07027359615 -16.8962476804 -43.9585202122 -9.57420336201 1.31187744416 15.6790045619 -30.5506391035 -6.33236014707 -0.160215100358 -27.1199288911 4.40707246582 17.5627978641 11.8395772754 -13.7929302809 -20.4751808816 -24.1424742427 -18.2716745437 5.99273115525 17.5608112677 -31.4767567787 -15.1447669447 2.32019410021 -22.0452457413 -5.46893908748
PIN
15.9468547821 -17.7493812811 -3.00147843737 -11.3718286812 -35.4102282524 -2.30019976927 0.0528206381073 6.10258191324 -16.1241427753 5.55416938775 7.65975891253 -10.2158309866 -1.13119781908 18.2333698157 4.92589393051 -18.6807479227 -12.8332536006 -27.1804306493 -15.9309925523 -1.26071909548 11.7132666008 -32.7358929239 -8.20262617727 3.23383456713 -15.0556260735 -2.80965894611
POKE
19.2201179043 0.560019341855 -27.3815744613 -9.37663576157 -27.5430669525 -4.39881087954 0.973088002493 14.7824939264 -15.1222731758 -21.7324544089 7.94028104209 2.87387239413 -17.780939951 15.4740258214 5.02999432908 -4.46018087798 -6.92451175182 -25.553440945 -21.5997655197 -20.305370354 5.19635980053 -4.06162470941 -14.4211188589 2.26454667016 6.82288241265 -14.304442678
POOL
17.1254825603 19.8220264261 6.13988794626 -28.9106262433 -39.9106167816 0.84265201683 -20.0840680181 1.06234057968 5.11261831269 -6.84225706655 12.354715297 -18.1653707066 -3.39761186096 18.2021115382 19.8970523854 2.02213843222 -27.5152431374 -37.5805813066 -6.79973664139 -15.9887019515 5.1327012799 0.947693198272 -2.92431673191 13.9331702033 -14.446489459 -9.66324706031
PULL
15.6269954873 -14.1876007207 -22.9914592362 -22.7764872378 -7.5071825894 11.3609117863 -10.1907111036 -0.552359088541 -1.80294348422 -1.55585325073 -18.3332025707 -15.8751720956 -5.75056325368 15.1736965233 -11.9582420412 -19.167000689 -21.0635814199 -3.56388757283 15.5008827461 -10.4538838251 1.89900901627 3.15362351586 1.83566670583 -13.8310485707 -14.6355586819 -1.44752848836
RICE
18.8932838611 8.29844394587 -40.1861647991 -9.62343642036 -14.9452111428 4.12941070667 -0.719901631229 -0.812848884513 -14.2811743294 -17.1543718627 4.4460000027 -5.80484941239 -5.56324639166 17.6342720928 -1.13221038358 -7.09933341835 -2.01682203927 -52.063626251 3.76670016393 1.26877722019 1.6966121904 -18.0707062164 -7.29540940995 -5.3804135483 -16.6969751157 -0.843780745528
RIP
18.7080966584 5.16711599927 -16.6017823908 -12.9235192635 -36.5946081151 -8.26172195435 10.461959317 9.82092751471 -16.4112846617 -14.6829167811 -1.18361329506 -15.3184868998 -3.55828055466 16.4553977955 -2.46848980671 -10.4229087991 -7.02764564488 -35.6940912757 -10.7757270698 -3.62595171992 11.4615209241 -23.9209776673 -13.6656027972 0.990301534899 -6.46428841163 -4.36751142907
SAIL
18.2663302169 3.89545455243 -12.3786729826 -9.14704439812 -40.2129439891 -6.87692758676 -11.6668165148 24.9063329535 -19.1853487693 -5.21549320761 -0.111119856118 -15.5553784597 -3.27091189511 17.5997744885 2.55826528633 -9.68239848819 -2.70279564768 -45.899727186 -7.79776307436 -11.7206879995 10.476244712 -20.0973338276 7.12864059798 -5.66929670686 -4.0962886166 0.11529381295
SELL
18.6219829713 5.8668435188 -23.6855769147 -15.8380701739 -27.4507820006 -22.1063720779 -0.708651322642 27.6762106181 -14.7005513882 -21.5757511202 5.15520651701 -12.4484636879 -11.2991740355 18.7067977233 4.95299742378 -30.5830266265 -15.7153980822 -15.4501346677 2.19303215274 -22.2689169251 23.3746155396 -20.2139479046 -30.1464016266 15.1581231056 -3.304646976 -8.64966825839
SOUR
18.1632283002 3.50054191915 -29.3120918062 -18.2633967668 -18.8866305243 2.28174142666 -1.00587925501 4.53031863395 -24.1943524836 -22.1420090727 14.121891415 -11.2348433921 -10.2302688148 18.8167776488 5.96970955902 -40.8740752697 -14.3389931459 -8.35947392321 12.5581760944 -8.88450938832 -12.0825389133 0.401613586652 -25.7366127169 4.17297546629 1.65427184528 -3.83819295886
SOUTH
18.538127056 6.58554188921 -26.2292986521 -20.0598832238 -10.6998458618 -3.50414596862 -8.01590045858 3.73019252419 -21.3214545167 -22.4063626383 16.2666654147 -6.00629604178 -15.6935285465 17.8522553174 13.0878596383 -26.952063268 -29.5608932833 -10.1865274835 10.9232930018 -14.8252601333 -6.65096546959 -1.1883687678 -21.7819960077 -4.67631957181 -3.66342597832 -5.94171030054
TAPE
18.6481666176 5.09246541245 -18.1217775825 -11.3860345542 -44.3239886068 5.0186553043 3.09661835231 10.5535636633 -16.3152815767 -5.24384595055 -6.10687502848 -15.4504871076 2.83149610562 14.2112061777 -5.38173524311 6.46472123845 -4.8111482514 -40.5677619687 -4.37281050687 -20.6274600528 -7.89401076667 2.06569041556 0.935167784474 -1.45440575464 4.19299042759 -6.78939980963
TOOL
17.1445059484 15.6072319593 -2.49336283995 -27.073419438 -39.7612363058 -12.3006870432 -21.5974761964 -1.78259419298 0.469162967118 -10.8935549844 1.39714656909 -16.0036939935 -4.90029112101 18.235739714 18.7726202034 0.357442617954 -31.0730944299 -36.2071961644 -2.95991734969 -19.8166311026 -0.152217989743 0.7317186847 -2.6377872916 14.432396578 -12.309835909 -9.50866124211
TOWN
18.6650118061 9.51413648653 -35.9364628699 -13.7132752253 -4.47941127846 -10.5311095899 -4.47655474033 -8.14132934952 -14.2623159223 -17.3530488478 -6.71884958512 0.164203249888 -16.3379366193 16.9970389051 16.9864873801 -21.0653101358 -25.4682979672 -4.93202197154 -0.223381489048 -9.58226267297 -13.7465556778 -11.2047112805 -9.0612165227 -16.1134825604 -19.4679119486 2.32036039179
TUBE
17.4778886416 9.19567419605 -0.156229516368 0.143586810347 -35.3107679643 -29.915940208 -9.2218267262 -2.65327942808 -4.10678898556 12.0392643503 4.62987125482 -4.30968450782 -18.377677146 14.3018910308 2.81397575966 6.05102240649 -0.736707388772 -18.0271053348 -24.3730403205 -14.0973763187 -8.02157888648 -13.2468611849 -3.44317306219 -2.30887043837 -4.34916949065 -17.2900995306
VOICE
18.1943993402 16.9218609638 -20.0358642098 -34.7476520994 -21.7512143595 6.35802059708 -11.6107571271 -6.79910152095 6.61938061361 -11.3944344299 3.14117289755 -10.8946178573 -8.79409775477 16.9774939735 1.37852991224 -4.52274777359 -4.39414526244 -46.9153411259 -10.9883022793 -1.32516663795 4.99139338698 -3.36023873023 -8.3043840243 -1.23845010221 -11.7540247946 -4.19527173841
VOID
17.3607803282 15.488098929 -13.827361867 -32.5427620476 -23.4849991023 9.32013463495 -24.5561335498 -15.7004530771 -0.251942717349 -1.12572892966 7.22626677544 -11.9651843047 -6.70299424097 17.4312269746 7.14714839125 -5.71004205419 -9.49605537225 -43.4746677058 -2.00406618775 -18.5377723713 14.4677095898 -8.65243328192 -11.9251910192 -1.88758173372 -5.50105728261 -2.66332207964
WALK
18.4643035542 16.4232686633 -23.7930529696 -38.6617524273 -15.2899341634 13.7911753687 -3.75265143809 -5.92632954072 -23.3446833723 -0.64944339389 -0.952939199879 -10.8390868675 0.995050424624 18.2358511455 12.3610652875 -29.0164269874 -38.4895266785 -5.38216583886 23.9348333265 -19.8278937001 -5.12215572528 -21.5013503984 -1.08890077075 0.693295692555 -14.4055400771 9.33368481303
WALL
17.7448542184 17.8117287692 -8.94898496331 -31.5931786096 -31.8656495018 11.1786411173 -5.03982553845 0.800313561305 -13.1715377373 -13.2146427655 2.52977903048 -16.2422871345 2.2775338991 17.9621499785 15.5050687461 -22.5349202851 -36.3438674252 -10.2548634548 20.1889751969 -11.4486887993 -12.4281780909 -28.7004468708 -0.930710691009 -2.52267511753 -14.7710295674 2.11633284003
WET
18.9850014301 3.27358567411 -30.1878500835 -13.0802354953 -28.8377359049 1.03896626171 -10.2314351391 26.2770774454 -37.4275848072 -12.6619569154 7.62949851846 -5.00435282361 -3.38258144138 17.3654351618 0.523743770344 -14.5938235498 -13.9298026528 -40.8828231749 2.33700714964 -0.585518762797 11.2408406737 -26.0831203406 -5.23976876411 -5.50644715925 -14.4597479058 3.44159737245
WOOL
17.7715209053 22.4841585646 -1.43520328636 -31.3063150525 -35.8960330983 -3.5762600918 -12.5354566785 3.41303563227 -3.60843302101 -5.61181068621 17.1649799136 -7.80213360937 -2.71647963875 17.9297397641 20.8078804636 -5.30119299828 -36.8892425171 -34.5957447275 8.63368548362 -9.43021252116 3.54884082441 -15.950414904 -8.97839584584 18.3126747335 -3.72532406638 0.652652149581
WRONG
18.7600116858 12.5204131261 -36.4956526678 -25.1426534285 -8.18770956583 18.0409770628 -7.206354319 -9.69571132384 -11.7467053184 0.131771927902 -3.71332255251 -11.3857685411 9.40057237989 17.1426705135 9.1308392541 -24.4549014676 -27.4136590384 -5.11699748186 15.1235411993 -22.6315958352 -3.71659325665 -27.7706319662 8.8022470574 -12.9310236581 -18.0220606634 15.5643345968
