BEAN
18.1556787325 -0.395315015207 20.8064985636 -3.02334282189 -43.2992299038 3.39788173712 -43.041979951 -8.42994788039 3.20279556577 -0.45189050492 4.42596886074 6.4498909718 -8.8544886014 16.8495290177 3.48125306626 15.209213009 -6.55397384963 -36.5036656432 8.44636237201 -51.0695000231 -10.8980451408 -0.55094802835 5.3638228644 -3.40992006027 -5.37525177793 5.74961317665
BITE
18.3669279255 1.39871118042 -29.0431409874 -21.0819090805 -10.761566061 10.2747009224 -10.813393043 -4.74768347497 -5.57327983493 -16.8180368021 -1.58254506559 13.0080164783 -9.09326035423 17.9766538717 -1.47646633735 3.8189798657 -8.62254670059 -51.4859790653 -6.5917008602 -9.55241604345 -11.7666793065 -2.67381050473 -3.79818475202 -2.35437750149 3.92865762168 -5.81357421094
BOAT
18.6469187786 8.81690508585 -11.8307614119 -39.192389739 -14.651654234 8.309979323 -31.2049231868 -1.58724417561 14.4207238755 -7.57992835948 -14.8253514342 -3.90848658045 -3.5627825484 15.6898596432 9.39924374759 0.956140740555 -27.0242374251 -21.5092762166 -3.27756371783 -36.20474336 -19.6747419514 -1.95679107401 2.35707888472 0.311815670338 -1.9716312191 -11.3294892634
BOIL
18.2695987617 13.8395347955 -1.90675913259 -49.8724084426 -33.4140666444 9.93203948396 -20.130172084 2.87072597486 -18.3717291681 0.279378732728 -3.11394946363 -0.11141687288 -8.10037583209 17.822109755 6.33145332763 -19.4389220241 -19.8592057423 -23.6813149349 -1.93319707277 -16.1300652369 13.7812676556 2.07294511446 -11.6609345378 -12.3986318909 4.39310115979 -5.08698912187
BULL
18.5283576546 11.5685633578 -7.98173619004 -32.9250325035 -16.031815078 9.47304627181 -11.5369150103 4.36165071528 1.36904089081 13.6339690127 0.462425184515 -10.8100686238 -8.7697589239 18.7046059244 13.4048267113 -9.8145544945 -44.2886479435 -17.9426128586 14.0039605066 -15.7735239377 -1.37362673045 -2.00039948733 9.8981502791 5.64104040702 -18.4865551011 -11.4268285861
CAB
18.5778566072 -4.20896066103 -17.3000474232 -3.58169178524 -35.8315424168 18.8373172753 12.4542340701 -11.2804419525 -16.4849010227 -10.5600623719 0.487190594007 5.83937883132 -7.08873593668 18.2985087217 7.98173893804 -26.7886823265 -17.6768085666 -18.8195835985 11.0176510698 -11.1427972994 -4.09822522257 -9.07009330876 -17.9626112963 4.79666702605 11.6152914253 -16.231163402
CALM
16.646837876 -8.74022586781 -16.4427847276 -25.4413711527 3.10131166241 17.4189472852 -19.4054641149 -0.312882480328 -3.61018373118 -11.8157543457 -11.7626282898 4.0109754854 -4.88974485418 18.4887171354 11.7568666207 -22.3784437102 -38.7053175182 -5.05221887992 26.4693496726 -26.9060856321 -9.87479181763 -30.1059617307 5.32235611343 -1.01198458412 -5.42984804948 4.73366876461
CAUGHT
16.6619710294 -12.1199374036 -22.0805226361 -18.398850834 3.91580675731 8.88946063112 -21.7993505921 -1.11789828489 3.03948023861 -9.32346776773 -12.4154495366 5.86016648182 -9.32948962539 19.1543017862 8.06358965241 -35.727103737 -24.5067111748 -11.2007539197 15.6660999515 -16.1170273072 -17.4792790455 -6.09889101965 -17.7127005241 2.22719568312 11.731063031 -9.72884103151
COAL
18.7434673251 15.7569311876 -6.76520010425 -40.8304340092 -22.2890237396 6.43168615667 -7.60567322757 6.84766969928 -13.8397749147 4.69991062399 0.485380255587 -0.307891725777 -9.28990063571 17.3463067668 17.8548680778 -1.8705825413 -46.0498192149 -33.0029338639 0.526740351715 -8.35518956363 7.64361133896 -22.0412419645 1.59476811128 -0.27220154663 2.2864999023 -5.00234648629
CODE
17.9240740719 2.32215506026 -13.3732488481 -37.4683020626 -17.878819823 6.50426280618 -29.7950637274 -4.01691910386 6.87299638533 -15.8077131557 -17.170655132 -0.629307914374 -12.8668176871 17.0034903046 12.215593109 -3.91201487806 -20.9508605299 -25.3412427321 -0.393620181737 -35.4625393731 -9.78360323081 7.48216402574 -2.32772186098 -5.40485488608 -1.76620493837 -8.51628888006
COIN
18.5115746695 17.1788840896 -16.1104304752 -33.0220569982 -16.6026503946 10.5565945185 -16.1927565991 -10.3845817799 -31.6022651713 2.09784025921 -2.94518882728 -12.4837039878 23.7567580333 16.8257875386 1.55557797977 -2.24673380247 -11.0698084448 -35.5302554081 12.9994513549 -29.7912454068 -9.29658958817 -11.5401412786 -5.55251691569 -2.3948759104 -6.94241935171 12.7490631759
CON
17.9352952373 -1.88189880256 -23.4376632064 -17.1960742657 2.47687473908 17.7227383693 -32.0179393989 -5.61223066056 -9.12530890859 -13.3830153396 3.6103379751 3.83703791868 -2.09951139651 18.2894583578 5.75529181673 -26.0831161633 -22.4534826982 -1.8165859713 9.36222527192 -39.1831009611 -3.6243450328 -18.0570005697 -22.0212214493 9.16263053508 6.55915804889 8.10376499601
COOL
18.3553151431 17.807176926 5.64693351307 -33.5723774053 -19.9185239515 -8.40996709386 -26.8936081467 -16.3023820103 -13.3746208635 12.6302301666 10.9532184884 2.84442042099 -18.0344123526 17.8249132753 18.7340547932 5.47500589829 -35.9665417327 -25.329548425 -6.26032403187 -20.4758906746 -11.0379978053 -24.0274478826 6.37013762283 9.30212983007 15.8037355763 -11.4526867808
COT
17.3302633955 -14.1597708277 -27.2222388141 -10.4058466104 5.26999922308 13.939714709 -13.2462393265 -6.74559839997 3.20779636335 -15.9986307234 -8.45579019217 12.7530756254 -11.2617223641 19.2312435623 4.84277264157 -36.9631599724 -21.496573808 -13.3794016345 11.0196624229 -16.6398040913 -12.8810810634 -10.7625916841 -21.0305362859 2.69977510601 12.8785016206 -14.5204152371
COUGH
17.0593725623 -8.27356158858 -23.4439057311 -14.994545417 4.81458667523 12.2395910435 -11.9292260595 -3.78418765044 -0.645412788036 -5.08463121652 -6.90345183279 7.20047877707 -8.56209847074 17.7390351469 6.94390482585 -27.3264751456 -25.9159094305 -8.79245261016 23.8315393441 -24.3867480899 -8.50461391247 -10.3255131407 -14.1340814864 -6.71002381514 5.77134575535 -4.04112579845
DEATH
19.4540856399 -2.04506763379 -19.8446550792 -9.98700813523 -41.0648676983 -6.92048567023 4.41531356709 5.07380088796 -20.5311912605 -3.61377401469 0.47572353858 -8.09646552522 -1.24110791737 17.722433104 3.91261749884 -20.2529508716 -11.8617914919 -21.763867093 3.84582596415 -10.8081321983 12.1220684498 -26.1951414136 -22.6020859846 14.1887438421 6.09164474746 -12.8544031467
DIG
18.4600491254 0.154920503083 4.02780840551 -2.97559001931 -48.6602751475 -9.58946981736 -8.16901412188 -3.69866180229 -2.16345640472 10.2142191052 -2.55373748275 -1.96970682371 2.7144602221 17.3637935518 0.447403408515 3.78645886123 -4.69348167396 -46.5998291884 -22.0710484135 -10.1199536852 -8.29610125174 -1.7907503616 -4.02538103551 -9.51849692519 1.54897821812 -3.67547773179
DIME
18.9979854953 5.0457808697 -34.0013916077 -18.057034612 -0.631024353256 2.44099508779 -28.7020273638 -3.29734171948 -5.68562249236 -23.2712630899 5.16314139392 6.6434767878 -3.14873085923 16.8425145962 4.05071884693 -14.0182539289 -12.1744795696 -20.7956926811 3.88900758022 -18.9544369815 -1.55059860214 -20.2026799144 -10.3607586522 7.54733302577 -3.34344142385 3.00290227323
DOCK
19.426207449 4.86805703898 -27.9349096212 -26.9336102967 -5.63586936686 9.15300031631 -21.521181472 -6.20844767373 -3.06545808373 -11.2972647302 -4.15396126618 5.95558337122 0.802896020362 16.1952398115 -4.03894379061 -22.0480600065 -14.5866993319 8.41271575024 10.5939063522 -20.3345152704 -11.5821499396 3.37277177396 -12.8794713708 -8.51089373695 7.31816240278 -4.23530214934
DOLL
19.0498964265 4.7178079931 -24.2333780376 -37.8441730863 -8.43132505149 14.8829351889 -22.0171868378 1.06394998321 -3.67772542902 -9.87013325803 -10.7194762205 7.12945283451 2.42890092715 17.6241239859 11.0641624 -19.4867467207 -39.8268074876 -10.0214509533 24.4893200572 -22.1948032494 -8.38216387501 -9.13217247796 1.78063721438 -6.37489829348 -10.9394096082 5.37961965464
DOUBT
19.1156328198 -1.46469664599 -29.311589935 -9.30494578069 -28.3487908733 2.56344049923 4.2932801299 -0.724267753252 -15.407006336 -11.7827898939 2.33112027169 7.27504511685 -9.71378290989 15.5463896448 7.16003327135 -9.93576146936 -33.5278357164 -20.3836877762 8.28704549562 -30.9266366367 -6.95087227877 -1.22818146275 -2.08074492445 -6.08204788328 -11.58971456 -2.95393258045
DULL
18.6171439854 5.73218988605 -5.71687845852 -33.6712867374 -8.15922435103 -13.9500922202 -24.3476565944 29.2379396029 -1.47835391696 -10.5516054039 -9.52016595641 1.31692827608 -6.55889833362 19.2493095405 10.0615485892 -19.5229172517 -41.79387985 -5.54284584207 8.52212406616 -25.4045942279 20.6258749378 -9.17270707454 -9.14477928472 -7.82664309252 -7.22594778442 8.06123354323
FADE
17.8616514882 -7.25437473041 4.1194477766 -3.44267835513 -48.6545553832 -4.33958209267 -12.2805291034 -5.49732087474 0.00710505130196 6.07049071491 -10.1367810299 -2.2170450252 -5.89441696481 17.6733622201 -0.182409743431 19.1818262223 0.768266123745 -54.0108308035 3.18543085886 -35.9752900898 -14.0669975944 1.66036206314 0.723149601974 1.85557984713 11.6752107021 -3.85863287369
FAIL
17.8124509047 -0.757972358968 -6.22886450015 -6.60024912588 -46.8953756463 -6.58331347271 3.46696892658 6.42233108013 -10.557803268 -2.92660921239 -7.02719720631 -15.134397495 -6.61407442552 18.0101031232 0.946098543079 -5.06243861119 -9.26892916662 -53.5728782801 -5.86793149178 2.37183037766 -2.20438065985 -2.1791804875 1.84830303291 -11.8576028717 -1.40625847264 -15.4552465348
FEED
18.585845624 -9.45937314637 29.3775557712 -0.945266565153 -49.6309190107 -0.0290486522639 -33.1454867153 -13.9512263523 -3.38076689669 -4.5861997758 -7.4905954515 8.87481786643 -11.8155981902 17.5066691378 -2.82409143894 22.4132960691 2.15620209212 -44.8205788437 -1.76780997539 -35.029628964 -15.0943659873 -4.3839420734 -4.57955398489 0.831168149985 10.070388742 -9.83805370385
FELL
19.3752493247 1.69598279774 -22.2669382927 -17.6562790263 -23.1977913062 -10.0194771335 -10.3233429327 19.0590697943 -7.28873870882 -25.1172537378 -4.6888244221 15.0779509773 -11.8613329879 19.7496302367 2.46474885065 -30.2508872692 -17.8655021236 -9.62895891626 1.56855624952 -10.2697414702 12.4717555106 -9.88897779571 -28.3500163844 -2.41813464798 26.8279871123 -10.2228553541
FIRE
18.8554234496 8.46969781518 -32.7713544585 -17.6705054085 -11.8101387737 13.4652632044 -8.34900175487 -19.4365025094 -11.9730675917 -10.4616857682 3.05341595974 5.24456547646 -13.6454309503 17.1219026479 5.00608752541 -15.8370833478 -6.6217915035 -43.0078894068 -13.2617135868 8.18466231127 -9.34737304384 -26.0371984047 -9.52344410682 -0.727208877764 -9.83749431569 -7.55775810913
FOOL
18.0806414829 14.2646016981 6.64564734119 -39.2959170865 -29.9356732262 -13.7470488327 -25.6126019054 -13.3463769268 -18.2166114071 1.50897440982 9.51938491218 5.24739865276 -18.8453473213 18.3911232418 15.1072371088 10.8991041057 -36.51790305 -30.1339331306 -11.5140263207 -26.3683403569 -10.8923323274 -15.2287372488 -0.365264454886 11.5578291707 13.8468766189 -10.8833263034
FOUL
19.0044171061 3.67584239931 -31.1402735832 -15.5871874364 -5.0278359613 11.3973706945 -12.5447209091 -5.54953042034 -8.73764248459 -15.4189271491 4.08449612626 10.3986613975 -15.3301068471 14.9222058653 7.71877561079 -13.3494818369 -30.4146669681 -5.27212857197 16.076818293 -18.5920791923 -6.75674646937 -21.0922166196 -1.24722941107 -3.41479402945 -4.68047536821 -5.42621975226
FULL
19.1146278453 4.90208101093 -8.01096865622 -59.4849261391 -27.5654204096 8.57256487196 -20.426825863 -10.6334437463 -19.1271352464 -6.1454088761 -3.65539537443 -9.70302686007 -14.6316429043 18.9492514595 10.9577825152 -10.0305291273 -43.4557546655 -20.5596749754 9.99777108697 -6.80972090526 -2.29676422284 -8.72283139533 -3.34592260769 1.93496558386 -6.45921831883 -7.78051962038
GAP
19.3663787788 0.420472612195 -25.7936108451 -4.44289622956 -36.7201063574 4.32547705024 9.77957642652 -5.90538498241 -19.9768761993 -6.65245784242 0.379999245927 6.68852027314 -9.59413184471 17.8817510196 -0.653527287809 -30.6024453078 -14.1038317669 -14.4881430394 3.62064427662 -19.8242624329 0.078076511881 -12.413612522 -19.0475628207 -2.42905288074 17.8665296864 -19.4053519958
GUIDE
19.1210659397 -1.62170015302 -31.9846845395 -11.5135096043 -14.8369858042 6.56571414864 -5.05445665052 -3.12446961076 -16.7345717361 -16.2352048267 5.15366396773 16.8595415933 -22.509526853 16.8158502498 2.43605186617 -11.6229465768 -3.11240818159 -46.5851694019 -2.41322347334 0.738866637408 -5.56079889071 -12.5704537548 -7.03025889129 -1.89812989174 -1.51042940117 -9.19114763396
HEAD
19.4978946282 2.43635708508 -17.9442836555 -9.60316593433 -30.7236047758 3.16000997571 16.6671656734 5.72539407139 -18.4692106264 -17.3227021103 4.50398390242 0.648785130324 2.30612337509 17.7280430077 2.01536839038 -4.88668626627 -18.3289057369 -41.3747218819 -15.2274727846 -3.70266884737 10.2266597573 -12.7452630474 -17.8238358875 1.18291801489 -11.7870681394 -8.14301300822
HEAL
17.6878576085 -3.389617238 25.3569975143 -3.88212206704 -41.2529780959 -2.25668268228 -31.9597885799 -14.17853298 2.37078039491 -10.6923489131 -2.93302393433 6.54899303975 -18.1327051525 17.9306648328 1.35982479096 12.4241865428 -2.62476692914 -44.5406350636 -9.74745974989 -19.8990831446 -11.2524083685 6.11588597686 3.12108663849 0.667332541534 7.89051374968 -8.12713001968
HILL
14.3231482079 -21.7914261081 -8.10471795865 -7.30381832396 -40.2708297087 -1.88573851742 9.44724195357 2.59057741024 -11.4575744011 2.15400181631 -2.42760398454 -7.96438091104 -2.84925162144 15.0050199634 -19.7283418259 -9.49297413521 -3.30138257452 -37.1655202978 -6.74853716712 9.46389739608 7.44378820668 -14.1218134115 -1.04246504993 -3.05350776161 -3.28579180261 -5.76681198113
HOME
18.7303856671 16.450735806 -15.8308208135 -34.2377330025 -17.7695474759 11.4279444134 -18.6986679569 7.2814032288 -35.9990321598 -2.57609170802 3.24837861932 -5.8671172889 20.2850582113 15.6026142208 17.2134706318 -2.64481992111 -20.2178290382 -9.75689792419 -13.7680703938 -26.5882387079 -19.3430064839 -24.6219236973 2.61998319292 -2.53526860683 -12.1864970799 6.48362395016
KEEP
19.0006011337 -9.47471906428 26.7934534539 -19.0516376438 -52.4108721503 -2.67873048972 -57.8153211642 -25.4042313575 -17.0276276523 -14.1686801958 -8.06614609171 3.84102717895 -15.4147657113 15.7697073116 -6.03525136388 16.8504279182 -3.43836199206 -33.2358880984 -10.0557031881 -31.0105620486 -19.3728566438 -15.786027401 -10.707846933 -4.2297676703 -2.42873405195 -7.86551872878
LIT
18.7002598585 -0.919993305397 -6.81609842402 -15.1929790207 -49.0338579177 -29.3395873472 -9.58515430774 24.2212528206 -20.032521846 -12.7178913114 -1.32426198836 -9.54845221789 -12.6759978016 17.5465510497 -3.17951737262 -3.81155423304 -13.6429339333 -46.8531475959 -21.6487107448 -3.99464244101 15.3789339436 -16.1934899183 -0.8770164845 2.92334373708 -16.361399427 -1.35108482046
LOUD
18.5613558339 2.51143368634 -27.7627204946 -19.3536080526 -5.28260685873 15.5778109378 -22.5027545237 1.81715165808 -19.8942348467 -13.1572331611 13.5681185237 1.18123164832 -20.6808638443 16.9518579432 10.1112744712 -18.4151214352 -25.1725964101 -19.4863223086 6.99891065914 -27.1980135958 0.456344867657 5.82719893496 -19.8056280334 -12.988620406 6.89083271688 -7.62727498564
LOVE
18.7613140109 11.2343791847 -17.4702394397 -33.9566919686 -3.55308213404 12.594124738 -24.2432671957 11.8033566387 -8.54302193696 -10.8824506815 -8.85754264008 2.13975659685 4.69563417674 16.3486221475 8.47415575408 -8.38294123407 -24.4001826799 -11.5927300919 3.70126975101 -30.591055318 7.76553824533 -11.2322979854 -22.7921298603 -3.58290564793 6.55300667386 -6.18916981135
LUCK
18.6447440945 4.64361735427 -19.3836124273 -38.1713457961 -9.6682350186 23.249956886 -37.6229314087 -0.61622642439 -14.2285717192 -8.11767515598 -7.12471789951 -1.24654216996 0.676302180871 13.4573174678 -13.1790123789 -11.053050771 -10.0937547994 15.7861326911 6.91697728943 -17.2973657612 6.33287428157 -0.148113344931 -13.0972241234 -10.2540648664 4.9913589257 -3.81697657727
LULL
18.7217024996 10.8993048322 -9.56564040632 -56.4243508854 -9.90706026581 16.0553449529 -25.1438612269 4.17679423936 -11.7865662348 8.06496180267 -2.474007701 -18.0518990361 -3.68084789138 18.645412258 9.45420830999 -11.7450864619 -45.2210628589 -6.89253131534 15.3004257657 -18.9742788281 6.25545346149 -11.5804113535 7.79897218339 -2.80555332003 -13.6930984931 0.59024524877
LUNG
18.8373407259 12.3010975673 -12.5077417648 -46.7943766061 -2.10860779875 22.8750658349 -30.6117623664 -4.32824139859 -29.8840019996 17.0796177025 -1.58077609708 -17.4341005193 15.436110881 18.4863562981 11.66919139 -21.2810267282 -40.4400657978 -4.11053440263 10.8320981742 -42.6502665958 -18.6160016941 -33.6761643478 13.4514067427 -8.28110578284 -18.2321880611 15.1281652127
MAIN
18.1059442367 -4.405546661 14.1194485101 -11.2113559864 -51.6374207703 13.1895294451 -14.3436814594 -18.907420097 -8.95728245915 -1.72339339303 -3.98193663988 0.770754393936 -5.73640537688 17.1564432512 -2.54039500434 19.5239984253 -13.4286005142 -40.8174354167 9.19253612178 -24.7855102897 -21.0035811141 -1.17926523378 3.4282221573 -4.95502154922 -4.54170089364 -6.34335138529
MATH
18.8615806942 1.79363195788 -26.8551711194 -5.83347580913 -23.5090916895 2.64641789864 -5.56409802212 -2.04305784047 -30.680432113 -3.08077101009 18.0122224504 -13.1290743106 -4.34585474569 17.9220136291 4.18101337602 -27.5998717052 -11.2964318585 -3.51096364215 1.4927332726 -37.9943057633 -0.6744877376 -25.6737738275 -20.6534314972 13.7904329898 -0.637096056382 -11.4652470775
MEAL
17.6193007089 0.71645604799 21.8002687362 -10.5460649471 -36.6765421954 13.6979016126 -38.5148801594 -14.8402258397 1.81588290895 7.44916903804 0.104803731898 3.31302517007 -2.8113245485 17.3159991441 -1.15771148484 13.5206026702 -9.22645251855 -49.1530147645 5.09755740252 -19.0225882924 -13.0601964282 -11.8630025728 -0.470994513035 1.54031817219 -7.72267978099 -1.40236468292
MILE
18.4821829956 8.13233682917 -26.2952604403 -21.8367426025 -2.00400738204 19.1210077654 -37.5191899909 -8.93376167833 -16.372881624 -10.0292535326 3.06980777235 2.00226217362 6.67737220121 18.0652179591 4.20301692081 -26.0393955714 -10.2402440649 -7.03009918573 3.51809887237 -24.181720886 -2.43361759081 -14.3847101991 -23.6553074735 11.4924077653 9.11439578955 -13.2015715264
MILL
18.2869783871 -5.47258401114 -6.75648361429 -11.3513201764 -38.0651510923 -15.0449584863 -15.9362756593 5.26303991471 -40.9244220559 -23.4102901645 10.6291637513 0.346101360304 -1.10677599673 18.3821324094 -2.18308030687 -7.48883177746 -11.8149186256 -29.8087539853 -13.0661298964 -9.97853603918 19.035228636 -35.6316895538 -33.4428439651 14.0254007303 14.3412842627 -4.89731049323
MOB
18.9393790247 7.43297158795 -23.6703016609 -33.9555728592 2.220047161 27.9935330924 -38.7892506129 -5.48575168855 -18.7573145941 -6.40730718831 3.74087248387 -2.0540934765 3.25789790444 17.9905105678 6.91210156442 -19.9283505314 -31.028869287 -8.75146371638 21.2025714108 -29.5227122079 2.09060361032 -8.85814802934 -16.9416011924 -2.72918134659 1.07754909008 -2.41028912676
PAL
17.5818071679 -18.7201302566 -23.6304813924 -3.4007978231 -19.0306387093 14.7932014255 5.14156481352 -1.84089506791 -15.0343036258 -5.70695767462 9.25692197855 7.80572486425 -16.5756033605 18.9760397448 6.56510458983 -38.0644160514 -11.749578811 -10.5492562675 6.28705131293 -13.0598880768 -22.6495983097 -5.67826410733 -13.473651337 2.07514322667 7.66603187407 -21.7436957573
PEN
17.36417185 -14.699341247 -13.0310689197 -6.49540131524 -31.9413651311 11.2068331733 10.0058115476 5.00541148691 -18.2691162485 -4.5860245828 2.25987665227 -1.40089568547 -2.51320355449 18.0490911384 3.42100038298 -11.0286807953 -15.3749821125 -22.9209358868 -8.68726891052 -12.8077414998 -3.45407947542 -44.0519239708 -7.24029574799 16.059005642 -10.9646841673 2.34200453698
PIN
16.6834273772 -17.5476239197 -2.13639869693 -3.66137366234 -33.3261702867 3.5161713927 -2.78284501789 4.37272808784 -16.4741543932 3.63665999594 -1.81467126582 -6.40628460366 5.44630243708 18.045873481 0.0422264082339 -6.13803628542 -10.1109711332 -43.2418887124 -10.2587026442 -16.3417998827 -13.1363121169 -41.6219261692 0.897562990206 4.23712232858 -16.6562496829 -0.607485043088
POKE
17.3865731514 -4.27399111426 -15.7964303307 -32.1647884349 -7.68698546693 19.295911318 -24.9656848917 2.9124676737 2.98950577089 -11.2631948754 -4.64457384616 3.3751636044 -2.60609771238 17.4265839463 15.8582817639 1.94502836088 -30.6665431258 -13.9025434674 -0.66306668986 -15.0070541154 -7.64898396046 -6.31651687215 2.9194117779 2.09807139247 -0.936973486422 -12.0822477273
POOL
14.9628231848 -14.7127771717 -21.7136545447 -8.13062001407 -2.81350308862 3.28470713528 -17.2781574869 -15.2083049501 -12.0027122566 6.75205732273 -0.939563840423 7.73771128245 -6.61659480616 14.755278812 -11.4305405539 -21.8182749014 -19.0079580603 -9.60348926823 3.51471481077 -13.9583758976 -9.99019133176 -5.66140163371 8.8434376515 -4.91464490532 -10.1266965886 -17.101958904
PULL
15.6370344534 -10.2162532987 -11.114609361 -34.5416807088 1.77229372783 17.9389931749 -15.9207420769 -3.02208268771 0.322500543685 5.67764627757 -0.797832977684 -11.8950211268 -10.335888621 18.8079570971 7.955206659 -2.03739009783 -58.6537671176 -15.3859904939 14.1633007356 -20.4782355386 -2.83311277005 -7.89962253353 0.477191605205 -6.17864770439 -10.8806632863 -9.38079088063
RICE
18.9655474582 -2.14017590159 -26.5771814612 -2.36237194988 -35.8568600229 -1.53104833224 8.58744191947 0.659662423393 -23.151155256 -10.8637239594 0.794709587638 1.2775300994 -5.87528482497 16.6132476333 -3.64909575126 11.1746795526 -1.05220042376 -50.9548397576 -5.20768734212 -15.0031196336 -18.0675858698 -3.30155700671 1.09742156739 -10.1526783022 6.53983002312 -13.0586853296
RIP
18.4107090139 8.15820955615 -19.6132905312 8.60717513396 -37.5703891035 -32.1264177655 -1.45603183905 5.44787883259 -13.1159262342 6.26482527789 5.01498475131 -16.4591495557 4.51899933401 18.0054331807 4.22146665111 -12.6400980245 -3.95250444824 -33.6372286094 -17.0585392 -6.3644845925 16.9470520897 1.37024027773 -14.3663804262 -4.5158457908 4.77153584692 -11.3067635835
SAIL
18.4501474715 1.72929470394 -4.67742712196 -14.5025123554 -52.3343962839 -10.1110376029 0.833796447548 -2.31968788943 -0.811299381445 -4.09622187004 -13.8001455436 -13.4398167532 -2.15265184141 17.8315994336 1.51991546979 1.06647743189 -9.09018105811 -53.2655665557 -3.3627589194 -3.94510676092 1.51501441256 2.98491473451 -0.748263178952 -11.6051070086 -6.57345276448 -9.46717334955
SELL
18.900785124 8.22215670636 -23.5606157545 -19.0339972901 -22.8726671322 -11.0840683543 -9.23585308955 10.5798607479 -1.67071353216 -28.6830996885 3.4621421553 5.71758406996 -11.1780170775 19.4037166206 6.12616304626 -28.3550608961 -19.5968991851 -12.9321780358 -3.93848645357 -6.29654215114 12.2345227364 -5.25575974597 -30.7310284726 7.6584841805 11.3115208753 -8.75283949925
SOUR
18.849184671 6.18676112608 -36.5529497968 -18.2920611696 -13.6151622386 -0.164181527318 -6.68980119004 -10.1470719187 -12.011486997 -20.418007859 5.26019419044 9.06137044177 -17.7781474422 17.9376261985 11.2370351971 -27.6554848736 -27.7220571707 -20.5542653618 18.4729855153 -17.1222053022 -15.4662714317 10.8328427271 -12.0394888853 -12.2334135939 4.45555431772 1.21309476092
SOUTH
19.2414871471 3.74228957285 -33.4925183555 -18.7895996889 -7.16075739536 -0.544012490459 -1.4998784748 -9.6289568933 -9.60641761751 -22.2071161313 2.53373417366 9.07204033082 -13.0031551134 17.0850781843 11.5783471638 -15.4972740925 -36.8983369702 -10.3264712005 14.5182906154 -21.9010522545 -12.0316457457 -11.3286949343 -10.8832479921 -7.91398284215 -5.29813304633 -4.02660065919
TAPE
17.447753431 -20.588010723 1.03260891648 -11.1024630393 -41.2125035096 -3.13978839892 -10.0822503403 -4.89293613978 3.23722090124 2.29665032022 -11.6784040307 7.21909738423 -7.51215494489 18.0671782779 -2.04388052161 12.6540395988 1.54693784632 -52.2945736258 -10.6181914446 -28.1243418669 -20.6582377921 1.33647373998 1.00707659709 -2.39541151824 11.2917300877 -7.60312034951
TOOL
16.6873526906 3.32652543278 0.84391283069 -13.7550349811 -20.0140376068 -3.64937023638 -41.412337236 -6.43599173367 -2.26505947323 3.22979092054 2.0799018601 -0.706666807716 -15.2062873695 17.6946394779 16.4097354536 4.01529287247 -34.4808479954 -25.4383073957 1.7334235691 -31.5895838375 -18.8660795742 -18.3628075931 5.3589687769 12.1961919015 8.68737140784 -15.2308343044
TOWN
18.5490499663 5.61042891108 -30.7699951634 -11.3711352158 -7.18039639394 -4.98674204879 -22.8254916289 -13.2433777234 -26.1126770026 -21.253942826 15.9815749669 2.97022660495 -8.39128357501 17.6849605934 12.3929317873 -20.3859424224 -23.3233198141 -0.00678407894979 13.5539947248 -38.6674072735 -13.293712743 -17.9385559683 -7.13539991846 11.6876785783 -10.4333848301 20.2415848476
TUBE
17.8853436058 3.32499664695 4.03648953302 1.76016073043 -37.8642192515 -25.9536549794 -48.46085182 -12.0558974659 -4.88432460831 6.61526260443 -0.534010426118 15.1678253536 -7.92420178132 16.9241662037 13.1916734342 3.94100289789 -12.4652677843 -20.8994859796 -12.5500947015 -54.275266642 -24.5947679944 3.5662912314 10.4067671437 1.23409226644 8.87247565497 -5.74837585471
VOICE
18.1714362784 11.4245126417 -6.55249815527 -41.566951104 -24.0782510559 -1.20718228904 -19.4951029487 4.32575067154 -9.3056697425 -2.89123383524 -4.4516501294 -1.10844400069 -11.8697174627 16.7624143069 0.432400742284 4.013767743 -8.21569259165 -34.0137619228 -14.8455904417 -15.1362262361 -3.27250912639 3.29476012584 -3.67778892527 -12.1078527639 2.73297467576 -13.2796303217
VOID
18.0303324502 15.3276955031 5.02996288923 -48.3148710273 -28.7446569962 2.68029951693 -12.6476248773 5.59305301404 -17.6923414186 -1.71000720496 -6.27815379769 15.4500418522 -7.48419935348 17.0688411993 2.43437117411 -2.65885417699 -5.45371724311 -38.7758891725 -10.04062146 -18.1848525658 -1.70402098355 1.81238279123 7.36065418491 -11.3111690082 -0.587477470801 -6.24476038189
WALK
19.0582531673 9.66055517492 -17.4097697216 -48.93267739 -8.91471311863 28.7613704798 -20.249536728 -13.3512725733 -14.50834551 -4.00194600681 1.4667385329 -0.0745172743337 -11.0685551379 15.0740539932 -0.690114977982 -18.3184027007 -23.8863622539 2.02391485664 15.0806869417 -23.1807196333 -16.6836486498 -2.45146649966 -15.3720829038 -6.38021056868 0.927182954593 -5.95369292888
WALL
18.7448333234 12.4029478593 -18.3245712532 -43.3307527756 -12.6643895497 27.0609648246 -9.70597180488 -4.33588146612 -23.7519044639 -0.00609668271532 0.426796066447 -1.79515575034 -8.29609703048 17.7587327799 13.3070336362 -19.6702792226 -43.3133741765 -9.03652022016 23.3307129007 -21.4348406171 -4.72868843917 -12.5213209094 4.32187409423 -9.60375662354 -7.71620096417 0.10994765236
WET
19.0147455765 -1.14560081382 -21.4635850081 -10.1183953844 -31.6340021903 7.42416486641 -1.98095642908 6.02844283203 -27.8287627135 -12.2820584417 18.1510180499 -0.837094624433 -10.9972805558 18.5876363814 1.46410766752 -23.4848074039 -12.5060509357 -39.2250008429 0.214353515324 3.76837280058 5.69894248956 -26.4552327736 -17.6814092042 7.18089011845 -4.60883629354 -5.62405604465
WOOL
18.0321947704 12.2989963931 3.11803817243 -45.4093077447 -19.1316284555 2.24257944436 -5.27519245288 5.7779939345 -15.0215027907 7.2197720225 5.97921459031 5.20185498834 -10.9703177121 18.2091513574 11.287149291 3.09373060881 -56.0781844632 -26.065417331 3.18043482783 -18.3380854736 3.45167137114 -18.3282096463 3.14634862636 3.38604255894 -3.75744342649 -13.0317813358
WRONG
18.7519716591 8.58023152926 -29.1653196742 -20.9063480911 -7.03092181541 23.8013389355 -18.8167946735 -16.9599172405 -15.8163846274 -9.39718099443 1.16132981975 9.38267635484 -1.5288336816 18.1123323405 9.69151354255 -21.5340166214 -30.0440739512 3.23509006361 16.6690368259 -33.0784467717 -16.5109576171 -28.9750566974 2.33123101812 7.07912024244 -7.40098442719 6.0626723494
