BEAN
18.1384458229 -5.3496391949 10.9635511018 -0.17588528075 -52.7397370265 2.61552687881 -33.0808784093 -18.2772503725 7.50529820186 -4.10492151098 10.0898355394 15.4455083199 -15.7455662196 17.0816651438 -4.6166084079 5.6342482903 -2.15936372635 -46.014409698 5.99099344497 -30.5889452911 -9.00951005551 -4.65571842452 -3.12555513777 11.7676228927 6.23168204691 -17.0226809295
BITE
18.7851261442 4.87519386871 -34.8802871426 -14.2065455527 -14.1501239337 9.82435909479 -7.87957536547 -4.92745230755 -10.9788758438 -13.1039302857 -0.2332415428 12.1347229633 -11.7312785882 16.558845228 -6.25944013436 0.20139449 -3.37852958306 -51.967749273 -1.37343562125 -7.20237265553 -12.006718457 0.018704005277 -1.11540671523 -11.6801454352 4.96275634122 -14.1715617353
BOAT
18.2070468024 7.89657128955 -23.9662235474 -29.9855678938 -18.7656208096 -1.25892452708 -22.8456469758 10.3331012161 0.217385877065 -15.3486788997 -11.3277957773 14.9657130114 -11.5280790105 16.2636480679 6.16567815196 -13.2302550142 -29.0340698388 -22.5290288096 -4.12703843107 -31.1755520723 -8.37073060271 16.2976896963 10.7478576654 -8.07758147977 -0.426112814211 -9.22167835562
BOIL
17.5099333428 14.4629387683 -11.435005819 -39.8612621297 -31.8203467412 17.5668838424 -17.136996894 -7.16248944642 -4.6649115471 -4.07250080486 12.2387508824 -14.9800309993 -10.2240993538 18.4377958526 1.17438850482 -26.8435574796 -16.5063210615 -26.5707819806 6.12303969154 -13.520491754 15.0392156185 -6.99533187038 -11.5160665941 -13.0535905069 9.41169202364 -12.9476805563
BULL
18.4745996098 8.65787758118 -16.6068380258 -58.8545787807 -26.5463921118 10.4431612148 -25.325291451 -3.04721684423 -15.2069694041 7.88435181563 -0.00592652194615 -15.3157739518 -8.86293695377 18.4394679066 9.23234646046 -15.6054734579 -56.4324920318 -26.0319195307 11.0964027041 -25.7901237722 -2.81091670053 -14.1591047253 3.40366468605 1.84305122151 -17.3448224981 -7.26729425497
CAB
17.6547095033 -12.1532983471 -12.1241396112 -4.6356026412 -37.3890706423 2.89215831694 5.82432259368 -9.9572147053 -12.6042430002 -5.44406976367 -4.56832880226 3.24335328565 -7.83358495119 18.2062766966 1.05876582524 -33.510017859 -9.45544013002 -20.4198379963 -2.64334668857 0.0822877628063 -7.94589789516 -12.8892411707 -14.2324471059 -6.18447388312 16.4400389089 -17.2159271908
CALM
18.925956234 15.680281493 -32.5597263854 -33.201773755 -0.415481477301 13.6845688038 -6.2387190113 -18.0486063411 -8.45320107841 9.97805326147 -2.14934699038 -2.23135092246 -5.53967181913 18.0875386541 14.7382609265 -28.2536399814 -33.3735958419 -1.21766818663 7.92545114437 -10.6232359946 -16.0074264621 -9.58065204023 9.53892930185 1.77646667266 -5.77640757369 -10.318969688
CAUGHT
18.0755554262 -3.18496285986 -27.1156666966 -15.1730513209 -3.81368561669 9.14138146757 -18.5145986832 -9.13693225685 -8.81866451268 -3.93865128276 -15.1878558184 13.7192285758 -7.25994220353 18.4493064323 2.66285964511 -32.8545150015 -17.8647765381 -11.7071000752 14.3879069484 -16.9904079505 -12.1165684622 -8.13642017454 -3.11940516385 -10.9873175278 12.4933340585 -2.75186417839
COAL
16.7800505547 0.259460273772 -15.3057336143 -32.6971852325 -8.31117873107 15.2997139129 -20.1546487381 0.546547074973 -5.63529590134 3.04018999833 -9.50100236776 -5.7284017418 -4.11525271012 17.3755611278 11.0661697392 -2.95563823824 -47.3955604607 -30.1506647576 16.0698517822 -21.9048089157 9.61574481271 -19.4599031836 6.19992705043 -1.10329042478 -12.1094153898 -11.9274979593
CODE
18.4516244147 0.971094433289 -27.2060210965 -11.1163769506 -22.6300631855 -12.0340251315 -5.75045038053 4.69461887155 -10.8745716064 -17.4048309442 -5.09797098263 18.5814447271 -21.5520167055 17.164447145 1.95942362291 -14.3704465415 -10.1965777685 -24.149477945 -13.9032493442 -20.7078695763 5.08579340834 4.60341911692 2.41286101142 -20.1289612381 17.3802791173 -9.78839497657
COIN
17.8284051018 11.2515101703 -13.9161468228 -28.530169209 -21.9380245249 1.69546815917 -9.58186515128 2.15575307115 -5.127860739 -4.77191252722 -2.59975578941 -5.6818398804 -2.23820342691 17.5911685931 -1.97622026605 -7.98667915727 -12.3658990522 -39.3751676758 2.99916224558 -14.9237478488 -3.37377884064 -8.82144189258 7.82219667325 -10.7010243559 -7.61445649282 -11.6432567762
CON
18.0298321207 4.56306483099 -28.8086918736 -17.5147008377 -7.45943090531 2.72065546791 -24.3365605922 4.1507373628 -16.9513338106 0.0207240713929 -1.60552805426 -10.0250895657 -3.70035628115 17.8927819312 6.30260864584 -30.0036654934 -14.2615418294 -16.7288337204 -0.605596778169 -30.4665403085 21.6908511634 -18.9766790434 -3.99152871952 11.4559853279 -24.5614200099 2.27014129619
COOL
17.8442903931 21.4171193105 -4.49267226575 -33.8350992725 -24.4613374599 -6.39496686161 -20.8714789125 -17.1348745453 -2.29161588411 12.4035860831 12.492322271 -1.149194922 -16.8946389934 17.7239682257 22.7663449303 -3.46591452728 -36.0590517743 -26.2426950232 -1.07286769813 -16.9334561548 -17.1814590751 -11.9304000643 6.8365820501 19.0704590727 6.59680533492 -0.632693865187
COT
18.9495842595 6.9477527137 -33.8362100592 -21.6217887565 -11.3995071902 4.6560273452 -9.15425303748 -13.8692826082 -6.96296517014 -8.13150023569 -13.1901549169 22.1470249125 -10.1144454874 18.1013383513 5.33912338668 -35.1331531734 -17.0578543328 -16.5914997564 0.506459306139 -12.6162558456 -10.8051788995 -11.9483686108 -14.1546060525 -8.9752183726 17.5110276011 -9.3374125223
COUGH
17.9004175892 -1.59371495901 -27.9282461401 -20.0185929972 -2.95861623951 2.25957305345 -10.160379321 -10.7749981882 -9.24167121831 -2.12246812398 -14.6122110021 9.64002840891 -2.24479940776 17.9311691037 4.91890829729 -32.014935308 -21.3183998557 -13.0498582458 11.8735198152 -12.3491285001 -15.8717213526 -9.81125094069 -4.07904039747 -18.754329464 12.4137723775 -7.05127944194
DEATH
18.6546364461 4.70631374586 -23.6279818842 -18.1728699237 -28.4523334183 1.40352348962 -3.07116553311 3.02383449966 -17.4031378903 -12.6478309075 8.56454195228 -5.48105183505 -8.27787078565 16.7454231538 -0.39000713484 -19.6197995139 -11.5251303308 -16.5304278007 3.40944454489 -15.4226808406 -1.31613746435 -35.9680522191 -22.5228350696 10.7700317225 -5.19095906791 -18.4181317362
DIG
17.655208998 4.82198369086 -5.85852381341 -11.8131147067 -47.9669528322 -12.5137998286 -1.86297742765 4.94330933838 0.255534248016 6.20342604727 -5.00496464741 -13.3268332413 -9.71422251168 15.9972353956 4.29275097662 -5.18718877227 1.59515599802 -40.7658025657 -27.6359005503 -3.22678607271 -3.91287806427 -12.9718467469 7.26380456493 -2.18849148696 -0.747246731336 -19.7657704016
DIME
18.6170184245 4.62371572625 -37.6501611484 -8.13932494352 -15.9900745209 -1.22733241945 -19.8386481926 10.7526216798 -5.68814434111 -15.3075962442 2.29906122269 2.46316841527 -8.21961019903 17.6457176792 0.34991370673 -26.2816490462 0.277923857954 -32.3205510947 -5.34283943517 -11.0477501378 9.62075173665 -16.269268518 -1.94745058206 4.91497323641 -5.35846879114 -14.8310720255
DOCK
18.6403544266 5.69489608499 -32.4365689683 -19.8040945678 -14.8551462183 1.41997215494 -13.0616900287 -9.42890095888 -5.9157878013 -19.7342602883 -3.73437347692 8.08993066557 -12.7753703524 18.5439916649 5.0411855659 -31.145027775 -18.8966089135 -6.45053987607 13.0889700245 -15.196301289 -16.3452139892 -1.08679903967 -8.2319978456 -7.32599520175 10.1586596869 -6.34979408879
DOLL
18.2595979558 4.47384792395 -19.2926986718 -35.586748021 -13.2626058289 15.9416162617 -18.0395019674 -7.74887534681 -6.68565809794 -10.9850164972 0.241405896496 2.84157033721 -9.90476754065 17.876144465 5.810925031 -13.2614285536 -47.7702377665 -16.9424991187 22.7972581332 -22.6582581861 -7.80865874388 -16.9834034457 -6.13518644084 5.98621506966 -11.9329140919 -7.41366608264
DOUBT
18.3817298932 2.31471532663 -27.796934893 -12.9459906297 -20.2186821598 -0.712252371473 1.04004516063 -9.33785850424 -16.1213476185 2.59740171934 -10.7958061172 9.29196331287 -13.6002079243 17.1922392891 10.529076232 -25.2601620011 -33.162216529 -15.2222582487 9.05628875045 -23.2413316058 -12.8295430959 -2.47507563941 -3.4003851557 -12.2029128521 0.632177129303 -7.49369464529
DULL
17.6455106666 -0.0636915656699 -13.0534126147 -24.8513943994 -27.7022308816 -8.74902566923 -31.9745585112 17.4315035412 2.14585621714 -15.7120864818 -10.3827887466 -0.0462333196263 -17.8723211932 18.305528597 4.80856169905 -20.2597522704 -29.5253181681 -20.1332616312 7.87233143369 -29.6458845353 9.44784960271 4.75605123944 -8.3695578974 -7.80589106484 -1.22790967171 -7.61808923739
FADE
18.4518598158 -5.10344786884 -6.57330937574 -5.07990244046 -51.8917519528 -5.99488877243 2.10691661245 -0.787898318372 -2.48644208063 3.35580005123 -9.84266305498 -3.42059279283 -12.410653299 17.4468762462 -6.2834206334 5.11951151378 0.427181036757 -57.3633773261 -6.01159392558 -11.667889647 -8.04705015718 3.40298319861 8.17592898807 -14.4044315245 6.76843538777 -16.5030254396
FAIL
18.3420659589 -3.18615530342 -12.5439249977 -11.4689329036 -37.7335046827 -9.12386074789 7.49283165042 -2.33042771394 -11.2182058875 0.865115621909 -8.20783867832 0.160499549503 -10.063408366 18.3070343397 -2.72281743961 -15.9140759377 -8.42290686745 -42.0861868717 -11.900455811 5.42807712941 -1.18735516516 -8.41343020253 -1.54392768339 -7.76786270399 -0.729235641857 -17.4266778036
FEED
17.6389184619 -10.5397055501 16.0306011232 -0.131834696028 -44.4793408582 -7.8224947585 -27.2089955669 -23.3668856517 0.273687539317 -0.712523228675 0.508473318942 16.4640034651 -14.8142080118 17.1949107 -8.20826329947 18.9540696619 -0.17810579085 -48.4388876662 -5.95112170407 -33.84825183 -23.2964543023 2.07331554801 0.34090573023 4.98977628054 17.6610282416 -14.3434924388
FELL
18.6640519078 -1.81453485232 -26.9124883777 -19.948380823 -30.8546281452 -6.97325186551 -13.8463600132 8.01854955692 -17.1675740619 -22.8444773802 4.70714292801 5.67577313804 -23.7777029803 18.6900522997 0.344011312929 -28.0322757777 -22.8082573084 -18.1576113173 6.09067618699 -13.7492565781 8.95720612381 -20.9003601643 -21.1107242733 12.0158662199 10.181197983 -15.9773337207
FIRE
18.5560730207 6.96715937689 -36.009549928 -21.0539951187 -11.3684664458 9.40966662741 -13.4052410906 -3.4066388829 -10.0724440273 -11.264178477 -3.84749679177 11.437172953 -8.44606467966 17.9699997075 -0.458274260509 -22.5940706506 -2.62670718917 -35.70692042 -19.1893893288 13.2702198841 5.58090637265 -21.0870778607 5.1171780159 -8.91366745856 -5.149540484 -0.955597647668
FOOL
15.3621323366 -13.7414476132 -11.0708265668 -10.3838302198 -13.0548150689 -8.6549282212 -14.4685436617 4.46186612217 -1.7747107964 -6.57518259469 -10.9826994983 -2.48109798161 -9.93493785564 17.9030489661 10.4943567267 -9.48046559903 -37.2839649672 -26.4958523696 13.2909207374 -38.9635584871 -10.3050244739 0.192424787292 20.8502346416 -3.20423516162 -4.7444729694 -13.7463467936
FOUL
18.5930004851 7.05335231111 -36.1424985702 -16.0993504714 -13.8206401488 0.721212611088 -1.20076251489 -7.52108760681 -15.9069143265 -9.3472861684 0.00984892933977 9.97552064656 -15.7622389656 17.6268124083 10.5013016426 -24.7461774369 -34.5602886387 -19.08552518 25.0428544054 -17.948351773 -7.02056186062 -4.68826720132 -3.13459815819 -3.22304380542 -3.95575164184 -7.61739683837
FULL
17.7154088854 8.15734797623 -6.38674021228 -31.5281127772 -22.8556566305 14.786322884 -21.9457493348 -2.79518600225 -7.721435259 6.69441061939 5.84909948832 -7.89535240819 -12.8703297475 18.516252368 7.40343416895 -4.00153412864 -41.1520713701 -25.1564705837 21.8335985951 -22.3466548675 3.94194328338 -0.180169488356 0.950933316732 10.1044219396 -13.3760897315 -7.99441122471
GAP
18.4566490427 3.05969543877 -29.1309565958 -10.6461762656 -31.2787369806 -0.0769412123254 4.02741996586 -13.8576599922 -23.6636980607 -3.67357974977 -3.13391366403 5.22159152847 -13.0105564632 17.9628293311 -0.187686939992 -39.2059827897 -15.1963412242 -16.7766705735 3.9360540847 -12.1656790179 -6.84096615455 -20.8833242183 -11.0220051405 -11.9977602263 19.1565993966 -16.3161154783
GUIDE
17.9599631778 7.19889025427 -34.8417214928 -15.3616644034 -12.3809074952 -1.22867148594 -6.36778621029 -6.99154149253 -19.1477415969 -8.08876009422 -5.82132269732 11.3944492753 -19.5189519225 17.8261937324 2.64150942253 -19.9863852044 -11.0481345505 -34.3891391352 -10.7883774222 1.69327148396 -4.11025723168 -11.993849578 -2.873857477 -10.1097362705 2.5034942964 -14.1919545938
HEAD
18.5644179647 2.32713445371 -26.4525359848 -13.8016789741 -30.6608814314 -0.227000691225 11.3747710726 -6.116543688 -20.2300323119 -10.907525937 6.51900001533 -3.18812848732 -1.78897407619 17.6450588282 -2.62875172831 -16.2439542989 -9.40559434206 -38.1547722985 -8.34139115651 3.86626883653 6.33757914232 -16.4255082831 -9.75580085174 9.7244344386 -12.8266020886 -5.94313458851
HEAL
16.9691145729 2.62293635248 19.4963922246 6.25905303834 -48.2085944924 1.87837740003 -30.0503477445 -8.66911290345 3.59784633494 6.26022257085 -0.512271451214 15.8079255308 -11.3404458077 18.320497507 -2.80468350392 -8.54180897777 0.995227706702 -51.0081748708 -10.9326262674 -8.76260166083 6.92715894016 -5.71042544832 11.0040359752 -2.15732554064 2.62327632342 -17.5851091226
HILL
16.0422644973 -9.54659416521 -7.06078839383 -7.42353793089 -36.5643992579 -7.89111330083 -3.19585582536 -3.38754673196 -22.015568305 -12.5428521925 2.58257133025 -11.4008494154 -12.1950855775 18.2512908205 6.8738769723 -19.989288274 -22.9624995233 -25.2698490049 -9.70736218286 -9.13802024312 15.9390663356 -12.0375030534 -14.8592457441 9.25205704694 -2.60714765327 -16.4535457763
HOME
18.4202062076 5.51132055744 -31.509947518 -21.5579198012 -16.906220389 2.87003295464 -28.3186162951 15.8112226433 -26.3744902894 4.17909406268 2.14026578828 -18.1594232847 0.612098568198 15.6332681599 5.80325894858 -14.8919765122 -7.03273371459 -17.9017101612 -16.8262791278 -22.5585468528 -6.80690338472 -35.4767285554 14.0367556605 7.64317207111 -6.9611645849 -7.42146157916
KEEP
18.1715134352 -12.1918546151 17.9865467214 -3.67432362905 -41.0507513322 4.37543676558 -31.1607261924 -9.85397045901 -0.0392310679536 -1.63571678981 -0.46574378761 5.73328124943 -9.55512826455 16.4247095918 -13.6037842344 13.5051058943 1.3733936728 -48.2470489106 -4.81408564813 -26.7468638183 -15.2145781335 4.50615136522 4.0983148555 0.134739393569 13.5892245284 -17.1365399766
LIT
18.1662023685 0.221208706025 -14.6018912701 -15.808165891 -40.4817837942 -8.61755223807 -3.68122279753 7.66029780967 -17.8610488063 1.27366617893 -0.977402784 -8.33462207385 -8.01097886613 16.1557012357 -7.76685605225 -9.58435697538 -14.7270149462 -49.4132004604 -15.0125528506 -6.15668548879 1.14099169101 -16.2831412111 -1.81910289543 -2.24002398199 -13.7482403203 -5.44426578324
LOUD
18.2081469532 4.23695661771 -37.063716816 -9.65620208105 -13.7422717405 1.40502518494 -7.4236888659 -7.91949218345 -14.9497242158 -13.3074237581 4.82060477866 14.5696815488 -14.8648146504 16.9358644211 10.0302733239 -24.5855620017 -25.7480253912 -20.3312639237 6.42645272397 -28.8930467539 -1.16872041266 -5.85543177704 -13.7607654712 -8.20436543082 5.34701866988 -7.51088202439
LOVE
18.372802753 6.35799097277 -31.2627974487 -26.1038565175 -9.99109230269 9.39490395282 -21.5762847989 10.7607875196 -8.84278708837 -24.3902056649 -5.77803116448 10.8989500216 -7.25748167816 17.2499179361 1.96539949405 -21.1277776962 -21.1240406873 -20.2604107354 2.37765984726 -23.696355316 8.93694306023 -4.42999142297 -17.1125971857 -13.1508747529 10.9398249963 -14.436242375
LUCK
19.2442270782 5.24075536698 -30.4785002129 -29.5723611341 -1.95672830734 18.0274728327 -19.4208161734 12.0312161938 -6.96632738919 -18.9317555389 -1.8986751279 11.7841533998 -1.36610739116 17.4620146215 -1.54550046782 -28.8909183721 -24.233228986 -13.7533548344 5.78022947424 -22.0711636832 7.02469191075 -18.8028607661 -33.5312576338 2.19329074341 14.2495151899 -14.7381118546
LULL
18.0215339305 8.92871629951 -8.66215330863 -59.3382456057 -19.0989461158 28.6401224024 -24.117625144 12.3447183205 -32.1095377917 13.3122675817 4.03728178678 -10.48358155 -6.15654562478 18.1947892176 6.59284953511 -12.4246349532 -51.6535938566 -20.6567687429 23.4943813489 -21.0245061101 7.99150603265 -31.0367955337 13.2476492996 0.313347296384 -7.03363523558 -6.9011560191
LUNG
18.1052572481 11.3947740591 -25.5382946296 -36.4812831165 -11.6283815624 10.1862317274 -40.2109772937 11.5103283548 -21.9894281943 12.3874737791 -8.03280962907 -20.541816555 4.70179915524 17.5842022119 12.2517646128 -28.4324516932 -20.3098743606 -6.08211705943 -12.7127345886 -23.9543048681 16.8006071976 -23.3506410313 19.5355568268 -5.28717618813 -19.8983283311 5.55363051282
MAIN
18.466316316 -1.76379920683 -12.7777434271 -14.5766092083 -52.0927309772 6.04572071812 -0.886548385902 -2.07014781575 -10.2408651196 3.92390642386 -8.38993369317 -8.71087810319 -9.79512372666 17.739927134 -3.73987473197 4.70078280195 -13.5145301133 -57.8233244011 17.2499612457 -10.9938989556 -10.1668783858 0.441351229847 1.76838296409 -7.53837272487 -0.782368150915 -14.6011176847
MATH
18.5207320244 -1.75422058436 -22.496206427 0.475291460652 -30.2434458118 -11.6988800017 -3.25977863686 -0.00847506752326 -22.64431553 -2.93823479679 9.53988549246 -3.40653547943 -7.27629645505 17.6276097779 -0.965607687157 -27.9237822343 -2.60065401976 -17.9190996685 -0.114720920312 -14.5746888623 1.66151748868 -18.414717917 -15.9764716064 9.35192701941 3.43676713321 -20.8300531256
MEAL
17.4792458296 0.880330675879 3.4568640855 -2.09641471119 -39.9592031973 -22.768458922 -17.4185757082 -10.4779669023 -15.7143900268 6.13001434428 -0.0253840500645 11.5864713915 -12.9832098512 17.9897733012 -5.88521833044 4.81988572448 -6.08305573985 -55.3997799205 5.93116978921 -14.5994010008 -10.3674611381 -6.38754143427 6.4336048291 -5.9918309265 10.6378704839 -14.3891015741
MILE
18.9429374783 8.91267601843 -37.3379500787 -22.7439583749 -1.47499890476 4.38111784888 -28.6935693477 -0.60513128332 1.15390672852 -2.41365894214 -7.92454610308 -7.51800354121 3.42378942413 18.2006594469 -0.469650117883 -31.1594514631 -6.85617105933 -18.6904392409 -3.07729766511 -11.0130798871 3.04731302247 -12.7212260819 -12.6583416822 1.90722188755 4.63692204547 -18.1805121782
MILL
16.895947429 6.17420152605 -3.7577724576 12.3135483582 -21.3591709934 -36.6042419873 -10.7707247394 8.97311680126 -20.7778687215 3.04067400314 9.18676502602 15.1210729595 -12.2563932791 18.0388266985 2.67248889042 -18.6180499557 -10.4624823037 -28.0896110111 -16.3353771029 -14.7948208906 25.5899772325 -30.15594417 -10.3727308032 18.7019872217 -6.35389924521 -9.52910176477
MOB
18.1151225571 11.0985325251 -31.2357695976 -24.6074713014 -7.67882419002 9.52929783694 -33.351403669 0.130936372141 -2.10758245774 -12.6508769429 -0.0778213514871 -4.55777369269 0.397868059571 17.861584428 10.6201122136 -31.1251883908 -25.3049402411 -10.1818048838 10.4771381883 -27.9735876551 -2.85859576047 -7.37658488917 -8.9801370614 -5.53968186168 6.08040782379 -3.52760549662
PAL
17.1746315849 -9.00705143946 -21.5050185758 -7.75609962218 -26.5051720395 8.90074790017 6.90313006969 -13.4203859433 -21.6397957686 -8.82666242435 8.10287491208 3.96629903007 -7.89357326365 18.5579664163 4.54345427398 -32.4732013915 -17.055216455 -11.6767341466 10.5476627945 -9.46759046158 -9.70089390011 -10.1343330638 -15.9100080518 2.53607732041 14.7633864189 -14.2711453053
PEN
17.3512245749 -7.79509729456 -14.7475735133 -4.23465722307 -35.0110620147 -1.07018967954 6.41356976139 -5.17229887324 -19.3962444227 -7.97441020411 2.85804698464 -5.31588837995 -8.88099833114 17.6116122053 -0.459775274811 -11.884991306 -6.81381501978 -36.5228469439 -15.4058273164 -9.04790360137 14.8136315532 -26.2239161669 -1.90594335063 11.3521395724 -21.8150853232 -10.7189968108
PIN
15.8032844428 -10.7399315672 -5.28166517483 -3.18902159872 -36.4004305162 -4.46342445451 -4.01620049879 -5.02517934774 -6.19699908606 -2.28073635833 -0.590765945546 -9.95718875162 -12.7474261432 17.7034801337 2.39600601047 -11.0999471551 -7.8129861013 -44.0181183373 -3.55173655749 -6.70032428059 -2.68164715152 -9.99323434904 -1.55379197956 0.896598630602 -9.85781758647 -0.213510495422
POKE
16.5243606596 -3.19535117651 -23.857581228 -16.9045947016 -14.7775629965 4.49191885034 -11.79604928 7.63489071105 -12.6608323822 -13.7566607894 -1.85588941601 19.3418931984 -19.2365506113 17.3758179812 4.87823378846 -19.612368073 -27.9963843649 -21.0342103326 3.94102723585 -27.2030866977 4.84318035645 8.44339141987 -1.79144270396 -15.9965694603 3.1938443488 -12.5008012573
POOL
15.7548804347 -18.5018622762 -24.7485417302 -7.87537911501 -15.4256224029 -11.3783134693 -10.6104381739 -4.86309635926 4.70024541273 -1.73323738078 7.50186328985 5.11149647183 7.23287196673 15.9859071781 -19.5803251047 -28.3211460897 -6.55406997191 -3.72657099838 -1.07219311071 -4.88208757608 -1.88596102256 12.2431394741 0.764968039861 -2.09147675366 -12.241761798 -5.35872405146
PULL
18.263686302 10.9988910739 -3.82166142529 -52.2491067108 -17.3430848318 28.0409167163 -17.2839484224 0.542296439062 -9.14620689518 -1.84460463669 10.009995894 -15.0385064904 -7.98048398139 18.781216468 7.28659726018 -1.05781903756 -55.595869963 -18.7497824371 26.4574103548 -15.2153901558 5.65604652617 -6.20704764705 -1.63299308702 9.96532817344 -9.23091657599 -9.18841332354
RICE
18.6562076944 0.544038695153 -34.0844350469 -7.90949157349 -20.1801777104 -1.45745624292 1.16657025658 -0.143594637519 -18.0198179217 -10.968307279 -4.50991441871 14.3029549477 -11.7519845638 15.7294653342 -5.96854111946 -1.67820234997 2.17871684278 -32.7277613204 -5.86152728593 -0.773423265511 -12.0604751495 -12.8753499129 -5.6350677437 -11.1695664016 -4.37624085842 -13.777129354
RIP
19.2176600798 -9.30582052592 -18.6166037077 -6.8055273562 -41.0594719099 -13.0410837435 7.92340923465 -4.00611761242 -17.2344516109 -8.93026680113 2.26532510305 -3.5732212389 -13.0714767357 17.5523346712 -4.19066236037 -22.1897074544 -8.79389488886 -28.1486869796 -1.41382804332 0.729169780257 11.1659863751 -14.143281785 -17.2327411227 0.839180957422 8.63221311807 -15.2681926933
SAIL
18.2811748458 -6.0457869027 -19.5912283122 -5.94036918056 -40.3868286451 -8.67614609233 7.99250682546 -4.86428526729 -10.7048740727 -7.35485127883 -2.15150657586 -3.94517999785 -11.0183663789 18.8247245685 -10.3362004187 -14.6045472728 -5.64989095137 -44.5303026175 -8.81232759681 7.79764485278 -1.15459750853 -10.6201969892 -0.794561620395 -7.75240486827 -2.01521875399 -11.6225039082
SELL
18.6450971425 2.45130517493 -29.388643359 -17.0554013574 -25.2423685422 4.29934386981 0.418376553376 8.10929283009 -25.61101913 -16.269988966 13.6291182416 -1.59001735391 -9.81376572786 18.3810959789 7.83331825362 -28.6292652652 -20.9577668944 -15.9670591383 8.49992918519 1.87180351996 5.63676727289 -20.8056916692 -19.0812271123 16.1624474816 3.2577701223 -8.88552573582
SOUR
18.9979700579 -2.11365820417 -34.877802363 -8.51045033658 -18.4595747684 0.536557610113 -0.817047807199 2.13960625004 -21.2414914216 -9.42837613179 -0.127042847358 8.86769273711 -18.3194804002 18.5675062501 11.928832353 -40.5109965897 -22.3283018325 -10.6603204342 7.53628771963 -13.4470028995 -11.0239784612 -7.2046333782 2.02035878093 -14.6190680766 7.59715804925 -2.65103527218
SOUTH
18.6780533788 0.502737328156 -36.1199681711 -12.9970021336 -19.3400177766 -2.96730881725 1.71174412449 -9.63318807054 -11.4040082295 -14.9551455896 -0.867714199122 7.83876558169 -13.6838544937 17.1842356302 7.75317723661 -25.6724858317 -28.1766480321 -13.1871534783 18.0629124062 -26.4202268549 -12.708539026 -7.49323980967 -8.65766272666 -14.5971975976 -0.79223576027 -5.0692352042
TAPE
18.0981703323 2.047227813 2.09508223557 -13.2716617953 -52.8151570032 2.8242707891 -5.44425449083 -9.2925414831 1.88046353338 0.481241035772 -12.3647613662 -1.88600690647 -14.0894580757 17.017140627 -5.09052178996 5.68901891891 -6.17203675903 -52.813063815 -13.0858739406 -14.9454578739 -19.4123464595 3.51380389855 3.77382307936 -4.29292650102 10.0521464067 -17.0104935271
TOOL
16.5758271885 18.1228180882 -4.54789830747 -25.965659942 -16.6104592047 -4.78436102892 -24.7085148021 -9.71838831703 1.22755884746 5.6424662975 1.7074391555 3.62305456782 -17.9118667967 17.6287042999 19.347442852 -7.42566483805 -37.8955926591 -32.7286640433 8.80653022566 -16.0805844833 -2.59943158259 -7.19359631002 2.36189213215 9.31696941392 -6.32223070824 -9.36748213683
TOWN
18.3737775393 4.02034250634 -24.9571174219 -8.15524517381 -25.9925586249 1.1927583843 -5.36628052323 -6.18204320103 -16.036865399 -13.8417792201 11.3229233529 -8.61251332087 1.2057842269 17.2452458534 14.5777099274 -33.2531806778 -19.2036723832 -8.7680631378 -13.2367971026 -16.0522620067 5.63119771774 -25.0976827533 -3.74330979559 9.86466756862 -13.5679876614 4.76053455939
TUBE
16.9219194216 5.41951996391 -8.98339535406 -4.54484022974 -29.5152944008 -28.782893603 -15.2270062357 9.19042150154 -0.982298582061 -2.56688141435 -1.52776759507 12.8693602168 -22.7215682307 16.0935349346 10.2766105455 -8.76072532749 -16.2557694983 -20.0050734497 -18.4255932276 -35.7532245818 -6.86762079365 -1.7173273751 -3.52310261288 -13.0937340761 20.2570978106 -10.9190508151
VOICE
17.5179618297 18.2673217577 -8.43214792176 -37.8474189883 -33.6708847262 3.7681394315 -13.0505336498 -6.05996803323 0.742066738478 -0.0706828192741 7.42516313294 -10.1582275241 -3.80966427231 17.0875055416 3.49650982468 -2.15333546165 -7.82456102547 -39.9010930262 -15.1978160574 -4.07980717043 -6.23098484501 1.54949963242 4.86672435182 -12.1165204806 10.8159135832 -16.6354144859
VOID
17.3781733117 17.9778273746 -9.36919413254 -35.1953237163 -30.5446860374 2.63963867532 -12.9464836585 1.44698170745 1.10621126457 -2.3894738718 3.75957126192 -9.98673567513 -6.80379184161 17.4972592957 -3.65536418232 -9.10323744645 -5.39707091543 -42.6046229936 -18.391196029 -9.28330480837 1.89515975547 -5.78931588461 0.83290431821 -15.3289651649 6.86647126387 -19.4420891894
WALK
18.1802542867 8.51048963563 -23.902005499 -32.1483767726 -11.2801130702 19.4514339618 -12.1692018289 -9.85604890424 -0.470842520577 -5.03973710037 -11.4451574378 2.69845008711 -1.88860881504 15.9475953231 -1.37730171038 -26.9877465071 -20.8001752845 -9.5608921214 16.1722455314 -16.0999366845 -8.4823553173 1.23262888541 -5.10189996328 -16.4445178133 8.90954949644 2.94757811265
WALL
18.1257626681 4.74790045245 -15.4487267833 -39.3287901166 -18.0516219321 21.7793055377 -23.144482931 -7.12360446152 -6.47655661673 -2.6790769257 -2.35253128964 -1.53099492577 -9.43890237926 17.868723834 4.28158390037 -11.9746495492 -47.0945817363 -17.7462452239 25.3894961097 -26.3595135668 -9.84692077973 -13.8636518169 -5.62730259863 0.825065925331 -7.03331581202 -9.48840285303
WET
18.9372809882 4.14854156446 -27.2100030176 -16.9244408437 -24.1126410189 -2.13751036132 -6.63794565518 12.9063820038 -23.6102720183 -14.4990028359 2.40296164526 10.5130714536 -17.3439916776 18.0212169892 -2.5683009569 -23.8457068984 -10.4432358249 -37.7512126032 -2.23575356792 -0.697667024346 -2.74656681606 -31.0908673661 -11.1553898993 3.08933890729 3.69994999891 -14.2169606085
WOOL
18.1630233814 17.2966033202 -7.5560489622 -41.6038486287 -28.9588358526 10.6574908683 -14.6562466978 1.61487740805 3.02720279833 5.13990051524 3.65415999831 -7.1861982047 -17.4738951401 18.4677439307 13.8699119962 -14.0692845563 -42.8872846375 -25.1269700182 17.5297681446 -13.5713936609 -0.607110737721 -5.24917356739 5.10385971616 6.97077184167 -10.4471687239 -16.7806224764
WRONG
18.4786369879 7.41100751353 -35.5095149638 -17.3742872997 -3.58942860814 4.78455278322 -33.3764543889 5.90136879185 -3.29453743748 -6.822904165 -5.83474371964 -3.33438631775 -0.696917050532 17.6777433084 7.70602041501 -29.6574836639 -23.0963654472 -4.07238649585 5.26222636576 -34.1146831392 5.19684704582 -6.03156247398 -1.15105856117 -10.198870013 -5.3574835591 -1.87742267298
