BEAN
18.7031220828 -10.9286579233 14.3447493041 24.3427381631 -44.2146067732 -10.080210632 -27.086994107 -5.10478062729 -37.8231390381 -5.14884622319 12.9621304998 -24.8189641243 13.1862179954 17.5658978028 -1.72643948382 12.0111814283 4.04092274252 -27.9133503442 5.30073109105 -33.5205225364 -16.0288333419 -3.6343056194 -5.8593638665 -5.45561043067 -15.1294215037 14.5783277899
BITE
19.5709867889 -2.97701331003 -29.5780553454 -3.35154571044 -35.2178188967 -5.92336178562 -7.15993202305 5.54052393001 9.43206414782 -3.51561065823 -5.10870849462 -13.6332972334 12.5662997187 15.4988845064 -8.56436677615 0.907267021903 23.2960934763 -31.0369363062 -21.9469845317 -12.2020809828 0.624674675516 -31.4998101103 9.68299565681 1.67844241255 -9.3598744947 9.29252866815
BOAT
18.6672846793 7.78485244824 -17.7168461288 -14.0258759799 -43.6669463948 3.87605872585 -0.736552983064 -24.3846561323 -6.28073462543 13.8639671001 13.7171770918 -6.27135627334 -2.19510776548 15.0768910963 9.05614855568 -5.2056826739 -7.11357236107 -27.4094581019 -5.94548439006 -0.0930588844309 -29.5933847089 -23.2038964874 6.26764381102 7.95332217524 4.21955426632 1.56203717787
BOIL
17.8859916483 11.7720143105 5.27843087619 -26.6886859725 -59.9048256943 4.51279228515 -4.63974703315 -14.8384203823 4.39122387025 -18.8848629515 10.1699145737 14.0527514742 14.0283017572 17.8164859751 10.6058827557 -7.29410150345 -20.1378322014 -45.6601103184 10.6535308277 -17.0868056831 -28.0052342427 -0.172257621392 14.9572297376 18.7558440861 -10.6202892716 7.19960205084
BULL
16.2242175048 12.0620919834 9.36891970788 -30.5445593842 -42.5538710699 -11.6799026256 -4.43268640142 -13.5617938629 -5.29002711491 -2.9642884501 13.7689082636 14.9733307775 3.15463587458 17.2638026677 11.2784861095 11.3310556368 -38.3506172274 -47.5085445618 -7.30554778778 -3.7097545386 -8.81105514309 -0.00270421426385 -15.3069741799 12.2001118717 12.7466673863 3.07904788162
CAB
18.9031935821 -0.800410692043 -36.1254404122 7.72212708375 -38.6093178345 -21.3605518483 -9.23057924248 21.6637566938 -2.8392923379 -12.2958697038 0.16843253676 -11.6179815895 12.3381914909 18.7124731224 1.35919402897 -33.324522331 -6.99984246784 -30.0900786911 -13.2827794565 -9.60395033999 7.26996366721 9.43068933232 -5.95325190974 -11.8629008796 -14.3214743824 19.2975167947
CALM
18.457024797 7.60900278686 -25.5412635737 -15.2423399942 -21.7530308775 -4.6604213988 8.21131953258 -3.18157846099 -17.6181313758 -35.0207328348 12.5949136833 -9.10440527379 7.38050074092 17.9063088872 6.22200265963 -19.0563634122 -17.9611195096 -20.1343730249 -7.50890244402 -6.00843174513 8.73042613646 -17.0665206436 -37.4719376976 3.29132083559 -5.43022407084 7.7885722748
CAUGHT
14.1474952419 -14.3392788589 -23.6925938686 -13.2197127626 -12.4100375377 3.09026778964 -4.05167521067 3.58128495176 -3.22590615839 8.4826844644 -1.33982594065 -11.9428962178 10.963735521 17.8757876952 7.00830589526 -24.8510773967 -20.7212896517 -25.268252251 -7.27224063611 2.48051011504 -2.963235132 10.8163687897 13.1987478829 -6.33798561393 -18.8478558247 10.2987584255
COAL
17.5490146801 14.4872774704 -0.129550850104 -24.8966643477 -45.2980804016 -12.7677956741 13.1903466788 -14.8102638738 1.69862594887 -8.43542738583 0.629415773436 3.8344740926 15.911126485 17.9897084403 16.101306099 4.65274153383 -24.9857731208 -50.1875357012 -12.7271528676 -0.307679191869 -9.6376095608 2.0421393397 -9.55897247093 -3.9852018201 6.38620524591 16.5254211374
CODE
18.1708204507 10.6706878414 -17.6678592783 -8.5952297464 -27.271591322 -1.0713132339 -7.22957655068 -16.7918900307 1.74570000172 21.483771429 15.5884314287 -22.8864249414 6.18011003722 17.0808693469 17.2681519772 -7.8045100673 -8.42458395545 -25.1418425517 -8.1660662917 -15.2756357887 -28.6593914999 -3.23916701544 16.27117 14.5730027859 -6.24146035986 0.953356368008
COIN
17.2766216807 10.0778177361 -15.9133211623 -1.87523536897 -32.5806360557 -27.4685090127 13.7269972249 -9.23088629953 1.26607745273 -24.5245883985 -14.6134427083 -16.6926329342 9.10668527468 17.7817334438 8.2064892031 -28.0619852385 1.27181280796 -15.6381364644 -17.2972412826 -5.23239747756 -13.4031117653 -10.5244373308 -28.732045399 4.84279788273 -14.9047105413 -0.66729090245
CON
18.52878313 8.94052261251 -27.9783187051 -24.6257797702 -9.86497083428 -0.406947015189 1.9625358999 -9.74567129534 -27.8412095957 -14.889067967 11.37034377 -17.2083248657 0.542135495432 18.6416712205 6.32345314201 -31.8511049589 -17.2076113397 -10.4015528454 0.900620383966 -24.1236606231 7.39218796903 -31.9770005324 -18.6478636066 11.4999421901 -20.4065189154 4.04554271345
COOL
17.5769565067 15.5056063293 -9.78624964414 -11.0315846956 -40.5412193638 -5.84592010029 1.30776534223 -34.8917542776 -22.5204483009 -2.90994759555 23.4009673598 3.5885739653 5.33183372698 17.8331105286 17.9745123352 -3.26598628128 -16.3818452405 -38.8132807248 -5.85807793029 2.10279321047 -27.0324327462 -12.3630652333 -11.392827093 8.59136885 6.51799001873 8.04927710736
COT
18.6133558216 3.93176159485 -38.559725277 -19.3017713454 -21.2627694308 -11.8371946925 10.803837175 -7.9596788844 2.39045039073 7.88166441424 -4.01272102752 -30.7337685081 15.9893104407 18.350736448 4.55150928801 -33.3046234191 -15.5268154654 -24.3319845904 -12.596739989 -4.54396222335 9.51721587316 11.2093058127 8.36383611704 -14.2739602234 -22.6423320387 16.1385324943
COUGH
18.2569070734 3.67414697812 -26.4417963271 -29.9531063471 -19.3257024979 -17.7843776036 21.7617504359 -14.4041736368 -7.52191946265 5.79289524799 12.1931596278 -27.8845128721 0.567185266035 18.8345259606 3.57640672766 -27.6489445619 -26.3605881439 -24.8303044617 -7.78691678571 14.0933438587 -11.5634922291 -3.69948225281 11.9585789439 6.10227858327 -33.5250081894 14.6757154905
DEATH
18.9641009832 -0.449044326282 -26.1981744229 -1.68160739534 -35.0700395876 -22.8680698173 -22.2810566635 18.5612374236 7.55496707148 0.37239140622 -10.8413636588 9.32514839759 2.65012325324 17.9263583168 2.88489166401 -21.0606300227 -6.89549801221 -28.3008560214 -12.1531940532 -16.6628921906 15.3780374981 10.1292090965 -1.17096368924 -17.7089436112 5.18335784556 -0.233104476481
DIG
18.3021754031 -2.0786938296 -9.66442580517 14.7908392479 -33.5482828749 -32.9484677823 -26.0899778759 8.50609836974 -15.7358356436 -1.8374898175 6.52760005552 16.2736719087 -0.782711333739 18.5242117391 -2.98862032647 -8.09251831122 24.6082651188 -38.4571655893 -32.1510272666 -16.4955388228 2.95628753906 -27.0067592525 0.388658348054 13.0461036068 -4.70890772165 8.38571737544
DIME
18.9791871207 5.40054061617 -40.2408495098 -16.9656227015 -17.4472913089 -4.15981751055 -7.30260500629 -0.153527067396 -11.4478664405 -5.59571989189 -3.26464739543 -30.981380004 17.7717665466 18.6292558803 6.51675517739 -37.5010066296 -13.4567973472 -7.79017032645 -9.02386708722 -17.4530858667 3.04417157162 -19.0844828422 -18.1760316876 5.91307033629 -26.2052729521 18.5653543517
DOCK
18.6716938424 4.19439374607 -22.2337216514 -21.6095541457 -31.2572451031 2.89876373088 1.42205569128 0.536524762712 -0.790777927465 18.3114977826 -8.50350593588 -26.9539706732 15.4800805433 18.6301332727 6.46089757702 -31.9612242983 -19.5941147901 -23.9539571001 1.89695806387 2.47092520928 2.18819225319 -5.14566712294 5.15956872084 5.08141885674 -33.6195360675 17.0530765872
DOLL
17.0033764782 1.11465379373 -10.9275780254 -19.9620568195 -22.0886071767 -20.0940785397 -21.4508598255 -4.04487714815 23.7256765535 1.59040165768 3.53248212462 -19.1925905709 10.9370244828 18.0823437894 3.6552212279 -20.6192418716 -30.5968374063 -30.9514191696 -5.46607889179 0.257279548165 -21.4050228205 16.787218233 4.90247419865 3.87800261769 -22.9950423526 0.642547105338
DOUBT
18.5263870255 7.64041253881 -33.9307956591 -0.225447353623 -32.1775069522 -16.4003174694 -13.8756744851 17.333241148 3.06833423248 0.354644004563 -12.0106292432 -7.61766955672 9.02459377274 16.8419301744 9.48465674358 -24.8021426832 -7.00658605561 -28.0318236992 -9.08547221973 -13.6872908734 -13.4836803966 1.83066544667 17.1034742804 -2.50267045751 -19.9674407789 6.86522957082
DULL
17.7701673346 3.86028013078 -13.8627098396 -18.1174030753 -34.6914969072 -10.2879543406 -27.6278086492 -27.4227496667 23.8986171724 5.07557290218 7.26486132016 -14.6691657722 8.7896279236 18.028077484 8.6151476387 -7.72612237662 -20.8853260558 -29.2659659848 -3.0192944655 -14.2862963801 -23.2698783137 17.2645075408 14.1624221547 11.0498343092 -3.24710568684 -3.47578623686
FADE
19.3660035723 -7.86806077042 -11.3242112331 18.7295694656 -43.3275238971 -32.2206916387 -20.6952926689 9.49017092612 -18.7702057231 3.08213062404 15.865486519 3.72992109901 2.88408822952 18.3905988833 -10.3948979098 -3.45707300785 25.411930205 -41.3023186887 -24.0962512342 -24.1990234241 4.40241422736 -34.228158243 2.74973233044 6.62470602658 -3.74716230971 -0.0958288468109
FAIL
17.6495438352 -4.27073840435 -9.52269383231 0.767164332058 -33.1613027385 -31.0287404032 -26.0311467447 16.7449791898 -3.89717624508 9.83426059582 -3.82367477185 11.5798595935 7.61178655969 18.775344902 -1.98733251334 -13.3318557504 -3.38089171135 -36.9249903081 -29.906710746 -30.418079245 20.3782270436 -2.8675071681 11.1283360946 -11.410270939 4.66226281744 5.89180773995
FEED
18.6844724866 -11.0719555534 14.4868340024 20.5635161199 -42.8718553951 -9.1485994535 -28.2357324636 3.37667509882 -41.0167230061 -0.420600501449 2.92700913966 -23.0461166662 9.27401462917 17.1588373716 -5.88166073074 17.8025414274 23.5122037825 -38.1620477062 -12.2801129561 -15.5457508703 -10.5819705869 -30.3856567412 -4.90776605281 -3.11907547785 -26.4393619345 6.0740739292
FELL
17.9340576414 0.160070762405 -18.3838641538 -7.82835995248 -28.8778758603 -11.0127443533 -26.6697881582 8.89519828814 9.00213140222 24.9603853084 -15.5098933026 -6.95626620199 24.3185457044 18.8848338884 -1.18867412689 -18.7202345196 -16.1751613477 -34.3129291699 -2.64149540975 -25.6340199492 5.37939991221 5.0773329621 28.2474436054 -14.3414771636 -11.5437947706 18.0740380671
FIRE
18.8233621047 1.53307171362 -34.2506576607 -20.5880867817 -33.5596451202 -9.26263682879 16.0148242806 -20.6854227448 7.34168818378 7.22849893593 1.54097179635 -29.8350584896 4.1031378401 18.8334102275 4.41056946845 -39.7666503493 -10.9400158404 -27.5784758149 -15.4623559097 1.62085208237 4.94126361271 8.51766536421 5.65508950777 1.14326002642 -35.1132384135 15.5247240511
FOOL
17.3117546762 19.4357103993 4.37830857162 -10.9403433955 -48.6995959586 -17.8182899448 5.10187091685 -20.9582558371 -0.94549322515 -22.2430247755 -18.4348683402 4.53793689596 9.41349679452 16.8059517867 16.7070954127 7.22281498393 -13.5652563023 -40.3506995257 -14.4215658055 -7.75333123081 -13.8049050953 -8.5558764822 -23.7583272156 -5.88697885867 -3.20176869892 15.5203057565
FOUL
18.7144963865 3.34027300138 -32.7068915989 -15.7579116973 -25.9816819054 -14.2733814299 1.03461483848 -0.622262391582 10.4710957431 2.10597893474 -15.0451255334 -19.0439742181 16.4998663642 18.5700758411 10.3393294763 -25.5719336016 -30.4000334113 -21.7548332942 -0.180538221327 13.6738418482 -17.9861760075 14.6118099748 -1.61747616772 -8.14859481017 -16.6550960295 7.09767569538
FULL
16.1143351736 10.5424434606 -5.43300295985 -22.6830434483 -42.3794217304 -3.64723997849 -0.457948272623 -18.1012169378 -6.01978582011 -9.54235128416 9.34995400354 8.68750544076 0.498408722443 17.9936904608 12.7731670768 -2.73620335851 -29.3057095383 -51.1915189618 0.279868269607 5.19447851889 -17.2755145574 6.8379745579 -11.5931973369 7.60245286954 15.484581933 6.40060951957
GAP
18.1320602654 3.8904574995 -19.7637805847 6.10447764511 -36.8201460407 -32.3923486084 -11.9981679119 16.2531276913 -7.39152208622 -4.19695207577 10.706590886 -3.46745602901 6.36382636144 18.6702388393 6.42043114554 -32.377602638 -13.7738881977 -23.5874648585 -10.1745981336 -1.35520244456 14.9012486894 3.55472164726 -1.10069623044 -21.3439101377 -9.91410609472 17.9762673469
GUIDE
18.4341811861 3.45728931141 -33.9196604128 -8.50251791962 -23.3286823967 -18.4249070922 -13.8384152377 20.2019656914 2.82778681728 -2.21010113336 2.38394124354 -25.3358367956 18.5717354885 18.6319202089 2.90009761969 -30.6592348725 -2.51016117194 -28.5209487873 -15.7084878764 -17.9412810728 20.9930695419 8.2158687441 -4.06609508821 1.36487813903 -14.5458762837 16.4361213674
HEAD
18.8602941921 0.234270461192 -27.0147796092 2.03890114183 -41.4725940376 -24.0212490659 -14.5468404764 22.290218013 -7.22390272756 -1.25936530107 -10.9581966796 9.21431150123 -10.0844748984 18.895017199 -1.47178999944 -17.768659676 4.54203636323 -37.0053725506 -23.8240748358 -28.1439808091 20.5974182092 -7.01078267539 5.7652434549 -8.35152217328 23.6518719411 -12.4710168944
HEAL
18.0029003371 -9.68669803003 8.02093125793 26.3828558619 -40.753395116 -21.9622044232 -21.8292470514 -3.426565907 -34.1137720313 -9.99362966275 13.9442226803 -22.0459015211 8.00825446729 19.1147409906 -6.91669549475 -3.30427183706 27.14157389 -34.2806970486 -33.2147187378 -21.325724465 2.06600936285 -33.2375297475 -6.27562304927 18.7499661362 -16.0100346599 14.8625432756
HILL
16.9930952171 1.3311180919 -18.2460498064 7.34042830213 -35.4420642141 -31.324598998 -29.2220629035 9.5328373088 -11.3523754293 0.996209618799 -1.34648126233 6.42694841503 4.86928677965 18.6850641473 4.28213357745 -23.7382677776 -1.70795347807 -37.2864790892 -9.85917963138 -36.533892201 7.47491636323 7.49095642168 11.6620127224 -1.47918228065 -12.9476640146 22.6999115318
HOME
18.4860729384 7.74188077315 -20.8969878236 -23.153773976 -20.3438797528 -8.36996609288 -3.62644382831 -2.90187319772 -25.4474977767 -24.9511965984 13.5337661952 -14.0162905876 0.0806959578879 18.5850768221 3.28810085402 -17.8434658712 -10.3756762671 -27.3648546253 -8.71223798496 -8.73880676648 9.36020838134 -17.104399114 -33.656315051 6.5982336885 -10.7290905084 9.93176283472
KEEP
18.7584700778 -8.62725006888 14.1614603536 23.077229016 -41.5193707176 -13.6790425897 -21.0703435112 -7.36686420415 -30.446528017 -6.75421516514 11.0544747351 -23.1026166541 13.3892836584 16.0333659892 -3.48525665074 10.1832961907 23.046388146 -25.2733038452 -25.0604507534 -7.8246220206 -16.1089568184 -31.0712017093 -1.62500107663 -5.2730506967 -21.0969272248 12.5318605641
LIT
18.6979099997 3.16110326275 -11.9478886947 -2.300156356 -29.595838453 -17.8569995056 -40.7775590682 12.4765111041 13.3132711995 -6.4731686188 5.72077469093 3.03183898486 21.298343757 18.2964911845 2.43043650546 -10.0940000001 -2.92933161299 -39.3259488089 -26.5323085258 -38.218892524 12.1361862515 0.529535103093 -8.00056072553 7.81372041562 4.13904513563 6.79330570217
LOUD
19.0439636798 -0.659571260876 -29.9684869737 -15.2164742178 -32.4552987009 4.42563228397 -5.34861581123 -0.545196357293 10.0334957545 3.41764595689 -15.7754969724 -18.3193725661 18.6065787654 16.8043629064 4.93961983185 -26.8618646112 -10.3300330514 -31.1838898599 0.75915180909 -10.9839936266 4.08785555518 0.877391634298 8.21341689823 -15.9432881444 -13.8113275585 14.0096715038
LOVE
18.6493007456 8.09667392518 -11.0430042298 -31.1752774574 -37.6807031419 11.6065633679 -8.61240023331 -20.3500670494 18.9358384995 -2.92091357442 17.240711539 -12.5381729613 -12.0712333044 16.9387165848 7.88717093959 -8.53614802017 -20.0196190388 -28.2861587984 2.31117639059 -20.4013042761 -27.7290620085 8.32460847343 10.4496771169 8.47855599925 -10.1480166074 -2.38193025882
LUCK
19.2885778289 9.08823846798 -28.0558800985 -23.5011483851 -37.8265564172 5.4987069482 3.06003102254 -15.5733929773 6.07936940662 16.5944053849 3.43753090771 -23.4016732172 1.46566655329 17.1891504728 7.62010259923 -26.6016185621 -11.6907275537 -21.4282899175 -14.4410603788 -0.662495558025 -10.4579920738 0.456664554573 9.4883544986 -5.8359601593 -21.3584201073 6.47768199314
LULL
18.1036865722 9.96005413569 10.4887531495 -37.1753178564 -51.9118932211 -0.22685002814 -0.0228593026369 9.5329315627 -5.51550649238 -0.551169317678 -6.60307853714 19.8405589796 3.61584773943 18.3218128626 8.85514822198 6.52014477404 -41.3596439571 -57.6954851032 -2.82053024002 -5.18687110869 12.6100070113 -10.9055399452 -1.31998590913 -8.964210394 12.7991115015 4.8605219501
LUNG
19.2189612839 4.93904080306 -20.6118365943 -27.5097878216 -28.9838277917 -0.911626651433 2.84878881783 1.60273747901 -35.7489380001 -9.91177522016 15.3243531471 -19.7326954732 8.67552475931 18.9906568177 6.09475535728 -26.9057541507 -24.4021961545 -23.7494075335 1.25724059083 -4.18104526647 0.654846172146 -36.060789203 -13.876290622 16.2106101642 -21.6869100072 3.32958941915
MAIN
19.4715048598 -6.0757982542 -17.1133358885 14.1762935403 -34.9200929226 -16.383216625 -18.093135983 18.4427468661 -34.9384991846 0.737542470515 5.03191970232 -22.4820496191 7.73698736822 18.1842448331 -4.94182946 -6.87636913433 14.8782009056 -43.0154246891 -7.76700715076 -23.1057339753 1.00134594213 -31.4517510841 4.97563893906 -2.29037538132 -33.726698899 15.7883558555
MATH
18.7701342163 1.06309368499 -28.8892871752 -3.9616164119 -19.685019549 -9.89700134787 -12.6772159728 20.7196389061 -26.0022721194 -19.3734736105 -4.42050349741 -11.1438707601 18.3175794645 17.9326780192 4.87279245222 -25.8564292888 -11.9051372239 -8.91381914721 -7.19184940729 -3.81386768491 9.33756139456 -15.7041598976 -23.7805724223 -4.36831722452 -21.415771398 25.6259535484
MEAL
19.344213058 -7.61062891285 -9.73939132327 17.2412258502 -40.0214869707 -18.3859379235 -19.184983191 -0.934652250138 -28.9040498116 -3.39300637361 11.9693312118 -33.6062046401 10.726819761 19.0856771906 -4.50157006996 -17.9264074043 16.2678493945 -34.8503538757 -18.0946181898 -18.5169925099 5.32982295946 -18.7536062019 -9.38909932848 10.1377327033 -26.8244311954 13.4429696606
MILE
19.1602502912 3.45650367175 -19.434024572 -35.9401072417 -16.9904293022 12.466980879 -7.10888749988 11.7760650383 -32.3800320066 -18.2736031605 28.3553855847 -25.8898669628 11.1666782393 18.6017375457 6.69635225396 -27.1924391765 -30.341450505 -12.7306940412 10.3825724167 -18.0029642821 10.9897328097 -25.9424378297 -10.5414868741 16.2460670918 -32.1155162127 14.1132675235
MILL
19.0471656132 -1.89808075747 -22.5396440793 3.36188271369 -22.3428461211 -21.5057020078 -22.5266775826 3.43066287866 -14.7664212156 -2.60899124047 -15.3146769345 -15.4982718448 22.6881297429 19.1176110733 -2.46649617352 -22.041044002 -3.14430312246 -20.5027617938 -20.4658055845 -21.8073043509 1.0762599849 -8.41952705835 -5.98943037398 -13.9659761802 -19.8835835435 25.2606677316
MOB
18.9831722023 7.78979289234 -27.4424554121 -26.9750531907 -17.7588131367 2.08774994905 18.4406188722 -13.779506031 -12.1073191404 -21.2462837508 24.0330409801 -23.5375129318 8.55693939884 17.9291956984 8.04356176311 -24.5691623224 -18.3991307273 -25.0168362579 4.57182731644 13.7496408084 -13.3301607691 -8.46798871677 -8.2068246108 9.87122498832 -25.67400241 11.5749736564
PAL
12.4868349406 -16.6466294069 -14.0764498707 -5.95933779915 -16.4058444979 -8.25158291841 -2.11191130949 10.1630080546 -1.85915828368 -3.44002366397 -7.35674469543 2.56257485879 1.46375448245 18.5777946733 4.72638033645 -31.7321294591 -25.3935822347 -17.8908005103 -16.8065870434 0.592988740832 1.30902356767 8.59381185586 -3.4256613836 -7.77671211737 -20.0543875454 18.0933166847
PEN
16.2446090733 -8.92439622833 -12.8271309859 -5.76349086507 -17.0088851891 -16.2086544886 -3.21672673891 13.7772471867 -11.1359688812 -5.16137974586 -5.10438169579 1.87039017993 -0.936439234578 19.1669610923 -2.49117102183 -24.0742693694 -0.968053882977 -12.8232655293 -20.8304348642 -11.238256718 16.9666244357 -21.4650805277 -17.2203750329 -4.78780534696 -14.2057818423 17.9207072893
PIN
18.2957860616 -0.155156926167 -8.08593957966 4.79299507073 -31.5689796116 -32.9230762457 -13.2788912933 4.21083056011 -17.7053549766 -5.58162191756 2.80295117251 4.44369296878 -13.5901455411 18.8369423845 1.782211556 -19.3500993012 6.25450796493 -18.5482109642 -23.5706459526 -10.2460644036 10.3130122222 -27.912258474 -7.65677553738 -4.9388388392 -13.0153201056 4.76424867332
POKE
16.4448651333 4.08506921381 -20.0065742324 -18.0262411584 -27.1231938414 3.93669729193 1.94182184515 -13.0415622125 -6.52417279205 5.11718952025 13.7874254049 -11.4425346318 4.34621736213 17.3011638257 12.2337393663 -9.46612769856 -17.4287350463 -38.3214536791 0.679517783841 -2.19389060735 -22.617150209 -27.1681372446 -3.17631109767 9.04663576304 5.98034003785 4.21382221799
POOL
16.9924660003 16.9444199766 -3.51131611561 -17.5099126229 -51.5775903052 -9.74283210077 4.71895143022 -26.0845648766 -21.5059553007 -13.645135927 1.12666273045 8.11613248417 9.09808174661 17.8583119713 19.2007118791 -4.69423501105 -17.6901783224 -49.8157127416 -12.3494925436 6.79440462204 -25.0324972309 -12.7298178974 -17.5299068371 -1.53193716798 6.67886951905 14.6316551012
PULL
17.4902531633 10.3185275465 0.393005673553 -31.2270825325 -54.2737780303 -0.800198934706 1.51714352699 -15.7924756976 -7.70330992816 -12.3385043744 9.79446438964 5.93041187402 10.7147322798 18.5350465189 13.9751117937 0.917189286559 -21.658276532 -41.4329323872 6.26583383517 1.97844403646 -10.2583594788 3.74841189075 -10.5574679491 13.471466211 4.3046740235 15.6706846765
RICE
19.3965904478 2.4500073586 -31.8857580048 -1.14185448365 -27.4650100981 -24.8370970501 -18.4470386552 24.7711651809 -0.29224813565 -6.21743151673 7.41083395729 -22.4670697513 12.4330288142 17.0164584563 -2.28844868023 -4.00218759845 15.5466330091 -34.5338282713 -28.3986379736 -24.33791523 10.3383985261 -22.6430506743 -6.73249135754 17.6200725235 -2.0075254077 -0.575912159086
RIP
19.0763023169 5.9478233766 -18.4684494982 3.60821445569 -15.6187495949 -36.7203269151 -32.900397094 8.66545710242 -1.37699637302 3.42773105982 11.7832890737 -0.774259533113 26.4847857573 17.8388320033 4.75856561746 -20.6363230577 2.39015824548 -20.6602527582 -33.9298500068 -41.659810844 7.35277138944 -12.8153627822 8.74106183476 -0.172805386255 -7.21389398394 32.1316545057
SAIL
17.9785922503 2.60187534148 -12.9795524679 9.84755404834 -32.1466064486 -34.727264094 -24.2244896764 4.94884946368 1.0892237755 -1.83491217701 3.8331361875 21.3259342405 -0.642625655762 18.7169350907 0.0916348506403 -19.7619650662 5.79507782241 -33.3112283409 -32.393064444 -30.5113969427 17.0000434298 -0.534890271252 2.40032066429 0.87597919691 6.04819734032 8.77506615703
SELL
18.4628439204 0.852125294585 -24.9364136842 -2.07783474448 -24.4675665659 -21.0770837291 -19.6629936204 -4.51480201908 10.4207059226 14.9549063292 -14.1758103088 -1.2934280802 19.05187549 19.0031343732 3.12031129855 -24.7726953502 -4.72146614294 -22.7177081554 -10.1751482612 -14.4164512153 -0.397942113212 12.6452792919 15.0018263222 -8.8277105294 -14.9461818412 17.9061548846
SOUR
18.7464597318 -1.3105323778 -27.8700764016 -8.9752975728 -25.1377566904 -25.222261677 -10.9031334566 7.61084002819 17.3093021854 -5.19919899669 -5.39769393532 -12.0332888178 10.2577981473 18.9322598747 5.4000090588 -33.2560120831 -15.5173195164 -17.4277976693 -12.915136843 -1.83440175708 13.9243104793 -0.109494745845 6.15180975024 4.57629280975 -41.4661046827 20.0296792402
SOUTH
18.8319207452 1.12227558759 -25.4504026011 -11.6925819476 -28.7894579793 -11.7769347514 -17.6452310294 5.84307862485 23.0287107738 3.30416826302 -4.73131891839 -16.1714159181 14.2619750341 17.1424617755 4.22165380593 -17.7270893375 -20.8808963564 -24.2130453374 2.13475528534 -14.4875520944 6.05089096157 -8.88140231425 17.4845384296 -7.24435797911 -20.4774735065 13.0022604065
TAPE
18.4264580102 -3.03596634888 -10.0865401582 12.1841302454 -39.6318008007 -34.4506985762 -20.5347269773 6.32451567538 -18.6576583287 4.28759473388 11.8537282048 1.66419013274 1.9911693234 16.2502171804 -4.34039026482 -2.26738122598 22.0452289094 -27.5110512232 -30.6876194001 -12.7533376956 0.919761550908 -25.0476029152 4.55683144554 9.93187461083 -7.12611283669 8.03711726314
TOOL
16.6673806895 3.10891419634 -15.6570290704 -2.96488358281 -18.8930647904 -11.30815469 -13.9204869487 -18.4540451241 -9.70423709293 3.65404081383 4.27785188972 -1.13855701987 8.39781067619 17.348870725 17.4914987693 1.92105392613 -14.1705003182 -39.643576073 -7.21144635752 4.74601294228 -27.5595223559 -17.7691507458 -18.8874517393 -0.277052230284 9.29982770258 13.4042349689
TOWN
18.9191876857 -1.30331825126 -29.354986037 -5.02902743362 -16.2579766685 -18.8409997128 -15.0557707228 18.7486398076 -15.6099924541 -22.0240160089 -2.18449638825 -17.7231276515 14.2689330882 18.5783797931 5.73796513188 -32.6648898049 -15.0813748085 -5.34246209975 -10.0172037508 -22.2830794836 0.726423260124 -14.5278493497 -19.6428427164 8.60425370429 -26.4983921259 13.0851013516
TUBE
18.2093534463 3.3452941232 -16.3570546399 12.0616058184 -24.3153628243 -22.0084320833 -38.1540193148 -6.06728290359 -11.6171764311 -2.5893116275 2.52294720395 -11.0972612654 20.3398112795 14.4740398002 2.09078859502 4.00207225888 7.97325297455 -1.20615266544 -14.7884548817 -13.080012676 -26.329759772 -19.0391720041 4.08174816626 0.169326577735 -10.8146266368 3.44161222945
VOICE
17.1433971111 18.9930753068 -1.24385673016 -14.3228832008 -54.2407522246 -7.15615541732 4.71391055585 -17.8593083052 -9.26410582131 -5.237766238 -1.49499992869 17.3752472964 11.4710474045 17.8802165997 6.49556437302 -17.9650677003 5.81775773594 -31.1323999125 -18.1695438363 -32.9811112158 -6.1480817938 -14.6549351671 6.04616765036 17.6375660926 -9.73349409783 12.1286787202
VOID
16.415452643 15.2174547395 2.41165690005 -9.69662783806 -49.3399862337 -9.35388358547 2.65889615641 -19.3984854767 1.20982253102 -15.8607719465 -4.33175997949 9.88043393747 13.2359790737 18.0569974065 9.8127756834 -16.1973263832 -3.07447497395 -35.7490153642 -17.4418502726 -15.7961463432 -15.8262540007 -6.16731867262 -1.59342573328 21.9315198046 -6.79935639717 12.8457342669
WALK
18.0831959227 10.8271202731 -11.4730166949 -22.3891976599 -49.1541149798 -8.57477522947 23.7634730971 -12.3415690982 0.563098420077 -8.46591585897 -1.39697997084 0.0954718652502 6.85685679357 17.6637947622 8.53031873834 -27.4358798802 -21.2837862745 -28.782150761 -2.40147857803 16.2911919693 -15.4301412096 -7.87225736151 1.65287535658 5.21392717865 -15.9680695414 0.145088243744
WALL
17.5814044424 15.3830078423 -2.22889719843 -26.6762484191 -48.3343939363 -12.9832080982 0.623520208828 5.41524670707 0.117746053492 -3.60212672943 -1.65259154638 -2.8983054466 15.8801712604 18.1760552652 13.8010885973 -0.815813317817 -34.9467328427 -50.5467571861 -0.877716050642 1.09611092735 12.1227609049 -8.07031524345 -3.32292876079 2.55662121755 -1.20168052669 23.4604462322
WET
19.1936470218 -0.843477697572 -28.0006216866 -9.52469500134 -28.551413304 -17.114615487 -23.1745679473 6.32870647183 6.40250813721 9.90427649505 5.51847029505 -34.7644192083 28.7638707919 18.2111439866 0.714348389369 -20.6054900727 -7.37473844361 -28.4736231785 -26.3094791421 -29.0463198812 16.4635832278 11.4418395221 -1.36687982544 -0.576450900708 -9.32280940737 13.2556140118
WOOL
17.2735822665 11.7832981699 9.43580832362 -15.9879409703 -56.7937671876 0.189523241894 -18.8200063383 -7.55073182186 -1.73235821075 -23.8309973135 1.79184900107 -3.56732230783 22.6273025927 17.5733593754 10.3107236939 5.96800623994 -18.1241596954 -61.385248198 -0.330713731114 -20.3573424787 -8.25704913652 -2.3190157289 -25.3387888816 5.83296831461 -4.25049050757 26.6049838944
WRONG
18.9607108374 8.93946571523 -30.4893278641 -22.6312497199 -24.612278445 -2.6600853941 2.74277920689 0.468866212726 -26.4113965033 -10.1871184407 19.3386116482 -21.3196581156 0.913925709043 18.1655709291 9.64034928726 -30.5378672027 -19.1686321145 -14.9629074049 -0.386226103422 -5.10866144251 -3.61353350109 -29.3012391075 -20.9844902735 22.6100619116 -14.1436300433 -1.72634304088
