HAD
18.926348184 -6.07835408105 -22.3097799821 -9.66894127944 -14.8249833599 16.3652106033 -24.8432809083 -5.85540968441 -16.4574260904 -0.329049009582 0.877564351935 -2.01551102704 -4.73209834665 18.4477581452 -1.22260016546 -18.469108817 -22.4748589056 -17.4770401853 11.9282382477 -12.8063307682 -4.39538626619 -26.932513881 -0.54281155215 5.68100840904 -3.17838623658 -1.52013530669
HAYED
18.7527266215 -8.77704366363 4.30425517798 -18.6367829007 -54.0355853339 -6.02532985339 -8.2781858291 -11.7816779725 2.50307710417 -5.7685105485 -14.0453393411 7.46989873065 -2.41329347566 17.729936599 -4.61170503275 13.6758583701 -16.3253698811 -45.8863918805 -2.70641564564 -12.3172585668 -11.6786486607 11.5437393903 -3.35739539085 -2.64147019202 11.0482556937 -4.74885030657
HEAD
19.1038098599 -5.07904052739 -14.4331743909 -31.0264645783 -25.7567783382 21.2764730587 -12.1168838226 -8.88236143789 -21.2643604436 -5.07605776634 -0.998844452222 2.43870877337 -2.92529408245 18.5572743269 -0.158959583619 -10.2683502871 -28.1644074401 -23.2812297211 7.42806559629 -0.50408795424 9.40833300468 -25.7768020575 -1.34431795348 0.899582886639 -4.11390137093 6.61601238497
HEED
19.0034513695 -16.4867173098 31.1369689372 -7.46820337441 -36.7878553952 -5.28288728568 -28.9927862983 -9.19347619854 2.28643983208 -16.5582371295 3.68609923162 1.38847733006 -12.1439007937 17.9562730367 -6.10259413546 25.5314282588 -4.52914323527 -36.9930322428 -5.09670929765 -29.252723679 -12.9987565677 5.15185402257 0.0673645908421 8.09620092764 13.0699143833 -4.89796885584
HID
18.6240521322 -7.64488598793 2.90835971154 -9.61765857596 -48.3992920116 -8.03303914858 -4.1406466256 -3.48779408473 -0.524023988575 -1.02630191527 -8.50549040092 -5.95183710604 -7.64068339281 18.5074375288 -4.93856007429 -0.227793057832 -19.2443960437 -47.3492100736 -10.9588070851 7.45336885128 4.37668945835 -6.53374862456 -2.73632866668 -5.2669074744 -5.54939323989 -2.26901173005
HOD
19.3953503161 -4.03846267116 -32.3309569452 -30.5340270472 -1.34457792355 24.1899763862 -37.4569508113 -9.83704732917 -4.48473055992 -10.376479152 1.53246483324 -8.56240750819 3.03035571047 18.7515082384 2.59720144169 -32.3239544331 -30.1717194187 -1.97638408127 18.2799237144 -39.0109334661 7.18580691947 -10.8609147605 -19.0726154557 10.3178068564 -5.19029675044 1.26685006271
HOED
18.6060358606 0.0313632158561 -9.00900988035 -46.9617213808 -19.1408727807 8.63975602092 -18.197537831 -8.48130193354 6.19472576794 -1.91062084749 -11.1645784403 3.44898695347 -16.329750817 16.3759401637 7.49446901356 -0.474176134123 -36.2511660016 -21.7238729778 -4.31849301187 -32.3512184284 -6.40883743315 -0.54874432791 6.69768919945 -10.6857872539 13.1066942529 -17.7647848133
HOOD
18.4001169122 3.13244523768 -18.4176825122 -36.6565193987 -22.6909883393 -4.73167341923 -22.6196856263 -0.721415807988 12.1250831944 0.712277065185 -17.7560743724 -2.9023336432 -8.21740721967 18.6080887344 -0.971266124318 -20.1172147103 -13.0895669701 -34.0021964391 -15.0301709139 -7.19167579276 15.1142978584 -1.16535696729 -7.77543239356 -2.57543750585 2.68627627562 -15.5663053195
HUD
18.9548800011 0.896908563877 -24.3922662374 -31.4548355758 -6.45299347435 11.738051378 -24.9545679635 14.0001775856 -1.08258748399 -21.4177119634 -7.26594064321 13.1271051045 -0.814978608147 18.776884861 -7.13882175875 -22.2509936837 -21.2440439938 -29.5598123297 -11.8546389852 -12.8884981921 20.5434464439 -22.6115525748 -13.7226958957 1.99644577078 1.4579201924 -8.54233082658
WHO'D
17.951762213 6.85764626582 -1.3250391195 -23.9803859613 -10.392566491 -14.320831104 -46.7148444489 -8.78871012436 29.6954930105 6.04534765131 -14.8599557423 3.32863141471 -18.9693637706 17.4292394477 9.30285669737 -0.529840613692 -23.8993183185 -5.44156468865 -9.80387408026 -42.8722879464 -16.8931356566 22.7177345284 7.4738562311 -10.2493192484 12.0675905467 0.500029836838
