HAD
19.8320855355 -16.4198276919 -18.7155639012 -7.95983711813 -43.2503350108 22.3771743021 5.54144690459 -12.0566355892 -11.7392578838 -10.6184798406 -5.52346567795 6.15195507741 -2.95550026495 18.0247074781 -8.94134542127 -33.0095368406 0.0409735147433 -19.2461475664 7.99594226121 6.28569527256 -2.19204268616 -15.6236124537 -6.37267664449 15.0518922715 -1.41988409379 -11.3907200268
HAYED
19.2437185034 -10.8322940452 2.8297067201 -8.40389228124 -54.5595754289 3.48355409652 1.01100881322 -12.9920985205 2.66003086901 -4.16487152721 -6.44090055948 9.03492458738 -18.5897393355 16.8723706928 -7.17076519281 24.4344673285 -5.14251532654 -53.4675824688 6.42623431506 -34.6855699516 -9.92817747501 1.41926205029 2.42824016254 9.54349040657 14.9780847779 -12.6230308142
HEAD
20.2373048725 -15.527368193 -23.2518716304 -6.70878142498 -37.2969266405 13.9318681145 14.0991465821 -10.3026906476 -24.0933421607 -6.19459060429 2.38638718744 -6.89064620891 1.65214792607 18.4242100092 -11.4711577467 -18.1381658418 -8.28116741641 -44.1095312233 5.22929379988 11.7046679788 4.81438790845 -15.8171488549 -2.25456971062 0.208929627261 -8.84167808397 13.2699898326
HEED
19.7207739475 -18.1165336578 33.1320374161 -3.99051133399 -38.4555438179 9.45531772161 -44.2826479528 0.392324672312 -14.115032871 -12.6292424534 -10.519352152 -2.70634856813 -18.5123044146 15.7540160064 -8.37402768833 27.7223167092 0.503264375736 -44.046904411 0.214899961486 -38.0440434146 -8.3426005531 -7.4850524356 -14.0210094552 -0.354134294891 -0.812142516607 -11.5905761746
HID
19.9658689027 -15.623936372 -3.06725815044 -9.22848747641 -55.8243353805 8.63662333959 -0.605878750121 -1.71574387575 -4.64278783381 0.484200857133 -13.4441114298 -3.27259201842 -4.88262604348 17.3039645181 -9.38688805702 -1.93704531826 -7.5346102046 -52.3608885245 -6.17105414086 -0.394973286644 4.77599998849 -3.86723071965 9.28279480997 -7.90239513091 -9.51244187225 -3.29233967062
HOD
19.8751084782 -5.33134281892 -45.4356127501 -0.306114667308 -1.03764209294 14.0458084738 -27.3088554746 -5.46677531367 2.5236465541 -19.0994187818 -2.51993691813 4.1164288702 -14.9374934421 17.1486855617 -3.4626136707 -39.4097397029 -1.0115574052 -7.28483409926 10.2106460312 -17.6004294039 -2.45524173727 -12.7371742721 -15.2886827859 14.9622676193 5.59459834958 -12.2127106404
HOED
18.7704070238 5.55655278569 -17.1757061698 -32.6981233724 -21.1445369003 19.401985736 -17.527917125 -2.59763908328 0.175212839312 6.73092771592 -14.3538594837 3.35604195317 -21.0945611455 15.3672918956 13.3130595119 -7.28114606705 -26.4902075077 -23.1000795297 -3.27941249277 -13.5939388364 -10.339160382 -4.18669879819 1.98178534655 6.30025516024 7.70807346031 -9.27008325817
HOOD
18.8418298432 4.04526149017 -14.0389432186 -28.6522260689 -19.9219541812 12.247207931 -29.2239617127 7.69856387339 10.4095971275 7.62077388005 -20.0984826087 -6.41389014081 -14.0854626118 18.0034511438 -3.31912235353 -16.9874458959 -8.80683313999 -30.7802900216 -5.43272872414 -12.1225214413 28.1280959539 -2.29035104496 -4.20102026373 -6.41692640335 5.64209497105 -18.9590868096
HUD
16.0659009673 -15.2848327321 -28.6870218402 -13.6479430126 2.58940995425 11.2176560613 -17.9636062711 5.90442979553 -10.1216834848 -18.2886312644 0.106056898548 16.409072423 -8.96220190678 18.3527274105 -8.19982216753 -25.7356659371 -8.55924126681 -25.9062547897 2.208565253 -0.394570720832 15.0829649289 -17.5913113153 -18.0335789102 9.09902659522 3.23512802765 -13.2142160693
WHO'D
17.3723134099 10.2442418578 5.10217214513 -30.222609947 -15.450344745 -0.874080526787 -21.6706409406 -22.2087397758 -15.1556358946 2.18275005506 -10.7728779922 2.5807665475 -25.2142295166 16.412263095 13.5000963641 5.1045623569 -26.2885410478 -15.8018702668 -10.8161513519 -23.2590510981 -20.3423383937 -13.5572925613 10.7868274794 0.186934048476 17.0950436956 -23.2291168935
