BEAN
17.8594113915 -7.24318889561 26.5074364397 -4.99160873071 -41.3606600639 0.256700882653 -40.2685564216 -14.7267744715 -2.11827564914 -7.01249829062 7.72468724668 8.89602217049 -5.71104155158 14.7713779059 -1.36398578283 14.206912266 4.22733927502 -19.8832439012 -11.3102656895 -18.6956732823 -21.5114471877 -10.7274459198 -11.429234024 1.88142701143 0.588084812871 -9.87046522705
BITE
19.1970263925 1.07478612003 -39.6792066888 -8.13016196977 -23.9859846858 0.8030508833 1.74843612353 -4.65282039665 -15.7263951443 -15.5319297506 -1.73593041978 14.7899370795 -12.0222368746 17.3994572286 -4.28069585449 7.78928942888 -5.14253702233 -49.8854901489 -4.08384377109 -13.4413304603 -22.2653042096 6.56751209383 -13.1966455754 -3.23886863817 3.9765409567 -9.66322799761
BOAT
18.9028187694 6.01182054408 -17.4115041659 -31.081328105 -25.1984234494 8.75757538629 -23.5711899976 9.53565328572 14.6974865147 -18.586645485 -21.2758647854 6.03633064933 -5.16493924248 16.2202943512 6.2426348123 -6.81147861124 -23.4711928523 -17.1554319368 -9.90181680096 -40.6669633462 -11.572460983 12.7385568142 -0.0101824207262 -6.28729104718 3.79628632596 -1.0838836145
BOIL
17.5926482485 13.964104846 -7.97029026221 -44.8236975162 -28.0608539114 14.0807993847 -17.2900839706 2.53864738585 -12.8280371834 2.40510726448 5.82128468617 -6.84578753858 -14.3017256374 18.1741934323 1.3705004516 -19.8299265307 -15.5350188097 -28.7528283131 -8.64978829198 -13.0108031245 23.140360941 -0.39659134447 -8.95120362949 -4.79612816678 -0.250595650727 -18.6889571034
BULL
18.1225001771 8.24158838016 -8.41521085227 -35.1277504656 -31.8088919138 25.1418138851 -30.9497623282 -5.49233252074 -4.43299513033 3.77995269003 4.08736613947 2.0160736354 -9.19466201373 18.4695360404 7.50304055514 -9.70094659156 -39.152560447 -33.6544521074 24.1467957903 -30.8294773139 -1.07586794124 -8.97686490261 1.89291815873 5.91391418537 2.88565448534 -6.69071031123
CAB
17.7367577051 -16.8216204511 -12.8339862883 -6.68114626521 -37.7998402493 17.264622278 4.09712764847 -9.01445541953 -5.53767920001 -8.06840149484 -5.42744260802 6.43084919128 -2.93840134498 18.8339038286 -7.14329436977 -35.1235355395 -5.99939271087 -23.8338633714 11.6177596839 -6.28683693914 -9.32967125526 -26.9192218352 -7.84407404727 3.04408930604 8.8636178814 -13.1532106805
CALM
17.0522006231 -6.04084284086 -27.66581158 -17.5552495355 4.7328903694 -11.692322157 -1.11431469765 -8.52621252905 -1.23948520614 -3.62931141692 -16.941490399 12.8133740866 -6.8988583197 18.2477655855 10.8308684717 -29.3058603553 -18.1935544727 -13.8161768037 22.6116082442 -17.850945271 -41.4926911924 -4.62339502634 -8.16361406986 1.38205960201 14.6721442045 -4.23073623455
CAUGHT
18.3705839183 -9.0421407602 -37.7829363024 -5.62588774203 3.51650470937 1.85562507332 -7.24505518233 -7.80295832205 -5.3434321957 -0.521944614614 -18.3148703391 14.903415611 -6.53063953514 19.7355130315 -0.258180927712 -48.8403294757 -5.26147940624 -7.88029152521 13.1309863952 -15.1050368305 -12.4320298533 0.950991637885 -14.248688536 -13.0953900767 25.4887390054 -11.0757371272
COAL
18.426240347 8.57192160763 -10.104472988 -44.6242246409 -26.5218170672 18.6946903348 -17.3651443272 0.914680890984 -13.0507367081 2.45767763091 0.943078890159 -0.210222463583 -15.4043082404 17.067175577 12.5168865027 -2.98612909481 -44.3665685276 -31.6436207851 19.9123080209 -21.9680200356 8.28200870349 -27.996049052 -0.199418279145 4.78509737594 -2.00631367483 -6.09983074458
CODE
16.9815475308 -9.84262903386 -17.4740815079 -6.50856068416 -15.2916486 -9.21894688502 -12.2294181205 21.0997208384 1.73548309609 -16.2901926398 -2.57863508738 10.7439789788 -14.4276397112 17.6595307217 9.84066889031 -17.4196585618 -20.6015017141 -18.9415480563 0.59466597604 -37.4921453466 6.90773547413 22.2685432385 -5.99525684378 -14.5801512512 1.85954742579 -4.95440858237
COIN
18.1238694974 8.80475472967 -18.4423915336 -24.1600064879 -23.4930453124 16.0562457623 -24.4931889455 -16.0923221837 -13.4109207241 2.63889426141 -10.9655382527 20.8914679443 -1.03523769599 17.7402627327 0.45493138516 -15.6492710716 2.09600762933 -41.9458259491 0.174181085515 -15.8892618276 -4.05212720933 -21.5852546332 3.40005722027 2.29636902168 9.08646654926 6.03294486507
CON
19.0648946632 7.54438193679 -39.212297842 -12.5632892654 -6.97263798667 7.05876519093 -28.3894330006 -31.2489841058 -5.17564735642 -7.76776363392 -14.9501987782 19.1137872257 0.507144975731 17.682150445 5.57477724951 -33.0632595601 -2.5807257532 -7.4307258475 1.97370718052 -29.0045422766 -27.4387881372 -14.3006727103 -14.6236507805 -8.06724083065 14.7965811813 3.64169488701
COOL
18.3982475625 18.8843425846 -0.352910213862 -46.6402913151 -9.92428178978 0.373720761027 -29.9350670508 -28.2507251349 -9.58858636501 16.0122991145 14.9175375305 -0.386926628449 -19.6043032697 18.2815196527 14.3455106587 -5.2451727473 -47.4598157045 -13.5329589834 5.63382501399 -26.5084039283 -9.66720895406 -14.1006684595 12.1421625019 3.6167996067 -2.4338296493 -14.9655805083
COT
18.7614877096 -10.4778563057 -45.8970863681 0.897170684023 -2.5608647956 4.02355932734 -4.88520732983 -11.0124246256 -2.20836278355 -11.1896916984 -4.41229517424 19.0569871729 -14.596711564 18.7200612572 0.744602783855 -39.2550012555 -11.9978180579 -16.7814250663 6.96224544644 -6.03057384572 -3.1092116359 -7.89932897616 -24.156786573 4.13054101408 10.6173994553 -18.0423705615
COUGH
18.453852527 -1.4722815473 -39.15858595 -10.1046766975 -2.53401134239 13.5116004978 -10.5711106809 -9.87918601646 -2.46710877248 -8.20129897926 -15.6790094955 15.2605530588 -2.95552028914 16.8203586513 -2.29699033237 -29.4237122448 -15.2684444623 -8.30684876236 23.2730549051 -14.679321344 -19.9826706245 -7.54362121739 -10.6565348714 -13.592923451 8.91978134965 -3.95475559274
DEATH
18.747578021 0.166087891962 -20.574488741 -13.4492621404 -27.541464297 -3.78496603233 10.0028373101 -2.92509205788 -18.2713293169 -21.1439574742 1.99070871124 -1.95653755527 -10.1305447781 15.0878000688 -10.3451134323 -10.4094460575 -10.9076786543 -16.0103117422 -4.33442683341 -9.35751071641 -2.75318734479 -6.63687787083 -7.8358619981 -1.35723405336 3.47576126993 -4.2709049432
DIG
18.5051683807 -4.32297992732 -3.79530944187 -6.91550891095 -46.3696681164 -17.0599024906 0.374285175178 5.56117423609 -2.7036776929 5.57073558475 1.21012863719 -11.4953670612 5.42314282417 17.719423526 -2.74961067831 0.904902322198 -4.17524549006 -50.8652295557 -10.3877527701 1.07103099974 -6.08475698909 5.26722584349 0.855620387634 -8.2820367048 -6.34579933326 -3.25581012415
DIME
19.1023022506 4.67489552276 -47.0603676253 1.16736334838 -11.6798033174 -12.7135508209 7.39765104252 -8.75744712882 -14.0974931299 -13.441432769 7.84780478507 18.9742084068 -8.67635632219 18.0614601809 2.58780102682 -31.1651795785 4.67183248226 -24.6795436054 -5.29614812296 -6.16717440548 -13.8769514658 -32.3286167652 -5.14873623798 14.2503974428 9.29239912192 4.72250291236
DOCK
19.1630759545 -1.22202130958 -39.2128026463 -8.74482110058 -18.8900588829 1.70909130008 -6.62429148882 6.57294939726 -8.76126199079 -18.3184438649 -3.79430235631 15.2703428748 -5.88225799143 17.6780077829 -4.92825239989 -39.2687683707 -2.9645238712 -2.00780345514 6.53957412866 -7.76706741347 -13.095275952 4.25332325003 -15.0076595472 -15.8977456485 20.7591583731 -10.168628062
DOLL
18.8419502319 3.84140208035 -33.6518555494 -20.4939384681 -14.7572141393 21.5275619462 -23.2653242831 2.8239497581 -1.69000400532 -14.4593080219 -11.1309738634 9.86696755299 -4.99003214461 18.0645034465 12.0351005425 -32.0255056219 -36.5866524401 -12.7973158544 28.3454804771 -29.9274426249 -14.5905527297 -10.7064267217 -8.98887717087 -10.9189604279 -7.56240707404 -5.38232666605
DOUBT
18.881197696 -0.221272758545 -33.4001450619 -3.84353268629 -38.0401936816 5.91420876453 9.79171702324 -0.955386468342 -13.8727424623 -8.49106160194 3.36183208805 1.27425488754 -4.03924603225 18.4653647039 1.90475847677 -40.5090542674 -9.91251296733 -19.9842142425 11.9575748048 -16.2659785262 6.47708159918 -4.93409350367 -21.1370147927 -4.7182921238 15.837030857 -7.48954405353
DULL
17.0829577114 -9.26601210205 -11.4181662325 -23.3617897521 -24.3684414702 1.21442207507 -29.520785893 9.57293104672 0.434630144599 -15.133588111 -5.31745308262 -0.598655605456 -2.8893288651 18.7212946422 5.12537027232 -16.2248176981 -40.0403466695 -13.882255795 25.8292223119 -38.1079837474 11.5246525433 -7.98882827398 -3.03956584222 -4.7960975572 -20.7656374691 11.542617461
FADE
18.6793352601 -1.94100907473 -13.0352721568 -9.12787778515 -48.7987169542 -4.51812902872 2.61056606871 3.11785423074 3.51782617473 -1.26824594545 -8.95996627975 -8.59956835191 -5.69259569511 17.112012187 -5.85251638301 8.19931488986 -9.91361724551 -50.9110474972 3.77221260703 -22.6945841406 -12.8646828293 4.27659791889 -8.19787715296 -6.02578313498 3.45984062164 -6.23289204287
FAIL
19.3301962008 -9.3669541977 -10.0985587096 -4.54222999299 -51.154041381 -11.2152312801 3.05470108997 5.7718846685 -5.36014662214 2.19769083792 -13.1885067897 0.685895045934 -12.2281456158 18.7679160645 -7.68796659571 -7.59477444309 -5.35844306748 -57.9428783168 -1.58725039542 -0.0934124248329 -1.39451670222 0.469409302288 -1.89319824511 -13.865717758 -3.05801884977 -4.63727883209
FEED
18.7955301331 -12.5129423771 19.1105281906 2.35695777172 -42.4767488755 -4.87606955191 -29.1029603025 -20.4752369891 -0.355258163597 -4.69314675317 4.46165560213 15.4570675841 -1.45404268168 17.6851998707 -10.7649314037 27.3994179179 -1.56250231748 -40.6516269601 0.654382806523 -40.0278948406 -20.0352837403 -3.34511427103 -17.4775883581 5.72556021772 6.62998054345 -1.37906078131
FELL
19.3731107857 -10.1946433552 -24.5363424345 -11.6031488771 -30.1190028006 -3.16919447869 -1.26319350393 20.6460529867 -13.6782926538 -19.5838587078 1.4493065919 14.3022704462 -14.949384825 19.2391749886 -8.58453471556 -31.5041750299 -16.0415529987 -16.4562234211 9.62094732054 -12.9837037483 24.7894787655 -21.8362275755 -23.9970573618 5.93843175841 15.7739982061 -8.73892962862
FIRE
19.0175550598 0.77858891111 -39.4928055248 -6.20616524112 -24.1458005327 2.79977881146 1.80760907312 -7.04151078305 -18.3359311086 -8.6910741595 -7.83458560555 16.1678403613 -10.9637605295 17.6754601696 -2.53708047224 -14.9947299228 -5.28984806375 -49.1030304911 -4.15771563195 5.22627052527 -6.30204867608 -12.4436053102 -8.91070890901 -15.8036568148 -3.80509768136 -0.380192964492
FOOL
17.8893202781 17.2591787785 -4.98696289742 -39.356069123 -24.3662336625 4.30517582789 -13.2316873495 -17.5811872843 -17.1008811154 -0.964023831079 9.98272864725 12.7018099851 -17.6288858682 18.1004439088 16.8811002487 -11.9013681664 -42.4165865998 -19.6639055779 8.84395737231 -13.7334590695 -4.90473008957 -13.6949371575 9.78375941388 -0.2027073262 -1.31923368445 -23.0855543915
FOUL
18.9829221874 0.819230181921 -42.6405305507 -2.31074236463 -22.1707496446 4.50269733809 4.19839451271 1.84790206821 -12.5126938395 -15.3755213304 0.357501735787 21.806468886 -11.9169278811 18.9195580425 3.25920594814 -41.3427474129 -15.75123705 -15.5429700501 20.8106922228 -15.7769047751 -1.68719797571 -1.23520898469 -14.8332188733 -7.67160715599 12.553441212 -4.02949975624
FULL
18.1891313582 7.04405204954 -13.2483343084 -30.3185458122 -24.3315644679 11.5838153787 -20.8702694136 0.793967417372 -1.43271637863 4.91884997819 2.59706632472 -14.1589514454 -13.1346996124 18.9611746109 8.59270029018 -12.1004445856 -42.0847408925 -23.4278623185 23.658436926 -28.2649892582 12.0492233823 3.61611355456 10.4064208533 1.71084165084 -18.889972206 -12.2780658633
GAP
17.9751016515 -14.6708597518 -2.98635765746 -5.05502824294 -43.8504956936 3.76614897362 -6.45485615266 2.21910805334 0.463984256876 -1.90836265848 -6.80318156597 7.60966474788 -6.57036678597 18.7322635107 -7.23596406143 -36.3426513303 -2.39078873559 -26.9704280628 10.8720069383 3.49604737634 -2.98142932796 -21.802122156 -6.70637900593 1.11312850546 13.1779988074 -7.71148610812
GUIDE
18.9426549266 -0.155806052605 -34.9606080781 -2.78346196643 -21.6842618383 2.14935061656 10.0292474227 -13.7557866445 -19.6199596337 -3.82497442139 -5.9715249492 10.1610037102 -12.2055125732 17.7930395786 -1.97589689511 -11.0748011458 -10.4235524036 -39.5223656845 2.17884941292 6.67729292033 -18.6879713409 -10.0165729347 -12.25761543 -8.72482260955 -0.901603642232 -5.73240288707
HEAD
18.969902483 -3.38893401843 -16.3964755945 -15.8135321489 -37.6007338055 5.40777015166 2.83032177393 2.78608244233 -19.9354013882 -10.5423894508 -5.97047790051 -6.15425521841 9.12975693825 17.5286873932 1.13989500466 -5.55611911589 -11.464133585 -44.1318653818 1.00651108932 -3.51321855597 3.99581675984 -14.8257716107 -14.317504791 -7.27492934111 -14.3582220989 3.74492157639
HEAL
17.62494458 -6.76134520326 23.8101756541 -9.59271472793 -43.0144628277 -6.71877233664 -36.5640024875 -18.438890855 0.981249227635 -10.1725314394 11.9375887418 12.9675952222 -3.47239647778 18.4569569503 -6.5887293944 -2.78672521554 -4.20401645756 -49.9049513863 -10.1350675469 -9.56564027734 -0.599196759885 0.0981957219847 -4.53312193931 1.86009824117 1.46242491074 -5.66081257743
HILL
16.4062725958 -15.2122925105 -4.73652295919 -5.23804619488 -33.2631233726 -5.88718395555 -0.920730919966 3.19700567518 -14.9795149129 0.939801183804 -0.796272770097 -8.19956604697 -1.43995514634 18.8247198711 0.388250369315 -18.9606510892 -11.7270767988 -31.0646157978 -9.76272412114 -13.134257775 30.6055436144 -15.8714519879 -5.52351440601 3.64272435805 -9.98744952553 -7.88362078255
HOME
18.3205882958 10.073229933 -14.3860230063 -33.3559949391 -18.8308242165 19.2211664254 -7.06526495649 -11.4358490354 -24.6671232484 3.4312702962 -20.6117909219 7.47936275913 -4.89190538089 15.8246169627 6.1530117083 11.8526082881 -13.8974391591 -24.9055017789 12.3350439244 -25.9661109934 -26.0895256592 -10.8108685184 -2.80865649233 -9.01953887613 4.30695099676 -7.00589670476
KEEP
17.9059568676 -5.25888521671 26.749726758 -5.27801841035 -42.402658291 -2.53593412784 -40.1043520078 -13.9147421947 1.90271896705 -6.829409018 11.4760543996 15.2603214844 -7.1968720979 16.2016327621 -3.58282873895 23.1918580191 -0.56864051818 -34.1039935341 -8.716490781 -26.4186110447 -19.8560461969 -1.53816380347 -9.16468457447 7.82519701122 10.4023806798 -6.74928207541
LIT
19.3125814198 -9.76646108548 -12.9446736676 -11.0102284162 -31.9053118224 -13.2594172647 1.0486356151 20.8281927571 -20.6992919684 -6.36774470612 6.61257165694 -17.4812876826 1.32485589813 18.7074543806 -8.91315270823 -14.2906253082 -14.9898519234 -45.7440976095 -15.2159569728 -1.39736158808 10.116791657 -23.0788656875 -2.0536225276 -3.5589745889 -18.4044308661 9.57220477423
LOUD
19.202395676 -1.58922534754 -47.1188226927 -2.00115535888 -13.4940426041 7.97619225492 -7.3996206341 -8.54861942443 -9.48487824747 -18.6006944532 9.37419493887 7.93757173576 -15.2145111951 17.0315862915 11.3873850867 -29.2519890885 -19.7495181742 -15.666362184 19.085328034 -21.3516898822 -12.611450748 -0.451635041988 -21.8780726661 -11.0251884208 2.16936320892 -4.33028987544
LOVE
18.6805071336 7.50269008066 -26.6045130505 -32.8807902554 -11.5382748047 12.7616676924 -31.5319760799 18.4566646127 -4.37026743735 -21.1153739047 -7.76314043456 8.98852277646 2.42835656392 17.4944994101 8.5485567618 -15.5796101518 -26.8341541732 -17.7592725073 12.7408771512 -33.7163983646 14.3775196743 -0.571575725472 -14.6349072141 -12.0383896368 1.73833786614 0.105526859752
LUCK
19.731060202 1.41100795991 -33.2370390293 -29.6578430834 -14.4405814928 20.9090718444 -30.0310760311 11.0506927355 -2.46319965685 -16.6084274054 -4.30863281487 1.15438873614 -1.10934251706 17.7237794018 -5.53468957643 -35.7585106463 -2.34858980389 -18.8965724826 7.95715736779 -17.4865429088 2.37377219233 -11.9198405598 -33.7250289651 5.83191248506 12.9785944333 -16.9438717236
LULL
18.9537283254 5.31945077043 -6.31188932383 -53.3021880232 -10.8116248806 15.4553676126 -33.2836448889 11.3527297683 -11.2594123023 17.6358686515 -12.0674824034 -13.1661332034 -9.89644288662 18.7334207367 6.45701022352 -18.5335597114 -43.3204663605 -8.80779680118 20.5465631203 -34.3286116147 5.65105042226 -9.99839933617 -2.35933251891 -16.1133584786 -5.1001711392 -0.466311937407
LUNG
18.9830357331 8.53864518902 -28.3445163527 -32.6121499356 -5.24781449468 20.6760608808 -23.6839629905 3.07375563313 -7.31498926836 3.55809092981 -14.3065177049 -7.47056530186 15.0163266306 18.2332121112 1.71982546602 -20.143307135 -22.9203644997 -5.35091383926 11.829779218 -36.6181673498 -9.2368755481 -15.4585889614 5.51904089356 -12.6185807911 13.8814165703 19.6217253696
MAIN
18.2286104492 -4.55809356736 -1.13352845986 -13.0149137318 -46.5909794174 5.48998349971 -7.11510321698 -14.3788054624 -17.5914479621 1.65911345671 -6.9843808921 0.740291863106 10.2507788549 17.5465084164 -6.60695909932 22.1634444975 -10.5494493058 -48.8495273865 14.2606923226 -30.1343591552 -17.2626750442 -12.8307347639 -13.6454184283 -7.22017556449 1.70420531842 -2.59002687183
MATH
17.8263956068 0.878758593276 -15.8068454651 0.616951551383 -32.3288540499 -10.6017839127 -17.3746123302 -2.38428943585 -22.7289416488 -0.0956028833568 4.67239331949 16.00091404 -0.0936985219071 17.5980102825 1.51889677826 -27.265465393 -0.47828408639 -26.7751318052 8.17876303106 -11.2843719599 -5.05215749407 -36.5761258639 -13.0763395448 12.4221838173 2.81693612812 -5.52900175064
MEAL
17.2443033439 4.11295536801 7.23053789853 -1.57058178681 -44.575427017 -5.46597130648 -26.4688615771 -11.7191389737 2.42623666303 7.76857939411 -4.53291522134 13.8966433476 -8.11022811164 17.9750738709 -1.92701964801 1.57176214379 -4.99333497679 -54.647481978 4.94626548002 -19.8160512508 0.677944441499 -7.80945584213 4.8253227169 1.00921603615 4.42330775829 -4.81595107552
MILE
19.0748977008 4.55378223043 -39.2284747239 -5.51416101376 -5.20988923982 -0.834179993795 -26.6034484356 -5.19359696754 -20.0894444474 -8.58999136481 11.9083348136 17.9537802388 1.37702300135 17.7470878631 -0.184368950833 -22.8075439937 -3.06528141997 -32.2171844414 4.27481489016 -1.07135094829 -4.54241637665 -27.8896505769 -9.42267448794 4.23995884158 0.28729817342 -2.30930714364
MILL
16.9334260478 5.53976687436 9.82412594305 -3.76326370216 -35.389505817 -18.1988518455 -25.5124386814 -10.4809661151 -1.30903600399 -8.2024863215 -0.219241607418 19.7845179013 -15.017724277 17.8179731382 4.83311281758 -10.7531565493 -14.8752260674 -34.7602857629 -10.6809700061 -14.5499589428 20.3165423783 -32.5142009592 2.1981662088 5.67365539201 -4.54656407684 3.08859705688
MOB
19.3366484145 -2.22863461035 -39.0712882382 -5.2099115597 -7.54597774539 12.7158230624 -37.6844715313 -6.59660734668 -10.775040013 -17.5580190595 9.39990273774 13.4075010221 9.35645092525 18.0613789827 6.53149872303 -38.600268441 -15.4020519519 -11.7214277612 20.2981495182 -32.2067728228 -9.75049510411 -4.01970096973 -30.5040668773 -3.13097167585 5.30258199692 0.368132023083
PAL
19.0086286409 -9.43083463054 -32.971188105 -0.635626922359 -17.7026446016 12.9652479521 0.836573710688 -10.6439441463 -13.7514609174 -7.86946641475 4.59898350765 3.94831879286 -15.9580119694 16.4143475915 -2.75354925719 -30.949994722 -21.6794248158 -5.10273848725 19.9111342137 -24.8829017412 6.35019551833 -12.8694750054 -7.7228673637 -4.39245896905 3.61005474974 -4.62402044757
PEN
16.6776207475 -13.533831383 -8.72816471588 -6.90929509029 -36.3221653489 3.43749154554 3.03380799229 8.15567084215 -9.06527970503 0.627069230744 -3.36980379452 -3.18967947099 -2.40540732881 18.2435447096 0.257076247541 -15.3094400406 -13.2492960363 -36.3085832413 2.62285865771 7.59685579337 -0.455912212996 -30.7196423451 -8.46139607874 -4.23755220632 -7.62137004271 12.2991784383
PIN
16.9772922373 -17.3062486595 -8.86820470473 -3.80113331645 -37.2067512899 -2.98441691068 4.6606195931 3.80979394289 -9.54645006959 -4.28788513039 -0.195335580073 -3.4860032367 -1.43066919892 19.0227606584 -9.84037252079 -12.8619706691 -7.42709385033 -38.7691203553 -12.094617847 7.06780373271 -4.78300407171 -17.7969775713 -9.12991473337 8.1184781865 -9.43909222292 14.7191587168
POKE
16.3481106658 -4.44783655117 -13.085678415 -20.7305657364 -11.6718762281 16.4148471096 -20.1715611895 9.15462292284 3.99633734906 -14.6164670232 -12.925057392 7.6365681796 -2.59103863513 16.8219562994 7.51378101715 -2.85981667946 -38.5890579727 -10.8180374509 3.43336034296 -29.9267939776 -13.5710605796 -8.68689849395 7.58903098193 -2.06551481052 -1.45874416223 -9.07876186863
POOL
17.68732216 20.4171010713 -2.50553870737 -36.7002705404 -14.0812390675 -1.13627678967 -17.4083994659 -20.1175271543 -17.3526668682 7.13508646574 11.6371633343 10.4418817977 -14.744363049 17.6445018948 15.6973543241 -6.33747835235 -39.6167916384 -20.7593815865 5.35648595676 -20.5361668135 -10.9035306957 -6.90407960922 5.39671126534 4.86852914129 0.0788934363226 -13.927621652
PULL
15.8454886 -19.6819064401 -12.9093585655 -14.3292359478 -1.31370852537 -5.96408947857 -18.8695909074 -3.8502969395 10.8606122733 18.3834055951 -0.195824103556 5.34768693631 -6.10088623241 15.1864974841 -17.8417410197 -18.0845178775 -17.0957239972 4.47403686215 10.2738216571 -9.66704497574 -3.64481376271 10.1545908791 8.39179806332 -10.8902194035 -8.73125717458 -11.59855967
RICE
19.2910215179 -3.38707672679 -33.2519325132 2.42180682671 -42.8532029339 -3.83368423308 12.7502741268 -0.734918958949 -22.6267273387 -10.9790225732 -11.7348041787 3.53224560179 -0.359565928313 16.5315092895 -2.36960505601 7.37920786717 4.48384929589 -53.3346697884 -10.24741434 -7.98662952539 -25.1170884094 -3.88616666282 -3.8039959593 -12.8475767537 2.75071334897 -9.38942753927
RIP
20.0774309449 -8.41114611749 -25.0778194162 -1.0060630278 -45.8939265073 -12.3179698591 9.58574295471 12.6172094024 -9.64411997891 1.87167946492 -12.0715911193 -4.27606533933 -11.701643061 16.6650706788 -5.46053959249 -15.6443545553 -1.8839138133 -36.3772755743 -9.82507753406 9.12543001856 17.1070837697 -10.5527281057 -7.22173530074 -10.2448782868 1.09231697751 -14.3281063475
SAIL
18.2741612726 0.834941084588 -8.2506190401 -10.3811484399 -50.826015734 -9.61937265575 3.96859828752 2.51309506246 -8.82365332929 -5.70752744002 -7.23311917932 -6.7668135541 -7.61924830765 18.3099450316 -3.80927382591 -7.98967278557 -8.86545324849 -52.720809489 -3.92836211804 0.444076721681 -0.194494639306 -5.6565367195 -3.62419940492 -12.911320589 -4.17580051064 -4.69832098244
SELL
19.0900864254 -3.28822382033 -25.7345093595 -18.6622854174 -26.4629454897 -4.37369225618 -0.824362644012 17.5157583633 -17.8682784001 -23.9291151082 9.17215228345 0.0420438818628 -8.80570978712 18.8325675081 -10.0264608556 -29.7541528397 -20.0353687346 -10.7829011247 10.4649269468 -16.0565290095 20.9803931147 -25.2507525542 -24.673111318 7.67114403629 11.8008462306 -4.32699946357
SOUR
19.0366327447 -3.19275504972 -38.4131474168 -7.2339794704 -20.9547107057 -6.46798188154 7.80990750147 -16.451849956 -19.3044619491 -10.2278717451 -2.79495455219 11.4925652468 -17.5408705391 18.3210968901 8.22652222099 -37.611850653 -21.7535583327 -16.9975549041 11.1464367942 -13.5269109441 -14.6568279435 -6.34468617773 -9.56702224685 -16.1846077232 10.7120067483 -6.19191411895
SOUTH
19.6090826469 -5.03069628234 -41.5853443158 -3.82334806899 -24.4310306964 -1.49358113056 15.724860005 -13.4287351713 -14.3631771193 -11.4273728968 0.273986373654 13.2971400121 -11.8993606315 17.0205849048 7.25716348313 -28.5549709131 -18.8092004758 -11.5049796952 15.3496811996 -22.162554366 -9.99441279255 -14.508514959 -14.1227577089 -9.35082901689 2.51968035148 -6.26499008983
TAPE
19.573693919 -10.7699103121 2.70288118236 -16.4202837625 -58.3031521439 -5.7059189195 -9.42311075689 -8.08051900646 3.35026885872 -4.80598044423 -14.3010516451 -1.27374031635 -3.76228856953 18.7080299252 -12.2974416487 18.0908078681 -6.60397223421 -52.0345373494 -4.08597958759 -26.6277044144 -23.2704286577 8.16760408917 -7.34605222198 8.38290837954 11.9889218866 0.446928453538
TOOL
17.7298658076 1.80960725815 -11.4205564859 -15.7638997361 -25.7143535752 -13.3421412101 -42.6267755171 -11.7268142089 7.35862543365 -10.7200357918 -17.0045345914 23.8496922733 -3.83035587147 17.5201510924 9.15031215293 -7.04905465001 -29.7713297222 -16.1427931868 -0.107080226163 -32.909789669 -14.4754439117 14.399416233 0.065757563442 -11.4040894721 5.9000227251 -7.08838696987
TOWN
18.8488848775 -3.05330295906 -28.1354135631 -8.89620845148 -27.4308782556 -7.30561028219 10.3637737958 -13.4467463503 -19.8682109435 -18.7422210881 3.68247493198 -0.0174070670992 -6.65130464375 18.3735523124 6.46769670826 -35.5813053361 -15.205798711 -4.37660158852 -7.01683831052 -10.3221633545 -17.7877426342 -20.5358674528 -21.0731046397 -8.12511113072 20.5781566864 -13.1434158213
TUBE
17.179669097 3.40543539556 3.32278615008 -1.83871808787 -19.0409291461 -26.2101827773 -34.1191389434 9.96360487293 -18.5632223183 -5.03312035814 7.30869993331 14.1803631425 -17.8340027078 15.8308363737 12.0274783831 6.19072252383 -9.83801302481 -4.80409229556 -13.104725034 -40.2119251327 -12.8536971326 -4.92720250321 -3.75770097265 -11.3177218915 11.7534597964 -8.53728287813
VOICE
18.5359657824 8.41778914798 -15.0784487625 -33.8476610561 -23.6283140175 9.70189393141 -20.509328182 -2.47537957429 3.4095644643 1.82284039875 -2.88979066626 -4.83035276843 -11.0567501101 17.5452346109 -7.1007983383 0.868915202343 -1.0453236673 -47.7840381683 -16.4536513605 -15.9224705484 -5.61578600961 -6.97008049903 -0.653218293833 -10.0419735498 2.8172824174 -15.6597649339
VOID
18.1252429061 6.51496351204 -8.34194305994 -37.5876411827 -28.1212428726 17.9213344168 -26.3051569914 -9.0815904509 -8.33048153385 3.22682731787 5.9473028966 -6.06992035494 -7.19603224807 17.4511395979 0.865624008533 -4.34558796365 -8.31053868242 -47.7453686507 -9.64453848658 -22.5427929495 -1.11813917298 -5.22207864273 1.60231376497 -16.3829878737 3.18722714533 -12.8889559953
WALK
19.3534845407 6.98358668169 -33.5547157489 -25.7407737233 -13.7048097134 33.6336195435 -7.33238691527 -13.1055423648 -5.2379068191 -3.31959027336 -5.08686864165 4.15462895563 -5.54086107831 16.1074276975 4.69424577092 -30.9300842051 -25.2475269334 -2.15414624203 21.7710188989 -20.3591996289 -17.2759402566 -0.716135896214 -1.0832840076 -11.1283194753 6.97411915929 -5.34088724767
WALL
18.8481341409 5.96496413031 -31.0317318969 -34.5510974067 -14.5398421092 37.4755571627 -27.822327262 -9.88955562994 -12.4345810604 -5.71846341791 -0.044744414009 -5.87865662039 0.0695035091539 15.0482488737 3.04181840725 -19.5634019834 -30.5155551097 -3.32715628493 24.8172511165 -18.825080773 -11.1615474626 -15.1223721869 -4.59425839365 -4.60568085606 -1.19393531642 -4.59139813211
WET
18.9445905522 -0.84138406558 -23.3674709846 -16.0492933053 -28.2529151746 11.1734675929 0.394094777369 10.1034218917 -22.4725615996 -16.9671569976 1.9677259301 9.14366925938 -12.8778098487 17.4691398737 -3.09990047709 -13.760870006 -9.47575390468 -44.9272945739 2.98158220576 7.63708391371 4.08128933492 -22.7466459852 -8.54808176301 -9.34602185307 -8.21964998357 0.585862219236
WOOL
18.5218619323 15.9656280799 -6.40205292373 -51.36106511 -17.5151662216 10.1602376447 -13.4053577224 5.80855892494 -19.3436974095 16.1752759946 -2.21665057628 3.01920911501 -23.6172194983 18.3068981372 14.5784652751 -9.53752366137 -45.2382406339 -18.8281340256 15.3940483366 -15.6358999608 7.76031668387 -17.3479588914 18.1588607508 -5.73238755346 1.86157191641 -23.7888082621
WRONG
18.716474236 8.12658761425 -33.6683206838 -13.7460553729 -6.74699100022 8.0060113277 -28.5757786289 -14.4361103548 -13.71879276 -2.97273045602 3.90363217819 13.9342241524 13.9112714055 17.2203616314 9.21319297142 -24.7775305599 -15.5834793855 -8.12580109795 14.3321472733 -29.1743522261 -30.5190399147 -14.7431490387 -1.3263745661 -9.16440746987 8.15855313447 8.50773519233
