BEAN
18.8337049653 -11.9204527809 30.5209605896 4.50973889811 -40.2302061324 -3.85683181948 -26.8965613163 -13.2803862193 -8.52391126745 8.24600800743 -26.2101131376 5.10385936236 -5.92745462993 18.9487812455 -14.6520916722 16.8249334485 -1.67572642101 -43.8736862206 -13.7094440672 -28.5885956784 -6.40382276089 -12.0896629607 8.9068913693 -23.5643136937 2.47092928908 -3.11437935912
BITE
19.477816508 -11.2918463304 -10.2441752256 -13.1256703179 -27.74751035 -5.82825616586 -24.9032753881 21.8441989079 6.88413421211 -2.3920095447 -26.5233819394 2.09624025777 -12.2881686961 19.219758678 -20.5166184144 18.2393087331 8.20039232936 -49.3113758379 -19.8018335495 -14.1528544647 -13.6844062381 -13.7197926092 25.9858282277 -11.2621644134 8.83783514846 -5.22503951742
BOAT
19.059094967 2.27293307506 -7.66282834378 -26.9490327804 -30.8673203216 8.08671002261 -32.551680975 -0.279054121163 -1.32484017264 41.6175339264 -19.640555597 -5.47087842346 -14.2686743118 15.3436386108 -0.699431475481 6.88965823486 -21.6153892967 -19.5749896257 3.29587424538 -36.1199302121 -15.7629857031 -11.2014024916 31.5224590536 0.822925640844 -2.36912437469 -14.1702393935
BOIL
18.4736598649 4.9572846863 -6.9235240347 -32.2216797387 -45.5914515237 22.6047790918 -17.0654657653 0.493425568872 -1.77779926983 13.513730979 -2.93116391674 10.374883434 -23.6747985556 17.9083050171 -5.21370777288 -9.5043268523 -8.15437000541 -29.0440437034 -11.2107462604 -27.5737388304 23.7904264364 10.2928790366 10.0487090837 -28.6011046254 5.45515008236 -15.0460098435
BULL
19.1558150121 2.17708270228 -3.81460386096 -30.3074656113 -45.2928029049 20.2184037366 -17.9313360802 -8.11286263205 -2.302528396 18.6323892146 3.72370065548 9.85536355725 -26.8542737977 18.4590925759 -0.0515642532299 4.43479515266 -41.3689771315 -39.1318269861 12.7427462199 -11.9840919288 3.05959273985 -2.75890712051 9.64624274733 2.1493514265 5.87515455711 -25.7458447494
CAB
17.6095005623 -23.1816637453 3.38154282895 -5.88982289603 -30.7055834802 -3.17117474488 -6.90968728514 1.35996598449 -4.34021122158 3.21258674054 0.224548548328 -2.99427713205 -8.33885375555 18.6008977154 -13.8374481461 -10.3469522666 -7.34453644565 -44.1424170196 -7.96068764246 -9.55593861767 30.7060937351 -9.79538631606 -0.586272302316 -20.9369505187 0.805933071611 -21.6629411466
CALM
18.4731193543 -6.75352407796 -26.9518378733 -22.4898720914 -8.12150674948 15.3662339926 -18.4133994474 -2.7980506732 4.76813019161 -8.39534204019 -9.42858879901 -4.41526825635 -2.84877747779 17.5036635559 -0.847338299479 -20.6475546082 -28.6573525537 -8.74104830104 2.40679388625 -22.4014859403 8.00387457336 -8.60705758482 -2.14766796378 -0.56651684767 -31.1428523106 -2.42072640858
CAUGHT
19.4064844582 -4.53946521322 -7.94330990081 -36.7290959229 -35.7758572567 34.3793263213 -9.88774798252 2.17144719547 -8.17551943031 7.74604744029 -9.4967401677 1.8030395484 -22.4795870705 17.7821128637 -9.94411668815 -15.8280164171 -23.1429048889 -18.2571504379 11.6514384115 -11.8784966215 9.18095521628 2.70985406674 0.655981950407 -36.7505905834 -5.0296819794 -0.198278088297
COAL
18.2996744956 10.3822121949 -1.85228038265 -31.7361402425 -37.5901742672 7.36722146192 -16.5439518917 4.22398453397 -20.1261040297 15.4270843223 -2.89058101208 12.2369873438 -7.02242654492 17.5971457483 0.153768114689 12.2703590749 -35.3138096589 -51.1132093436 9.37385274596 -19.9050456295 15.2136163876 -11.2120779586 -1.24552647157 -0.841148213229 15.2408405693 -5.50579230259
CODE
17.8341935687 -1.83879626687 -4.58224897479 -23.989264041 -15.088925579 3.30133475931 -34.8353559169 -6.40055626255 0.073623004284 22.9288881659 -13.4985302467 0.986387919024 -6.22114859902 17.6509419218 -0.232879475182 -5.46796165184 -17.6122978982 -22.0662742561 1.80691671808 -38.6416024931 -5.38417636282 -16.0064732549 35.8842552854 -0.898509398236 -1.69939796434 -6.37893261408
COIN
18.5989660221 3.20874575204 -8.46361022579 -25.2565053162 -32.6617957953 -1.34189080116 -11.6209927534 18.789519288 -20.9614295802 -6.41163971369 -1.32648194118 -7.27156315304 -7.48458566919 18.0312785632 -9.24528853637 -12.97981486 -4.34466414325 -36.9192928747 -4.37162127964 -29.1434301897 17.8897854209 -5.79266527121 -0.0468105337518 -2.72740053608 -13.188928896 -18.2706000684
CON
18.4500475625 -5.99787322971 -24.4328042236 -14.4714094512 -9.85557567216 6.4163189147 -15.544722897 5.3500560286 7.49896801995 -19.9384696404 -9.03798247831 1.66129515003 -1.82197559472 18.7266532591 -7.85771826051 -23.3970957395 -24.3129934645 -10.2249618709 3.88884970388 -34.2843261645 21.6272609113 1.48791634352 -14.7129022572 -7.83045861946 -17.3237962885 3.5677058359
COOL
17.8046223638 14.0248971212 15.8808416088 -38.0101992647 -35.5021509677 3.54939266378 -19.0424594357 -0.668574213586 -43.2330772788 1.19034717365 -6.73397455364 19.5154456127 11.2731701935 17.6211746848 8.87219626124 17.5661327682 -31.9767122052 -47.2157710974 -5.39892084849 -25.9520994464 -1.97652430745 -35.1440227987 -0.13795031757 -6.53980812979 16.594163946 17.4217996844
COT
18.2869399863 -19.216667677 -20.0672032234 -6.03691006036 -7.75528459283 -0.435035152862 -16.4999985633 1.63131086476 -4.74309066586 -19.1531181369 -3.76217414849 3.61554312061 -6.41130129938 18.2081157697 -6.64069789247 -17.5477586228 -15.2854108009 -18.761460638 7.68351132112 -20.1124598996 6.58435992973 -2.93705559961 -21.061813487 -19.9111044052 6.84114063223 -2.12868604653
COUGH
18.4603970888 -7.30453352778 -7.73145075276 -35.8473730939 -25.905739263 28.6476822618 -8.84864703639 -3.81195530241 -8.660648755 2.94617715766 -5.15152364109 -0.274854625629 -17.4360094485 16.558306196 -14.1170769258 -13.4989997783 -32.139354261 -20.9313598407 25.5034444041 -3.68347956072 0.576054124932 -2.65895446928 -6.35567714389 -13.6605904067 -0.382802182432 -5.37668627138
DEATH
18.9844954517 -6.33049942628 -5.00539601409 -5.39001843069 -38.2338894157 -11.8486436922 -21.9665536074 22.1820676827 -3.7273101724 1.7508774301 -15.7323530764 4.37790649009 -21.1499539515 17.9859409015 -5.21120854436 -11.7819629165 -10.757448394 -16.6006754182 -11.2268668143 -16.8514041607 19.7682402801 -7.77152016344 -20.2959755889 -20.4543315572 15.3439729209 -16.3380364028
DIG
18.9709363579 -7.54101460333 8.83677550951 5.96778320756 -40.6060507602 -33.2620181829 -21.6006615944 2.69384565034 -18.3169362152 21.9922919723 -3.37842898813 13.5284545749 -19.7493060837 19.5602282587 -19.869386597 12.4087981891 11.4588358662 -50.2034912996 -20.6066416772 -20.8340194945 -6.05596727716 -16.942327968 26.1842086792 -15.0341563336 9.5841128631 -11.5401430312
DIME
19.241944594 -10.604942528 -19.1978482058 -17.9655744738 -15.2662426455 9.48731270062 -24.1799266665 21.4955926172 2.81551811941 -22.9745368047 -16.4579181501 5.03381900396 0.399271968791 17.619554979 -13.8723878841 -15.3697292689 -12.9381306206 -25.4548589935 -11.7656107751 -19.1333317019 26.5594551101 -7.43616542669 -17.4003522701 -9.5132420836 -3.00338509943 -20.5070666007
DOCK
19.0857031955 -12.3292609316 -19.1426359137 -22.740321216 -9.05530146442 16.0585739382 -14.3068157285 -10.4968197429 -9.89443784927 -16.4599417103 -27.7082087701 13.7525148791 -1.89801589782 17.1511432439 -16.8051942509 -21.9113599531 -16.5991730805 5.08309328803 17.7575012908 -13.9040777202 -1.85695962629 3.28732005799 -4.17682638522 -11.392990545 4.90440521618 -5.34110402082
DOLL
18.9202267876 0.0916799525248 -19.7174103983 -31.7734777969 -18.728488524 19.4359410468 -27.4205976218 14.6891810813 5.49183404042 -11.9424708669 -26.2368342711 5.63994813241 3.50401452653 17.2753249537 -5.90301575596 -14.5044809615 -41.3888841961 -11.0775150589 20.0679817265 -24.4099404034 14.3185980791 -21.0098738753 2.76675580444 -0.551697336437 -27.9928010753 2.17706996727
DOUBT
19.4060674817 -12.5491719384 -8.23020459401 -11.6971311784 -21.4765328497 -11.1734264298 -4.82696959745 26.0565687936 -18.4248653861 -7.25616847125 -22.2636363665 2.36026844743 -16.6388198017 17.7422068879 -5.4925213365 -20.4492288581 -15.689417726 -25.5203253864 4.31970852287 -21.9897874119 7.13745266026 5.96945467241 -2.03434700138 -32.9340529266 -7.84128385227 8.23491341815
DULL
19.5402054045 -2.99270318388 -17.2206149824 -23.8529431823 -31.5505333018 0.984965709339 -37.6125201648 9.24609541238 15.9066721523 18.1965003376 -28.6051023592 -7.22983487389 -2.45718725969 19.1846911312 -0.844333268675 -13.0980481455 -28.6098110577 -25.5517223683 9.05188297586 -33.0492993971 13.2744513911 12.2682716824 23.1539611068 -34.2364923034 -9.11889732905 -2.94434827587
FADE
18.8453516189 -11.6088513109 6.35790122102 1.21536749164 -43.8895229035 -28.7867907601 -20.8005249397 11.7433720245 -20.4387396226 19.4039524269 -4.88491412863 4.60989304075 -21.078815297 18.9400876746 -15.7756322833 5.38641764739 8.13697957348 -49.5023870295 -27.1706524386 -18.680410196 5.18888620453 -23.2643927954 26.7162764739 -8.07262446152 4.72104080104 -16.0796049429
FAIL
18.8563751972 -7.59410408105 -3.72606446561 -9.62354077204 -31.8257239883 -18.8619764854 -19.9273444022 25.6083428836 7.39651853419 -1.85108913773 -18.0960945832 9.7341266732 -29.8804524384 19.3501201495 -15.4997596463 -7.62575637771 -11.0351054461 -27.4496378268 -8.1492695553 -11.3589554871 27.53882438 2.48775564195 -13.104973876 -20.1870468441 8.73032993983 -26.6422689179
FEED
19.4803990851 -17.1825120114 30.8077606397 8.35566216833 -35.7289304977 2.46567144187 -30.5419313029 -11.7908239973 -22.6305915518 5.63919643128 -25.1917440744 0.234996242098 -2.84701510421 18.7136091214 -17.8324857011 25.2550345704 0.656828831667 -34.7788503029 -15.5495613274 -27.3809066816 -12.3580842068 -24.4892211131 14.2903926198 -9.89406703771 5.77173726657 -5.89971436704
FELL
19.2958891994 -6.86158195182 -12.9682400204 -16.2285655617 -30.5965032286 -17.7742607376 -28.0149271785 16.8800984004 7.02621037835 5.45171677644 -26.7804106125 10.2890493041 -16.9404196917 19.3375376846 -12.1602827539 -9.79974221331 -19.1715347033 -23.4291311511 -2.97220805089 -17.5182910689 30.0967762036 8.67349195455 -6.72518246602 -40.6588271992 13.8399490141 -12.9596118976
FIRE
18.9571133203 2.68322402191 -25.0543789694 -25.6642144573 -20.956659054 11.9612252463 -16.3823128839 9.05550244736 3.03648800943 -2.08954926175 -32.6143442684 1.92695566264 7.06103712702 17.8747808093 -8.72839570545 -18.687858295 -0.258066668516 -35.0554633253 -14.5882498633 -11.3245480759 35.8817562474 -11.9077533511 -3.00960497562 -16.6638729992 -3.80278103523 -15.5367736709
FOOL
18.0484098211 11.6070183524 12.4134239573 -38.3510120068 -30.156408255 6.62077311397 -27.3222461967 -1.83031237705 -39.3537922029 17.8345225473 0.0880600445999 27.2104476549 -8.92273038782 17.9927250676 12.0508640076 15.28662006 -34.4293988879 -33.8490413033 -4.50854252529 -30.703937724 1.94993944237 -37.5925988781 10.7901968079 -5.52146297235 27.1964801957 -0.891295242254
FOUL
19.1747565931 -12.3608631558 -18.339552336 -16.1811420263 -13.7526526692 -0.410353584275 -9.74416013006 19.3056870587 0.909363747556 -21.6054038615 -27.000306595 21.8289379411 -12.8931942539 18.6120744636 -8.51191518795 -21.6968374927 -33.1865359153 -9.45660282469 19.6681369302 -17.06718942 6.48204840694 -0.302614414966 -15.6274655837 -18.6387155173 6.65865481893 -8.84927995992
FULL
18.8774461791 5.1991269452 0.319654784107 -42.602555085 -41.5640758396 21.3972521366 -20.168298832 0.100797329449 -14.89528282 17.0982308186 4.6635602456 6.90126319648 -29.8377402475 18.6670812261 1.37589904823 4.12272727046 -46.8101342432 -36.8083154162 15.1187943147 -18.7213360112 10.5968305904 -15.0852675072 11.3077782404 7.74726980157 6.77691262731 -22.2511770279
GAP
19.7764058283 -14.7829751079 -16.3894120644 -5.74573469619 -34.9155790702 -1.63077322788 6.83693959603 19.8493862511 -20.6043996622 -6.20189908444 -28.3241150061 3.5763090224 -14.1152925163 17.4953295071 -11.3039697865 -21.0327810998 -3.20647708316 -16.564475411 -5.65821445194 7.97573481351 7.22500902743 -8.96650920939 -15.7500079413 -14.2989283312 8.81936147543 -0.881344729489
GUIDE
19.3084989148 -8.51062335564 -20.7313086699 -12.3709965495 -21.4759016828 5.47162540775 -13.4205419716 18.5972499374 -4.3230862347 -9.96981466088 -37.3562544674 11.5397170204 11.7220203586 17.4288942067 -7.04475601269 -18.5574224187 -8.37660345108 -22.3823986177 -14.79436155 -9.90006576931 19.3136957967 -3.54076280367 -13.6937752333 -26.6843111008 12.6202090356 -11.5671122178
HEAD
18.4881535746 -15.5660471179 -4.24633010583 -0.568001024913 -34.2603752109 -5.56798243177 3.69789672465 3.1156461778 -9.35708804346 -0.31158704989 -4.36431280033 -6.21972397787 -18.4961351503 18.7305015868 -14.3866418551 7.47474580944 -3.47621486718 -34.1731785998 -19.3946625681 -12.4115362283 20.6461334434 -15.1587394048 4.58272956084 -14.563177816 -1.60374045949 -30.8819098542
HEAL
18.2142552682 -7.25375132569 12.2751494119 15.2827779367 -55.7013011634 -14.9387612833 -16.7586296192 -28.0756763407 -22.3930304198 22.8512567311 -19.1135241541 6.96976968136 -3.73569748153 18.6462783868 -3.57025871261 0.724795252133 7.40519417897 -47.8841520433 -21.4750799033 -19.9565877589 3.72386829676 -19.9550471809 27.9606026605 -10.2002117908 8.06397247549 -15.5123492389
HILL
18.8860411384 -7.40203107928 6.16606914853 -11.2934857182 -37.7019555473 -17.1886397123 -17.1777937265 18.8963809953 1.15839461498 -18.3763705269 -9.93446934303 8.04044841679 -19.2657179575 19.3191541921 -8.86622450594 -0.769201403719 -15.0196226672 -27.2173165954 -17.1542376462 -20.7803305965 13.1275130559 3.99874276559 -12.9303759419 -14.2105464086 8.31848816035 -23.8160055624
HOME
17.3076941335 1.43518893475 -12.3634100285 -27.8254487525 -24.218596961 7.89368488641 -7.20252285324 2.09934325235 -19.2334231651 -0.602573249756 6.72346193539 -12.4189849159 -2.93876930851 16.4866866097 -4.75280868144 -0.502627502953 -10.2761545621 -22.7238290722 -5.85678094129 -21.1249072432 2.26951184133 -12.2429757867 -13.8447553206 0.673644123145 -8.13661443021 0.0483449116991
KEEP
20.1352147349 -19.1131365721 32.0179745006 7.89957121063 -28.7270409718 7.57397313385 -33.2961373076 -13.0326761702 -21.9293884899 -0.223561865637 -23.972470371 2.48668681793 -8.26055102123 17.0477565012 -16.3750746281 25.0017372562 9.63953245493 -33.1102769003 -8.56503287298 -20.176503308 -25.9781263339 -15.3815820131 3.66053381182 -22.3657003165 8.95250380159 -2.60141399056
LIT
18.5468590475 -4.92567470253 -4.68829533103 -10.7875784182 -28.8204759471 -15.5551636695 -35.0364324037 16.4102892359 10.9896479998 3.36970044346 -9.90430698117 10.308831478 -20.2352284073 17.3506757463 -12.8000905609 5.12526752874 -7.0219286053 -27.9131024507 -23.1593023546 -24.1842432192 12.8658506939 -4.3797368131 -3.54836658825 -9.90860997228 6.34201997691 -27.4520908065
LOUD
19.0468875034 -6.23899684874 -24.9461399354 -25.0430711614 -13.20134695 7.23016615351 -32.293991342 26.6725351422 -12.0951618358 -14.2798273434 -32.0012681199 14.2299266275 2.29170639855 16.6638745445 6.18475594922 -13.5187034475 -30.7643752242 -18.2022447255 4.49998884541 -37.1978972391 9.96069151591 2.48080196113 24.5041041276 -16.970451426 -14.8064060214 -2.15244987994
LOVE
18.8418831363 -7.34520879197 -4.56556365705 -38.878421101 -25.5876672282 25.3020216684 -20.7336205674 -2.08947681292 2.87907191546 6.89545132295 -4.75857470215 -16.9553922977 -21.1028903431 17.269308886 -0.50876471992 -3.06540942581 -28.3482642024 -26.5136549004 5.19740785383 -23.4835330819 -15.4387382567 6.52940775022 16.9937550601 -5.08941499517 -12.0026593593 -17.7652565238
LUCK
15.6048294005 -26.4605538525 -8.47426986593 -14.6210451506 -2.818471254 -3.25967851412 -10.6126243368 5.92696827697 8.22205637326 6.5568509897 -8.66679568083 6.42645763786 -4.23419331985 13.5282300132 -17.1251072873 -12.3025487581 -8.58878597959 -4.00035550743 -6.20077534098 -20.3178252965 7.39570712783 -4.72851605313 -6.85871521933 -14.3907342073 4.40960808086 -0.665009363009
LULL
19.51286325 -8.7981283652 -1.9720862456 -44.7480503066 -45.3659633847 27.8577060274 -23.8897313653 19.7067460949 -17.1803718351 10.3364675944 1.79152676671 0.359406342451 -20.8985842621 19.5745665263 -6.43342202531 1.74660385772 -48.2673977491 -46.2914986416 38.3790993397 -26.2349172339 19.8316012728 -14.8083843144 8.04154421494 5.0886124905 -2.69006928657 -25.6453414477
LUNG
18.7484812232 0.678687084025 -14.6177322226 -34.4512372176 -3.21481964753 8.27438292649 -10.4289532622 9.2433113191 -25.6501884414 -6.07269807576 15.7070816565 -24.650907456 -12.1221985935 18.3329676949 -0.0244906679304 -15.4761409897 -27.7097564861 -7.85503079991 3.39333923076 -4.88070003208 -3.08837960098 -17.1928250271 0.48061700496 9.77786927443 -22.111017602 -16.4988051432
MAIN
19.4521038722 -12.4298055656 8.61271223994 -2.58588624933 -53.1403842586 -5.65916963603 -17.2641685028 0.962510912237 -10.4172381167 25.8370678068 -13.6187766521 -7.46323358703 -8.08705475492 17.9361517949 -18.3989989643 12.7703132058 -0.952441946437 -43.0670340851 -8.52186691714 -7.97077272176 -8.34111735936 -11.2555225233 15.249154632 -18.8246751388 -6.05077404481 -8.25580094883
MATH
17.9936526208 -6.31421258474 -3.69285777389 5.80253120801 -25.9677106232 -18.0593309002 -26.8379789467 16.1449648666 -17.7308466131 3.62502068908 -25.1298640439 -1.67619228376 -2.42262877504 17.0447766791 -17.1661934557 -12.1223914635 -9.54084431632 -16.0273419461 -3.01864605375 -1.52611028075 12.0102073599 -11.0906838728 -14.7668154396 -9.67575252154 6.26835028201 -12.363980296
MEAL
17.1389242894 -0.854087049587 14.6865294882 11.8915444836 -37.7547098076 -16.090370778 -22.8833415991 -1.10589361145 -20.7107966091 4.09334978318 -4.45438311836 -14.4738219663 14.3064451186 18.4063783019 -4.83762843368 14.1710085876 -2.58692238043 -53.1281138122 -4.94855219453 -28.9287527213 2.6843073667 -13.5744124022 15.9410382418 -7.94835365563 -2.92133526222 -5.2961025598
MILE
19.2740801908 -0.280034379229 -23.1892196377 -37.154229181 -4.56131892417 13.0609700753 -17.4029459764 4.12311052902 -4.50583945474 -6.96806689403 -5.77706534021 -21.7382389628 4.005569834 18.1309919159 -12.0952775728 -16.1220845852 -14.7469406602 -19.7843983124 -1.1638807211 -16.4854816231 22.2116919499 -6.15538475911 -24.4733106567 -13.6069606019 2.56407991852 -8.07046998129
MILL
16.1176469291 0.440666949284 10.2010966311 20.4985122005 -27.9929029195 -20.8211711848 -23.6814431617 -7.33931034253 -22.3568283263 -6.47273876632 -5.83053359782 -23.0536605846 18.9186276525 18.3596839596 -3.15318543615 2.87172136683 -2.60006947915 -44.6575329769 -9.45800880528 -28.5864948975 14.8337494837 -12.0302364625 -5.42091205225 -2.87931581942 -12.0586249935 -11.5275014868
MOB
19.3329669886 -2.79417720859 -23.9028123417 -31.9099509168 -5.81453433452 5.44437319455 -22.8833261639 20.3312458922 -6.01508505128 -4.88745839846 -19.9574451124 -12.3470928407 4.24496414508 17.3655582393 -7.59112626387 -17.7114040006 -31.1917933531 -9.21739345208 10.3998834147 -21.7605330696 6.92235200945 -0.224153291968 -14.3356221885 -21.3130226507 -6.14938338272 1.21820118391
PAL
15.8577290296 -14.6524126459 -9.50522875975 -2.72836680278 -19.1041273599 -2.70194545167 2.21466749207 10.2843328128 -6.31092531927 -9.93782666491 -11.9812344034 7.03561927097 -11.2412867223 19.1307097112 -5.21029603306 -25.1776995868 -19.297047274 -22.9220075849 6.84517252253 -14.9203550055 12.4163183313 -2.15285229948 -14.8311538258 -25.2388519033 13.527726727 -7.54120631498
PEN
17.671649083 -19.6169376984 -8.35815139493 1.11454790357 -25.5284542772 -8.49056178991 1.62354570887 1.67401510453 -7.58750026434 -2.31855045454 -6.46412410278 2.73732208176 -11.0079769978 19.2243972815 -5.92922231446 -10.9867061737 -6.99511774719 -32.9782420441 -14.5701121224 -8.0072616585 24.9651803638 -7.08958631925 -5.05156523353 -6.19144481783 -2.69790887733 -20.2461678444
PIN
17.2138040032 -22.9111494111 -7.96879677979 -4.18541956979 -24.4774061859 -7.10944982062 -3.65733187097 -5.86803771822 -6.48617865858 11.5789780591 1.27912290145 -1.55444499151 -9.66869775358 19.4420577181 -10.1669018611 1.08969228226 0.181292045611 -43.5062514125 -12.9756174493 -11.6998150342 15.5809827192 -15.9807684199 15.2215210041 -4.3657605895 -7.43132547385 -16.6567142532
POKE
16.7757920013 -6.16060615918 -9.12872274906 -20.886813059 -19.3440765247 18.2404102025 -19.5095605397 -5.72819357671 -9.72976869326 10.4696693677 -4.29619870178 -0.235983293344 -8.38208855712 15.6971775593 3.6334330631 3.51551878382 -21.2773333173 -26.574812152 13.1073809397 -14.9829552302 -1.18923659984 -26.9936206027 2.65942641695 3.29384832221 8.43692880531 3.75980363793
POOL
17.735553327 9.42810141867 2.65739756042 -30.7564683696 -24.4811930165 5.08174179322 -21.8461706917 -11.3511307557 -35.0194595744 13.7724737669 -3.292664962 21.4847303035 -10.3101040959 18.164035724 8.72385009066 9.01773739747 -23.1228271615 -43.4912498821 12.2075543123 -24.2004277153 0.418082405487 -35.3419495423 8.16364299783 -6.54989205685 22.7896293119 1.56657258574
PULL
16.4408388205 -15.0606825843 -17.5701890849 -23.8642098509 -8.7766074249 29.9454921478 -19.5086562131 1.00832666018 -14.0031516677 12.0756686301 -12.2660194662 -4.28788864325 -15.0530088301 18.7927184366 0.715325452202 -1.50536679295 -40.0479232514 -27.0686605345 21.6488478176 -24.8681506727 -6.87458116828 -15.3616338232 15.1350291878 -8.06980265161 -0.0731945314464 -22.3217449436
RICE
19.4018496748 -16.8011876219 -14.7122699161 -6.19786885678 -28.6712302366 -3.64843338423 -13.7118279305 29.1875132603 0.994928671333 -8.97618088947 -15.0795350589 -4.34965290225 -20.3951649839 16.8121504742 -11.2014524429 6.89984706402 2.02601027746 -35.417626071 -15.4316615265 -9.03190864114 5.73095062175 -13.0298370615 5.92376954316 -3.00528164643 4.12828185026 -20.0220367033
RIP
18.8072450868 -7.27274963362 -9.82577375017 0.137734372223 -44.1600930496 -5.44145802024 -17.0788349221 24.3448389965 -5.40911132918 0.483877839925 -9.50843172454 3.78254247644 -22.4010370133 17.0112906339 -10.62247818 -14.3502024729 4.83866087439 -28.643599144 -1.23115801019 0.119026215913 8.65246216441 -8.97539049299 -4.07978339553 -1.20019159535 5.70637468949 -16.5808901905
SAIL
19.5748526899 -11.7133463988 -6.76730000078 -10.7130342292 -28.1280829867 -26.4752345597 -12.8144111896 27.2559085197 -0.229934819268 -1.95807019541 -19.0269992012 13.4813506315 -31.357019899 17.3617405967 -10.7182613894 -3.68293584245 -12.5234833646 -22.5608513943 -16.8980835903 -0.449757264352 20.0639925227 -6.03386011939 -16.5127289186 -23.9155287296 6.97131806057 -18.2393263876
SELL
18.298351361 -1.65284409456 -6.84885603438 -18.3688373956 -21.207681054 -16.390575193 -33.4963869279 22.1904944427 0.00731359052725 0.209433281084 -17.4386341357 20.1017629798 -25.0609947633 18.6562881954 -1.145478015 -13.9304190872 -19.5585966982 -26.4715128919 -7.1531659848 -32.7366729844 26.1109635431 4.4723691665 -4.33303807758 -22.0977263537 5.34861162995 -19.6292896461
SOUR
19.5576797827 -14.3168737277 -15.2930529966 -17.4398763251 -14.1334996486 -4.46938608637 -8.17017107717 17.1502634239 -0.389156721344 -20.3769414045 -22.6106882968 7.83488947455 -4.45459311373 17.5278478449 -1.56493567853 -20.0662664118 -23.8700947076 -17.471172938 4.88348332201 -3.65786524906 0.45362743223 -8.88280731643 2.86338204734 2.39912545863 -26.3983859263 -1.45874778009
SOUTH
19.2577755469 -7.92959296448 -18.9944082929 -20.6615436448 -13.3745384212 -5.78353152294 -15.0465931721 20.5701922852 -4.10018018812 -14.1896243725 -29.7312223271 17.1885123496 -6.73093481562 17.3888230593 -3.98354945795 -16.1955667554 -31.0356142734 -15.0894105414 11.5328605019 -15.1898423824 8.71823859507 -5.05756527244 20.0709743995 -29.1173788296 -5.25647279352 -7.24957273082
TAPE
19.3239669532 -12.8732928055 15.0986518074 5.35108902344 -47.2116506103 -13.8131218406 -6.69718698258 -15.1949484999 -13.5921193027 10.9616742992 -4.00628273938 5.33362112365 -3.4760017326 17.5162873416 -12.3609943853 13.8404526558 13.2837095386 -34.8389437032 -8.63830379796 -20.2733804038 -16.825367886 -11.7216339157 8.26641553106 -12.4509244917 8.84783665032 -4.1824044223
TOOL
17.9230040191 4.87357566621 7.17277432258 -24.2485597924 -21.7060092379 6.00420585673 -36.3369797082 -18.8128610332 -33.036512198 22.5850854303 -5.7144485011 12.2002119773 -11.2997560259 17.6778777917 7.63042034107 17.0809071786 -28.4195871924 -29.6365170773 3.05005111984 -34.3303884283 -5.3720835162 -40.3580546181 16.8222661883 -1.00249016273 20.9180490289 -6.75627936207
TOWN
18.0527113249 -16.1525513267 -10.6116081635 -7.36498609635 -23.315744413 -6.82054601431 1.60286760974 8.00801583086 -12.4373102882 -9.37761522963 -4.53171094038 4.51730080991 -12.5927800779 17.7750040151 -10.5716300965 -15.5654898109 -19.1788199065 -9.99958541944 -2.61541020154 -16.9550400231 16.8561035506 -10.2353046843 -15.2886572781 -14.9417422266 -7.72429160616 -10.4462927961
TUBE
19.7239860319 -12.2288440876 6.68266960475 6.89136008124 -33.8494107211 -11.3753632157 -50.0977214392 9.53697661666 -22.3537076813 23.2110826303 -12.277359757 16.4564374217 2.61833436018 15.3570052709 0.176563726834 9.15256665371 -7.21982827001 -18.5903270361 0.0572151752984 -36.4509149866 -15.6300847435 -21.848048223 24.4362355033 -10.9301899722 -0.213748500632 -3.78941345884
VOICE
18.3295921474 3.2680904845 4.40208510377 -34.6019235741 -42.7594885521 11.0711277562 -25.9658962899 -3.08682523359 -20.6875665005 21.4595293238 2.45026967672 13.3024504588 -7.56144485241 17.8068272562 -12.15596445 -2.62199638213 -3.38183263161 -36.8975023017 -14.3635136441 -22.6826408203 7.23763299326 -6.70317783031 27.4464118105 -13.5300804163 6.76264503467 -13.6795326049
VOID
17.6636198303 10.1969129601 1.0893426474 -26.0972094599 -37.6914564307 9.55875013858 -11.2969824231 -10.2104785184 -16.2629189627 15.7493880771 1.70110590695 7.62602582362 -14.1788486014 17.9485887149 -3.84635166117 -14.5485521222 -13.2839682733 -35.4884804582 -6.60327868777 -27.5698625049 9.53671986021 -3.03405203144 21.0529090237 -12.2375979276 -9.8591257318 -8.61032565822
WALK
17.4416822509 -8.89492256299 -16.965785255 -26.5196370151 -22.4747678156 32.7710493992 -3.20513203233 -5.67678708069 -18.8384902449 3.43576338879 1.2600840788 -9.81216485144 -13.7108581477 16.2846787195 -25.8345735029 -11.1206231686 -14.979221168 -0.623195161814 18.7046430454 -2.02012153827 -8.25885786299 -4.87755404565 17.7994651634 5.20597623035 -19.6716717673 -3.72489431347
WALL
17.4049992681 3.96207300718 17.6686898406 -31.0761702755 -53.6856712229 -3.60862260318 -16.6660349751 9.54637480115 -3.34607715018 -14.5143805203 0.110716172249 -2.7213041079 5.52605532769 17.8693673944 -3.30435716484 4.40018704299 -47.1081727948 -39.9345067604 24.2483559417 -4.10270000203 12.5519747261 -6.97395859827 -18.2408469731 8.46872826759 -4.84726561795 -17.1922466558
WET
19.1136029967 -7.6148713371 -16.1670664306 -5.9385804053 -23.3836725649 -25.5174771297 5.78722986432 35.3423837482 -10.2653403473 -7.39733356431 -12.5470644616 -1.47354632705 -17.2714354936 19.2629829314 -12.1851197513 -12.2027400776 -5.69390722507 -40.5147284397 -22.6835864513 0.383899648715 30.3584076066 -9.17506596432 2.94793340236 -10.0759753504 1.75919259282 -27.8391302206
WOOL
18.4537102829 3.23654305362 2.81379105348 -39.6192621459 -42.1566861788 20.8071565064 -18.9273987118 17.9976792959 -5.81796589594 -1.31873464142 13.4459254767 1.18707321297 -19.2403670165 18.4816985262 1.08433014051 7.1777650085 -53.8453509415 -38.5944581227 14.9353475964 -18.7244195723 16.768646016 -12.3895281 -1.53850491684 12.5809487092 0.352386948876 -19.7802198853
WRONG
15.1861213634 13.7584386349 5.35128720399 -24.1214617296 -26.5014312566 -5.08342566722 -19.9298053401 -11.5331972744 1.20176333835 -9.33660997604 2.10476210049 -3.31439395734 2.00132833257 18.0226669603 -3.47192537097 -8.40620695173 -33.265078872 -32.9242937064 16.0179325013 -10.765309481 13.5787994942 -18.2366196788 1.28034829504 9.34416462048 -13.1571511829 -19.0423599119
