HAD
14.2618999921 -15.6877857395 -18.7938362742 -1.37582276456 -19.7131971151 -4.28273254294 7.90647516054 14.365058505 -17.1658592036 -8.20485739255 -12.4683264153 7.22307419657 -8.44186097547 18.4830091882 -8.15400491647 -15.9218741546 -9.31632127751 -28.3638672615 -11.885150857 -6.73649544057 30.9466790645 -5.43497611812 -8.48711826229 -29.0312989097 7.89198752801 -3.58334146895
HAYED
18.6691303041 -13.1044103214 4.87123829866 19.3286079783 -57.2700692202 -8.14949418654 -22.9847081074 -3.13292508497 -28.4745716019 20.1029869791 -7.32640051676 4.0854074938 5.37409371797 16.8543403831 -8.0054821528 14.2468157884 27.0095395572 -53.5462886117 -2.0467150261 -31.8339869816 -1.04894023076 -39.7149044644 10.6991213131 -7.48590759534 -6.90508932215 12.9446318102
HEAD
19.1802952939 -5.86787214866 -13.3469998887 6.42776619682 -48.6161441014 -20.1877184706 -19.093055479 33.122465997 -9.41421572593 7.76790867076 -7.5631227812 5.97962409464 -26.4651730013 17.961499778 -2.16253528758 -10.5607126907 9.45178586271 -42.1539707603 -21.2745727358 -36.4178314512 21.741504629 -9.21737801999 5.29417599412 -9.2640455995 16.1050416676 -15.631541691
HEED
18.4934043501 -9.15088045341 13.6171489436 26.4986022846 -54.510424344 0.181913765649 -34.9797418095 -12.949302413 -37.4627320496 2.34441007817 -12.8058531988 -11.8281658466 6.55992234133 18.0728216642 -10.2343007984 17.1419234085 26.9596744072 -51.7210928379 0.534854737997 -33.7578463894 -5.96569973095 -39.895854102 0.414843001668 -8.46330384079 -15.0161750846 9.40529894312
HID
19.7826952587 -10.6116355786 -3.21610146283 18.8626835561 -49.1337972341 -18.2086416395 -31.3818000145 14.1217062475 -21.5978502391 11.786174968 6.98702442358 12.5610882229 -12.8340642202 18.5224266094 -7.90426035807 -2.13481268836 18.1858704019 -42.3342203871 -16.2122531596 -37.2902008458 24.1916160403 -22.0191149801 8.1922196031 0.865150244877 13.8270820531 -10.230109563
HOD
18.8134079489 -0.405005261956 -26.4313718487 -26.4049369027 -31.0752587822 27.3941082771 -21.1164901391 6.48749023002 -21.1129680066 25.0715788506 -40.4252524331 -9.55595949933 3.35799137135 18.047926796 3.05965101443 -24.1774519317 -18.4975423998 -30.2794161055 12.5843402688 -20.7901573115 11.1972093428 -1.85214985292 20.0375163689 -39.1199925836 -15.8208309685 8.64132554383
HOED
17.1777599075 6.31260066962 -15.7038364787 -21.5366211554 -37.7130100566 12.4677623648 -21.3913650985 1.09313619674 -20.4570305475 33.41536047 -3.9234080791 -20.8838748944 1.86211123991 16.6891613792 7.31751182277 -4.08350589672 -8.7151325843 -34.7269582672 2.50267403279 -36.9950606856 -4.0282249245 -21.0626049852 33.4741963477 4.02763589382 -12.5940365466 8.06383783334
HOOD
18.3673796866 4.36160804071 -7.94946311118 -12.0713207083 -34.2391154597 6.46370543593 -39.7825512238 -9.94564585534 -22.3545597609 36.7697725338 0.131845960121 -9.28312498134 1.71009390137 18.2308115141 -4.33913748842 -10.9608463613 6.96314712146 -33.6677837767 -16.3568712318 -44.2287884685 6.55789113576 -9.54776864596 19.0022086427 -10.1512765835 -1.44863336292 11.9560461894
HUD
14.1883075011 -3.99378463517 -22.1250182026 -21.5596564558 -13.5701339862 18.4535066914 -3.56142923348 1.73544402405 -10.7753287934 13.2883908507 -25.3865264218 -6.52989919688 5.12744739245 18.6570258659 -2.01499377883 -15.2763652812 -11.8991419335 -35.9518107324 6.59969277816 -36.304583151 12.6920423261 -4.83905553833 31.9935689858 -23.6778403485 -15.6179931557 0.6036868411
WHO'D
17.2070611216 8.90712928563 1.5789249371 -3.51313939124 -29.1462010887 13.5156133923 -38.3425637836 -18.1947039933 -41.5604440215 20.0800066532 3.88478672551 -19.8393661783 9.84350963541 16.124684677 10.2330383347 -2.78061329101 9.79231943141 -17.9683980776 -6.55663349631 -35.3934697358 -15.4876897022 -27.2997904296 8.60544876251 -7.68481769173 -21.7175811496 21.7354493257
