BEAN
18.2349140493 -3.40497683871 18.2615891811 -7.67305985903 -54.134023764 2.2072344174 -30.8585340055 -7.03117846425 5.67845174528 -0.0977192774489 -6.36103157084 7.81564068177 -18.4617890421 17.0204771517 0.182361324667 14.6896655799 -9.00131421677 -44.6546806042 3.87998796009 -34.3424885928 -1.75666115011 7.39060203488 -14.5006286081 -3.96533367876 11.9418179061 -20.2313956611
BITE
19.5557543058 -1.56295689314 -39.3038256984 -12.2474730209 -28.4398860307 -3.29518387258 -2.87829343874 -2.26442239532 -17.8004927338 -12.6050245758 -2.28657106735 13.1418370371 -8.93113877905 14.9081279229 -3.66570424597 5.43182870067 -2.2563272227 -51.0936890942 -11.4901394526 -8.83699289715 -13.7941956318 0.87407321275 6.98135446343 -9.59457996743 8.63009741576 -11.9650555476
BOAT
18.839905608 9.08911191352 -22.2394074062 -36.9857121583 -26.2762109105 5.57958722155 -29.2361829649 7.57362011525 6.07223477102 9.80359748551 -26.2573639188 1.69012729825 -7.80315354184 13.7599679223 3.25826816348 -5.88360883498 -24.3709944138 -26.0946598873 -3.45947086518 -23.3276666888 -6.0878268923 3.36813220289 13.7661024561 -7.45850394666 0.841438344249 -9.65658161727
BOIL
17.823937916 16.737358178 -7.97153579815 -42.3655837421 -26.7106439187 9.77490765163 -12.5094254707 4.40067081314 -17.4621663896 3.79471461457 -2.24290897085 4.63377176897 -6.7724899563 18.4597327131 6.61752755216 -22.4768980428 -18.168848908 -25.4257953076 -15.8931969655 -13.9146857958 20.6058855261 0.185743001923 -4.15440620709 -14.9933595552 10.5158230271 -20.145391159
BULL
18.1531435255 15.7884603028 -3.82658865515 -52.8858599502 -39.2701887705 21.400781045 -33.9991449536 11.4586914422 -30.3491207741 22.3999257107 6.37284835934 -7.26993705633 -16.1560321009 18.5436187029 16.9831396078 -3.16443813499 -56.469558308 -41.1800911206 29.5815258839 -37.5877737392 17.2509747975 -27.7080353161 19.0967162325 7.78803374099 -8.29191596298 -14.4135277402
CAB
18.5381464992 -11.4606871323 -21.8410986559 -6.67357633744 -33.4209207036 13.6482726914 6.54504434397 -7.47763933251 -19.6382977631 3.19792848898 -2.58605391479 2.68686262339 -11.1136258743 17.0467596852 2.43817072362 -25.1140776237 -8.82457274219 -18.3311529838 0.845978002635 -12.1994041746 -0.817528085794 -16.2704068139 -8.41181351427 6.64166346278 7.13178423455 -15.9193460786
CALM
17.684657807 -9.36214736355 -24.6546298886 -25.8935715525 0.934086887639 14.9092924132 -11.5284147817 -2.37142423724 -6.01961156696 1.22342253656 -20.2030928319 6.87407515039 -8.66711087387 18.6550452281 13.0149133825 -18.2966583057 -35.2545977919 -3.67594799067 20.6398465839 -12.3263029605 -0.632181457282 -31.9658050094 12.3988606259 -2.84171872998 3.92300323991 -2.80941354968
CAUGHT
17.7054099856 -7.93482545018 -24.5920697713 -19.8068022684 -0.238275178831 17.1958244736 -11.0956939088 -9.90779983731 2.07197120673 2.81101916286 -24.8247412805 15.6481561632 -9.02666124144 19.0046851672 5.50839232696 -31.0271058192 -23.1591870566 -5.39409352205 19.0101013448 -10.9151895972 -17.7727355816 0.380003923977 -3.54115907406 -6.16105674781 12.1772500972 -5.07240571626
COAL
17.4563788234 5.89081002082 -9.536641614 -41.2973970549 -23.1709672567 14.797114915 -10.6864541246 2.65288273724 -11.0465744862 -0.188766926789 -3.9421888211 6.13029321456 -17.2541278466 14.9211537806 7.67208934513 1.97710764545 -32.7294484154 -19.5508997089 9.14919608456 -14.0712192397 11.9744167363 -16.6658014879 5.47394532256 -4.09918680878 -1.74907632622 -6.31407152539
CODE
17.7791710999 -3.48625134417 -21.1157642457 -15.0149857432 -19.9375994529 -9.81485436309 -3.89148529244 11.2045743507 -1.35496059189 -9.60649308905 -22.8771982763 15.2054169453 -12.1611036121 16.5905122478 10.4886408288 -10.1746664821 -21.0343523669 -22.922101443 -13.22591175 -22.536122127 -0.870777886001 10.6088244995 0.61612638263 -26.6520863172 11.2271864588 -6.0590363974
COIN
18.8704577723 10.5936853983 -19.285997894 -34.7258475519 -22.1227165945 11.895527864 -7.42307916811 1.47152280056 -24.6572061254 0.531421379839 -8.15588109848 7.5705348982 -14.5901177995 16.84299684 -1.94538800195 -13.102730201 -4.51311494634 -48.3653380067 -9.38581742775 -17.5773594747 -14.0227547748 -19.6612228562 0.043491595251 -18.2656355388 0.818676550074 -7.8908064951
CON
19.3411888913 9.02538229725 -27.6539972693 -33.6077129289 -1.35415752838 28.235400479 -26.5707764627 -7.98845727113 -19.8322668358 13.8589336176 -1.55085762531 -9.95030995361 1.52954802546 16.9482829733 5.355029267 -25.5806943336 -16.4755587096 -9.09612110539 13.0265612854 -32.2747462994 -0.10801590397 -14.7191094333 -7.85389755503 5.18380691179 -3.69118951999 4.37765671071
COOL
17.5758806151 12.3961862436 -13.00090311 -36.8543653173 -39.3385690018 -27.3956735119 -35.997481379 -25.9908263209 -12.8603657417 7.42324256165 -3.10349991909 -10.1077732026 -29.5696714193 18.2335574086 19.8551761983 -3.398883792 -27.309279995 -29.9555569888 -10.9682013088 -14.9382923074 -9.01512105319 -4.40704987958 13.4729704883 3.60646467524 -1.07946272971 -29.0444470175
COT
17.7891909219 -11.2543389384 -26.4539611826 -17.8953298668 2.94818144572 7.82818507195 -10.6742756172 -9.09058852621 0.356589910223 -0.347859430714 -21.2311819126 13.9683684096 -12.9086500663 19.1475861609 4.3791651793 -31.9101806167 -21.3843400542 -9.39381786037 21.6577870655 -12.7101894352 -19.6174773123 -0.695643772388 -2.05129587194 -8.3677618919 13.6352448769 -11.4153683417
COUGH
18.3093270578 -6.92597786829 -30.4368206999 -22.0836896357 -3.229121186 9.91839194744 -9.50174806571 -13.2267782977 -0.724805329784 -7.37762192205 -13.889003468 8.77094399145 -10.8382568624 18.223844041 2.67003879231 -32.9209834815 -30.7194099494 -6.27334554151 18.4473260261 -22.2508849762 -24.1084127115 -6.61930453281 -13.9392413265 0.253864173288 7.85508856703 -10.8299005533
DEATH
18.4970187864 -0.476968771174 -13.1411206831 -12.1982625017 -29.5150247277 -8.86460292587 5.30368413789 9.17629025181 -14.473632462 1.72297637485 1.25061982118 -11.840148593 4.46214264552 17.7607115422 -0.642977498877 -24.9258840871 -11.8679986982 -21.6765035131 0.771460151861 2.40769138625 8.59814470546 -38.4621131628 -10.0582608904 13.8920597298 2.54959691583 -3.70390462455
DIG
18.3103303635 1.06454919059 -1.43823533131 -4.82526185148 -48.9924356942 -8.83685386362 -7.43082355119 -13.2256322016 -0.377288072244 10.7019250917 -4.48472335838 1.28139082197 1.08531704175 16.7135833083 0.760329576744 3.02044246821 -3.60970256858 -50.4661360766 -12.545022148 -7.00871322743 -18.0782097341 3.98364066929 8.83071624426 -11.5467347732 8.25525373325 -13.6729449458
DIME
19.1196289222 3.96537994114 -34.1209294031 -14.5002683255 -9.825227481 4.78555182996 -14.9492423563 -0.157662770102 -11.6111622374 -14.1257821199 1.7138043846 12.7247538821 -11.1411163937 16.9881804044 0.60645070985 -26.009076491 -0.013761441567 -24.0769753512 -3.88704805663 -11.7918443212 -4.44523994763 -24.8387980039 -7.20730612012 9.31007587341 0.170688624736 -7.93165828244
DOCK
19.1859694885 2.92892027589 -31.4985237934 -23.0847361277 -12.5348417268 14.332683494 -12.8783940159 -0.534608683995 -5.57155284447 -10.5485843038 -0.778004794342 9.93376060717 -2.69329421786 16.0574975074 -4.91981551867 -29.0474676674 -22.2873273185 -1.85155819787 14.0587485735 -19.4539672762 -4.61367126906 2.65305640473 -2.72178776679 -12.6992772239 9.18405316734 1.5094762031
DOLL
19.0091325205 7.33030760256 -25.7243081429 -33.4980847486 -10.4643192305 15.0272137129 -20.1670711193 5.28423623223 -8.52402415867 2.39866681988 -5.40530339475 4.63778023374 -2.83710333549 17.5713978291 9.66170927802 -14.1141787139 -46.9118587169 -9.66355437853 18.9941392576 -16.016120492 -6.61882031643 -23.0151745381 4.87345058639 9.8418233274 -6.17388996553 -1.70238427812
DOUBT
19.3009297825 -0.214209979444 -32.5487348977 -8.56282369207 -23.8161821893 2.52908747837 1.44394397981 4.0591408705 -15.3088907602 -12.4338714266 5.34715042251 8.7393404399 -12.6162568975 16.7543666147 5.55694406744 -30.7434415946 -22.6330668436 -25.3531853746 11.5978567845 -22.5017152591 -6.44226061031 3.90711588615 -13.2763988977 -13.8413342305 7.60258182321 0.00188540622703
DULL
18.5258956589 2.82998529812 -10.9217129013 -26.9692890876 -28.3879272376 -0.809852502317 -22.250516375 30.4873151591 -5.42792081153 -17.8305582334 -3.93584376312 6.12449521161 -2.58784950256 18.8987156983 6.11368173109 -20.397691657 -34.1990822035 -17.9305474943 12.1198977601 -29.8078187673 19.2409683513 -1.59067207189 -8.6251699869 -15.9495069176 7.26930843618 3.24369388355
FADE
18.5130317914 -2.67821680115 -3.72341188701 -7.14074133289 -53.1198687404 -4.93356384645 -0.926834065505 -2.77806545756 -2.38242743097 2.11974720844 -14.0471135843 4.25323209271 -4.18800293125 16.9981711047 -0.994568851759 11.7242147472 -6.67857206719 -57.0123329833 -1.55254495226 -18.6875007802 -6.60172669622 4.71289144834 1.04937561422 -11.3148378118 11.1708091521 -12.1564231751
FAIL
18.8562937863 -2.05810356673 -15.9536654465 -9.26643135929 -52.7437530289 1.18113950635 11.9919119377 5.21505040209 -11.0870403947 -1.90878103776 -14.0663419833 0.536144005017 -7.22041496675 17.8569025175 -1.01113447246 -9.40174991759 -7.7190299633 -50.8318778903 -7.46736294038 3.82668883127 5.97365410895 -8.51629298485 -4.61908325312 -11.9132563214 -0.920731498876 -7.41845387322
FEED
18.3673261994 -8.40719095342 21.9717482641 -8.14860050715 -46.1511389199 0.183057731686 -28.5466829143 2.97900839126 -7.92950392146 -2.68381780588 -8.53822080747 -4.42445526172 -20.7800826461 17.3022431704 -1.75995865382 22.8411776055 -4.95288401876 -45.6671651675 1.58300940319 -39.2904655672 -3.72413442502 -2.35758983429 -2.1388578012 4.0183856113 5.86927546825 -14.0180728234
FELL
19.2695247534 1.93203107379 -29.4461400046 -13.5765890184 -17.8895094349 -1.64405753849 -2.82483350733 16.2432175418 -21.9338770754 -18.5327768096 8.88283784359 10.3835377871 -15.4010305885 19.2854466733 3.95433324371 -32.6985826334 -18.7847482466 -10.3850903598 1.80351236397 -14.0945583551 14.3135168194 -19.0184224667 -17.7595689 14.5048162774 10.6446337381 -12.0445628656
FIRE
19.0698426028 1.30479935108 -38.1215758893 -7.87459826292 -18.5892293769 5.1200018856 0.616065647956 -6.32228102631 -17.1147039468 -7.55045755339 6.50619165818 10.2373026614 -7.35898423034 15.8307992616 -1.11379630447 -24.0871338816 3.8544397612 -39.2128218585 -19.6571562024 3.24828434521 1.357517432 -39.2746550015 2.69538392945 -7.30506219963 -0.181269224989 0.21033503812
FOOL
17.5909984171 19.3824488134 3.42208961819 -32.4780803393 -35.066089046 -1.37683685106 -16.8058954296 0.768047777112 -13.6914255178 16.4632433294 7.39537637827 0.258962985096 -20.0122528958 18.3114216089 18.1507752514 6.6029892203 -31.8330357347 -32.2559601666 -3.81852114574 -15.8856548252 3.06226409166 -3.6069075506 7.88268583769 11.4072776565 -2.2340501611 -23.3496929047
FOUL
19.7562531262 0.780093060594 -40.2436913716 -17.6613695274 -4.19469991212 9.2007021691 -18.4377816955 -2.30930515177 -8.06905554458 -20.852661582 10.9209144534 10.9118431286 -20.4938406368 18.4190731265 6.06966109894 -30.6615197526 -26.3883400812 -6.39589329638 19.1133879657 -23.2441012 -4.74515523159 -4.76316171895 -8.08451985428 1.73890832169 5.85954531823 -3.85930710174
FULL
18.0040527379 11.3033649494 -2.62691387338 -53.9963242939 -30.7319144094 21.5859504134 -17.7136956308 6.21247404479 -29.9206566635 14.3232467684 -2.10303151945 -4.55231904798 -23.2865921838 18.8262078818 10.7250409713 -7.76991690801 -45.8418683752 -24.6096759568 18.5183701291 -17.0730157369 10.7669451046 -28.4793952894 9.08747410858 -4.39456135012 -0.179998465231 -11.1828407614
GAP
19.1769490096 -1.44503854188 -27.0792552337 -7.74685478864 -38.3817331994 7.57758291989 2.4637019435 -6.1304410373 -27.1580111688 1.36600732314 -4.67309626164 2.64991985465 -1.36272588728 17.327601545 -3.63745426201 -36.519703784 -9.40617725 -19.5730375954 2.86443975371 -10.5506984288 -4.31158838591 -26.898852586 -8.44608855125 5.12452089034 10.7526596841 -15.072851718
GUIDE
18.8772664914 1.45970831112 -29.1568089303 -7.67716699818 -12.3089554475 -1.16975557366 -1.84660439297 1.18466114521 -17.9369587274 -10.8703390885 10.5935707223 13.3488674429 -13.7763605068 16.2414099245 -3.14861667295 -11.6918443738 -1.66866950915 -48.0758279124 -14.4233137433 -5.02271414 -6.39884589034 -22.9233659209 1.963538519 -5.46754463596 -9.16299074012 -3.67556834273
HEAD
19.0820202916 -3.24624605281 -15.0468469225 -15.8988030711 -36.5919988944 -3.56257498711 0.0778327070321 3.09302714703 -31.8258836458 -0.57351700574 -6.66300866237 -2.10579021081 -0.349801958267 18.3076936697 -4.30290791328 -13.3604825855 -18.2556820069 -46.1382693097 -13.1644288124 -10.9213836384 0.730616242847 -32.6451747897 4.11488816158 -11.7812353534 -12.3607166834 2.51499668372
HEAL
17.4497227888 -6.56654092646 21.1310250788 -8.29731665419 -51.2854991858 -1.61729249927 -23.7528243352 -5.67311818137 -3.56468182336 3.20417240267 -12.2474137815 7.68429447687 -25.3498185254 18.3824728526 -2.30517445881 7.05540374269 -2.25520282965 -54.5107289424 -10.1269478024 -11.8124802461 -5.06571958444 0.237383532801 13.1815211596 -9.55847973851 6.21257428661 -23.4736695799
HILL
18.5086240262 3.59438446197 -14.849961538 -20.8043840293 -41.1776634594 -14.7173310107 -7.15792434087 13.7627571157 -23.4170548184 -16.0211700789 2.68047924285 -20.6096640154 -8.62033373543 18.9462770592 5.73615547898 -17.8829306652 -21.0580750807 -29.3099315617 -12.7442727692 -7.10569145953 21.5224906339 -14.9276793954 -16.125368313 -1.26129339316 -8.982939686 -10.2198587301
HOME
17.5392190099 -2.88588208364 -23.860921729 -24.6231214947 -10.2828015486 16.4791860507 -27.2142153373 6.18898582433 -17.9730093299 2.45679299015 -13.8029967951 2.31599637206 -2.22220092261 16.4467396038 12.4188100696 -0.742828492765 -12.2466768553 -21.3019869757 -5.88785571669 -19.7438115651 -9.10654719272 -3.92280465137 -0.734117020482 -3.30673818269 8.51093500159 -13.3644027273
KEEP
19.1908265809 -9.25337641137 26.9716079251 -12.6281562719 -42.3041914599 -0.767705974807 -25.2506650385 -8.02102431645 -9.30568705685 2.89844329792 -19.4106873551 4.39734385966 -23.933044723 15.4329068012 -8.4303016857 16.3966661069 3.53683239388 -36.2912106631 -7.394417437 -18.3397476922 -13.5656284033 -0.652955571159 1.48399404771 -3.52670747329 9.47010994763 -9.5374163319
LIT
18.9906405179 3.26168080311 -13.3781177962 -6.01798586466 -40.0702533274 -17.8383497169 3.77073349181 19.7996176752 -14.5818437853 10.0610991936 0.350709462837 -13.5909165517 -6.47431554125 18.0433405976 0.862763777103 -15.0526178957 -2.97951774773 -48.6597394557 -21.5414538502 16.0158403562 14.490891121 -8.73643877804 14.7150216876 -7.18749125863 -13.3441289796 -10.3361082498
LOUD
19.0499105856 3.41775572628 -32.5014647687 -15.9841838449 -5.71745875264 9.62944879067 -17.7878429255 1.47745938192 -13.6728640527 -18.2145629965 19.1916322701 5.50133686301 -7.16392865759 16.4531906821 5.85334671252 -21.824015728 -21.7390695571 -19.811652915 1.52814175102 -26.01990407 4.35250297352 1.4827968779 -11.9831673039 -7.14946431241 3.82348742998 -4.2439308444
LOVE
18.797261901 7.63341446363 -18.3831706496 -39.8266140747 -3.66230154829 8.34590555524 -31.9667107532 20.088857698 -13.8593870531 -4.69410894001 -15.5388046718 4.5485931139 12.765109748 16.9832566132 9.45425568363 -12.8513688552 -23.5071996858 -18.9081417214 -6.91214236154 -25.9436151706 14.7068989519 -2.66855567805 -4.47672839992 -9.45852844146 1.27356641444 -4.0151933245
LUCK
19.5086621841 5.48656020973 -26.5654533077 -41.3580554838 -5.62559371725 15.3110423799 -29.9389255635 12.5090218634 -12.1485606979 -7.50711076359 -9.13514290481 1.47602293157 15.2560072347 15.883225429 -2.72223943381 -24.436247383 -27.681452473 -13.0476319291 10.0197087448 -32.3475990475 15.7880935504 -0.444631726576 -13.2022326907 -10.9879669761 10.3472374336 18.021730879
LULL
18.4971488815 15.3582734264 -10.9461673027 -39.2991069985 -10.9163528314 15.8378760755 -23.3186869693 11.5888676356 -13.1065651958 16.7423737364 -3.85149948244 -12.9653968978 7.73495884391 18.583437441 13.8364585143 -17.1132116746 -41.2365044131 -15.1469549019 13.2385768414 -27.0100208753 6.71166354003 -14.2478749907 15.0028833548 -4.54454772294 -15.282066057 6.16339268985
LUNG
18.9031863303 9.18853885396 -24.4461128283 -34.8926991366 -2.78310934072 15.0382499205 -38.5227394642 5.3165975401 -26.5343253549 7.38817774263 -15.5581170694 -3.51750204736 7.8045413197 18.0605151005 6.92161670087 -26.6395743971 -35.6181436992 -7.82288446277 0.941923843576 -44.3705765178 13.3998263365 -40.405516271 13.9403915076 -23.308383055 -0.88516460818 12.008308578
MAIN
18.1668056023 1.2444508956 0.392079857509 -12.4784555467 -48.8090557736 7.90332966258 -8.87106162927 -4.67536261431 -1.99233925006 -0.601970995596 -18.1908657553 1.13024221108 -4.15982367966 16.8775985728 -2.30524483748 9.15308023368 -13.1332653707 -56.5882137077 5.04534487041 -16.9299987633 -6.05032077588 2.16285206143 -0.108666793508 -15.385806405 0.0441388075066 -17.4752905482
MATH
19.2700045332 1.43315459246 -38.7596918676 -4.06299137112 -19.2342628052 2.47095773841 -18.7917433627 -2.90714562226 -32.8391092171 -2.73398974367 12.9800116622 -6.7121972641 -12.3717094777 17.2468801266 -4.09761719629 -30.9735913298 -3.95546955712 -15.0074907903 0.168911266114 -19.7035679888 3.06903437837 -33.5069143622 -11.0673929493 9.86042675774 -5.68362611784 -11.6887527694
MEAL
17.610678005 2.56500050425 10.3484079798 -3.82552923648 -49.6733368644 -2.95806685412 -19.0502323327 -10.8178971347 8.5833219467 -3.29693156117 -14.8714174578 11.576205239 -27.9369683504 18.0871922841 0.308243273209 1.35275945271 -11.0288036195 -49.1390917627 -2.35504178307 -13.0987552633 -4.23862062137 -3.04192485289 -4.20664520017 -17.1150856639 9.28009334419 -20.5171020446
MILE
19.1556677166 7.97640948031 -32.3133563573 -25.5036317132 -0.6757301808 16.7619729515 -30.8671251727 -2.92415040831 -11.2787622914 -4.11578732536 -1.59493250655 0.180455746047 0.980546521973 18.3299874292 -2.02398686656 -21.4575855689 -7.83301438473 -20.6720668062 1.72728676967 -4.55367594588 3.96420596189 -22.4900970564 -11.8923340016 12.8631063559 6.3885617525 -12.6673245211
MILL
15.8122250005 12.9844367115 4.87012021717 4.49541497439 -25.5486016 -38.2801496583 -9.86666263296 -7.48629890743 1.9448494486 -17.7219632074 -13.7258381063 16.7857019761 -31.0617417303 18.2645342837 3.61221031777 -16.9985625384 -14.3212639843 -26.1236449055 -19.1501932297 -8.83701258457 19.7734681845 -29.7941563715 -2.67310066544 -0.349609679726 -4.12329658572 -11.3834578016
MOB
18.9448410391 10.7484968372 -33.8884585955 -40.3433538949 -15.5751683542 27.4900755152 -43.9983286299 -10.1694150882 -22.2858118332 -2.20299378413 0.339169772238 -16.3563452666 5.29830895386 18.0940101426 6.33371658408 -30.210565671 -25.9819764422 -12.4288961596 16.2147888247 -22.1912915132 -2.88764013571 -6.05459865661 -9.10556155964 -0.479251559531 4.00395210024 -1.45569969608
PAL
17.2943045946 -24.3826550501 -19.4529701802 -0.843210936166 -8.3385422396 14.2712596049 2.97526845378 0.544721109981 -19.2694791798 -4.21432873307 4.76616289417 1.62568911772 -10.638308502 19.3352738134 1.37097359153 -36.9431214886 -14.4942947614 -6.75785821316 5.74665281598 -24.2931390251 -9.35551399607 -14.0242634508 -9.36653445531 2.29650302529 5.66906175959 -17.5886091164
PEN
16.3458741945 -22.2468587583 -14.5129809034 -2.94852640411 -21.7790492129 10.7952507127 7.33752020059 3.66558278369 -14.3783851196 1.18569076287 4.95705803002 0.944413377461 -3.66627787127 18.1683403007 -0.477983886889 -22.436980699 -7.11809388392 -38.0610731862 -6.83383000941 -4.09692045042 -2.47031302926 -29.8665372808 -3.75596695437 2.13223066928 -11.3301647086 -4.02587919723
PIN
18.1594099762 -15.9918297453 -6.13681505841 -3.93681344222 -39.4124437955 1.94354314141 7.50838871126 -1.40935643532 -9.64328281805 9.2845185911 -7.70013580999 -4.08895169147 -8.78158018416 17.9704139206 0.904722772345 -10.2661944007 -9.36665509519 -45.5307124972 -1.95228498332 1.5674959957 -4.1648454944 -17.9797237831 2.71048126515 -9.40328409097 -8.07143383141 -0.188255499495
POKE
17.8743413736 -6.06954705977 -17.5550682981 -22.3445873528 -14.9613132916 11.1625233236 -17.049264357 6.32992453563 4.89410177766 -2.9999320873 -19.9607602665 10.8985690508 -3.00862563479 14.326586155 2.7799638542 -3.09368273642 -26.814069057 -24.4105186554 -2.11453348259 -15.0222975366 -9.25785337116 -5.4866445346 5.84182487415 -3.77696052923 6.55652130873 -11.4349590461
POOL
18.2573687786 19.8054109001 5.9710205213 -27.8549224469 -31.8750432706 -11.2566499671 -17.3964182363 7.80189074359 -3.47794956667 16.6361180432 -1.10504930404 6.55640895338 -23.4733000432 17.996329688 17.704548447 5.05231323596 -30.4611437948 -30.5952288768 -4.09544497676 -19.1323151189 4.69291826666 -14.3449857627 13.4058496724 10.8975520902 13.1507001487 -16.433017188
PULL
15.9051227867 -20.6706690734 -9.43217226476 -36.2983450082 -1.52091388227 20.7233651611 0.58447716137 12.8688904404 -8.21287388879 11.256768464 -8.26236341764 0.516379244667 -3.75212971264 17.8122618953 10.871560704 -4.33316815168 -44.7942018843 -24.2269190365 19.8167687326 -21.3048450341 9.60239583327 -30.7901531328 8.37793327408 2.16600929851 -6.41959305101 -7.55378222179
RICE
19.0771495675 2.75406581125 -31.3099680929 -6.89346537324 -29.0857361819 -9.53607328568 9.41150877379 3.57683773361 -21.6289033955 -4.55713335243 3.89282653747 3.32662733045 -3.9683356338 17.0656126522 -1.35524363234 -4.86394603457 3.70522608331 -50.7353869615 -14.8654793982 4.71483650988 -3.37247513713 -5.39504675543 11.3281743322 -10.7756612741 -0.708803723867 -13.1880959799
RIP
18.8868100822 3.46129002166 -17.0139332139 0.0556176414185 -41.3338192258 -23.5893915233 8.27364552891 14.7855383077 -13.6787198774 -8.30927656265 0.489249718124 -0.636690426102 -0.791693590817 16.3577113356 -1.50495665117 -15.2520047902 -8.205000998 -40.165836106 -21.2035273337 6.8443495804 17.3349503176 -6.5797443624 -4.56499083618 -2.1235768831 -7.53521339997 -14.1324551856
SAIL
19.0133495375 -6.00659502763 -9.8563751284 -13.1575445916 -46.6576849247 -7.2815808004 8.36575894653 5.71553528736 -9.41761690281 6.6875539086 -19.5763996177 -5.05047820642 2.44843471818 18.079196472 1.13328853811 -10.2579232359 -9.55496965839 -48.7263144775 -6.72683169726 2.90291766374 3.50352901219 -9.42820127976 1.88160643858 -21.4623949267 1.09677027869 -0.755299570429
SELL
17.8849127999 0.534428722838 -18.746083354 -20.4922664071 -24.974837701 -5.72778010449 -8.78716701323 14.2067493192 -17.3690871459 -20.0542411521 2.95519714657 -0.00513140017816 -19.2357510717 19.3008758112 3.40881349861 -29.5751387994 -18.4053447931 -9.91952148392 1.36875554984 -11.8883065548 8.67947492403 -17.3035043753 -17.9927969368 7.08237353906 8.22716958238 -8.36980711937
SOUR
19.3108419881 1.55754832966 -33.4158349041 -12.7526036219 -14.4631969594 8.40619585914 -12.5441562883 -2.22824943729 -14.0082279904 -7.28002546097 -2.76488760904 13.5009108898 -12.0918171274 17.0833910291 13.54002879 -22.8975641251 -28.992968421 -29.4229751808 3.51043415703 -20.4368766921 -14.7194211338 -4.65300322625 9.59787314793 -15.0398495532 -8.99828177494 -0.79007864724
SOUTH
19.4448215111 0.604399352114 -38.4217964461 -24.9166596806 -17.4109631325 5.65009568164 -20.7042133414 -6.38945421341 -15.081049388 -20.7627731195 -1.23748790569 16.2024698732 -20.3119138402 16.8605043868 6.18441241117 -21.9887439373 -35.7829945531 -18.0617734092 15.7373565709 -36.4471006367 -3.44980400798 -14.1245923552 -4.86157525487 -8.87240215632 -2.55918105871 -2.90816158223
TAPE
14.260707601 -22.6268965852 -11.6568649243 -3.67274629749 -17.2854488875 -5.46972100966 8.20749555906 22.8565662871 5.67338367188 -0.650507444315 7.72812185322 13.7642628082 -14.5746534042 11.9863675593 -20.1311692717 -11.3335069653 -8.44059593288 -18.6263190045 -10.2391603482 10.2058616864 11.3376555532 -9.04903947476 -9.83142868197 4.90856966118 11.2722056982 -12.4793215079
TOOL
17.3671149687 9.24420072911 -5.3413888205 -15.8522396697 -26.8299279587 -15.461944909 -25.5392793339 -4.63212288301 5.69690378994 10.3926180772 -14.5331970784 -3.06625179795 -23.7376787098 17.7303258566 18.8539091589 3.50526863137 -27.7360900196 -28.7002051962 -6.42536809453 -24.1868762905 -4.56273765161 -6.77059352848 17.7117645155 5.69364619145 5.77677260568 -20.3911516079
TOWN
19.4156794602 2.50132501932 -37.8887990344 -5.73361786663 -10.2643164063 -1.57330686601 -18.8064854564 -4.96075802579 -22.0092231631 -7.87717179338 8.55837569123 0.467827829466 -16.70368685 17.1573753245 5.00596581995 -27.408737845 -17.9931421279 -7.46985592656 6.33319267219 -33.0921501204 -5.06759777607 -13.9010148105 -6.620338358 -6.0746849667 2.52353687278 4.78485918843
TUBE
18.1359563524 3.03118941681 2.70624886079 -4.28015137788 -32.3500984257 -31.8977905031 -16.0181933037 10.9883324916 -2.95735981855 11.853956686 -6.97049127914 18.4501786413 -34.6116807026 16.5699905669 13.1388742827 3.00956081573 -18.06991437 -22.4794815242 -18.6669548503 -35.7524169803 -13.9686786464 4.03807147771 20.0294125055 -15.4120832554 15.5801432235 -19.6458013812
VOICE
17.3436016002 17.6127111465 -7.10524172738 -34.1903267625 -27.3871630025 1.73240194987 -12.6939414387 -1.71351503133 -10.5022826153 2.53961553142 1.64691402238 2.25279982274 -6.6302945361 17.6757326638 5.39549396865 -13.2351754057 -3.92112315823 -36.1261372811 -21.2709654448 -6.82677068379 10.5645160472 -0.927060399297 11.1756813098 -10.4394967788 -0.899092193489 -9.24159269353
VOID
18.1237544302 13.5085121067 -8.6334704791 -36.2023577438 -31.9117765919 13.2187406286 -12.7614673353 4.43274309958 -12.3454702419 4.28405141241 -3.15573305212 9.57619151649 -7.27348525971 17.4600270001 0.487381983895 -10.6398324821 0.135514512728 -44.9152967415 -20.5687950142 4.9849661847 3.034098118 -0.254158335382 8.73492952844 -12.7891904097 1.9623702416 -11.9386484108
WALK
19.3075756376 11.6943251928 -26.6220120289 -32.9094040018 -10.7024362917 29.0818139421 -6.50041369347 -8.73408299945 2.01546308324 1.87892798463 6.64904247464 0.391755634219 -7.4836433761 17.7746503503 5.33736823585 -27.128642048 -28.9723969242 -6.62208228475 17.4300468448 -9.29995872214 -16.3254096251 -2.27070534707 -3.53451170507 -4.74305074744 7.56433564048 -2.55136578314
WALL
18.7161247736 14.3680482612 -14.7393522192 -48.9744726415 -30.6794218334 17.1568135622 -8.17590875047 12.9583808295 -28.296504518 1.88138904164 1.17840534406 -1.05637260692 0.122621736774 16.6108607238 13.5469181764 -10.4182298493 -47.4254137814 -18.6971645235 17.3612890796 -13.3054059758 5.35572320459 -24.0130746482 2.54781934122 6.33106951362 -5.88808506002 2.52508367538
WET
19.7328922878 -2.24837025821 -38.9606321215 -19.9565068956 -29.1132767221 -1.07947601361 -3.77802912604 10.0012140323 -32.8669570772 -15.8689960198 2.66945009278 14.6305931256 -14.7746840994 17.3404938631 -5.44048714479 -23.824910223 -9.46159387262 -41.1197227086 3.68855077736 11.4345799489 14.0516254518 -27.4478582156 -4.02231382053 2.40109567717 -5.80752760171 2.94204206207
WOOL
18.0893736647 12.6610095698 0.0143004058599 -35.81586497 -26.1370422023 14.4480044095 -18.1810762178 19.2216712734 -25.0725959198 7.67749574832 0.422799848861 1.53120513259 4.81106599247 18.2241957298 11.3673541898 -0.0339645409116 -43.6683874598 -31.1263361914 14.9095598764 -26.2298322494 19.6671902745 -33.0582478583 5.29213077748 -1.21106042794 2.61774589865 5.10599989827
WRONG
18.9727591928 13.3838992604 -30.1831050355 -33.7347810052 -17.6098675912 31.5726887283 -32.4262340293 -15.4735954945 -8.8897572697 -3.91493369848 1.33651051238 -14.40959831 10.7191835492 17.8006402474 11.1933240318 -27.6574281732 -32.9819467913 -13.4069155315 22.464612425 -40.274722079 -2.05372035601 -27.3214063999 4.64107103597 3.07289611868 -16.3715317713 10.9623857172
