BEAN
16.7352102382 -10.4902484084 25.4877907116 -7.20137732107 -27.104796873 -2.34641196078 -28.3686546646 -0.28803629827 2.80897611931 -11.6088239357 5.86643486821 -5.30483928864 -5.11965247413 17.9385503217 -4.59935046666 21.271314768 -18.4786561795 -28.7406998415 0.37529959258 -36.0223485902 1.66277733159 -7.2934837502 -12.7839925779 3.15221179677 -3.55701049182 -2.91026904734
BITE
19.013966163 2.5506468278 -25.5759822653 -13.9320606826 -11.7393811251 3.40909321645 -6.45189574004 -11.1971009252 -22.9860023209 -9.91264444923 -0.531518915691 6.15477766529 -26.3132822434 16.9391637052 -10.7392528988 11.7031137722 -11.7142817289 -46.0635882526 -8.18221477321 -15.4408204318 -18.9298245215 2.00141846111 -12.3214816313 -0.906080731017 -4.28929816326 -16.755657591
BOAT
19.3112644607 0.203315047514 -25.5559583309 -33.3080016944 -16.3637468654 0.111154535765 -29.4779268962 4.10656592844 3.48444261545 -36.7364508167 -6.34759629384 11.9834965676 -9.94707122508 14.574182867 0.275989890324 -9.86431134077 -24.5169677654 -12.1976982748 -13.8739510905 -26.0574698568 -9.61273691916 17.4811118345 -7.01728327375 -8.49871970615 -0.252294530359 -0.702415607936
BOIL
17.2612920852 19.075612057 -1.77312539352 -38.0009524396 -14.153099973 -0.972239387991 -3.557993219 -11.3917981456 -20.3540535883 -8.52868726582 -3.67183441403 3.51142587794 -16.954206674 17.7857066611 4.99385644821 -16.1302757587 -15.6806816782 -10.0974301417 -13.6063161851 -6.4726317551 -2.16966872775 -12.3604381063 -21.1677018811 3.6080461858 1.52982704776 -23.3869149039
BULL
18.8671496774 13.1924578195 -7.87762415927 -39.8447087499 -17.4150665656 8.32307683457 -17.4719972508 -13.0879220898 -3.12679967665 -7.07406797767 4.99548735626 -14.9398371853 -13.2060528132 18.9167555904 8.51592055291 -11.0209780875 -42.2698552735 -7.2178991932 8.92379860814 -20.158573481 -6.0432819432 -10.9398658405 1.37631097225 -0.363797864016 -12.2318818175 -7.93973057343
CAB
17.0005603228 -24.8870906647 -9.63078634137 -5.61704856331 -21.5314798961 9.76847968512 -3.48390806538 -5.32992462027 -6.50210149381 -2.818005546 1.2861331457 -7.081174919 -6.54264340365 18.5678818039 2.31364279894 -31.387773794 -5.77210440306 -11.193393164 -1.32618541507 -9.93236238061 -15.0656924813 -23.3758200176 -12.6756210136 3.98625917229 -2.07057597147 -19.6546016102
CALM
18.9934869922 10.1923904363 -28.2830256177 -21.2449897731 3.8387954654 1.95279343342 -18.8541392884 -18.0716995921 2.93929364889 5.28910323853 -3.48879176239 -11.5780894212 -3.48670228365 18.7733394031 9.26377274582 -28.1920329899 -28.2837015167 2.64187873749 3.8714855378 -8.31596984751 -22.7783507534 -5.90643297597 4.66548116925 -3.78169008929 -2.15239089723 -13.7339669628
CAUGHT
20.0168646118 9.72505543203 -36.3340898247 -21.699761631 3.67667998307 7.92954018715 -6.21597400243 -23.1489890324 -5.02988727003 -10.22266495 -9.02095378794 9.71707839289 -10.143932724 18.5298257602 -1.33871241565 -37.6057005467 -18.4601710658 -12.1690972542 -0.542454086965 -15.6052828595 -23.0385955243 -18.3598430942 -13.4393704891 -13.0700997031 11.1417978208 -15.5312696467
COAL
17.7509768483 7.3450804574 -14.5160083178 -44.4027973588 -14.7620191179 3.83452895469 -6.27751233724 -16.4814019711 -7.72091610117 -8.22589330783 -7.21925148521 -0.853569780352 -20.4134913494 14.5831045079 6.52635100165 -6.45281824984 -36.7194118068 -16.1023493935 5.07670560303 -5.92588137406 -3.86689173934 -14.1188324887 -6.35171466093 0.0409621892793 3.39490990971 -13.6952735642
CODE
18.4192670547 5.27288595272 -18.3402911495 -26.2687103381 -9.76180881548 -16.1262763984 -12.2869530745 -8.33592843581 16.4329611572 -23.1351020151 -10.198285017 4.86158660348 -18.2009807817 17.0822009786 7.64156761667 -8.25892320069 -21.0574342372 -16.3615110593 -18.1351498854 -24.6912567299 -7.6032255569 19.9014916399 -5.46329996669 -11.8202514814 -2.94530464885 -14.2351681729
COIN
18.554511483 10.4105587247 -26.0393706912 -28.055671517 -19.2172093183 -8.58194712191 -0.0194785149698 -29.4475182724 -1.82889919802 -10.8587117006 -8.53210840821 7.63326646486 -21.7123936979 17.8732250548 -6.114848795 -6.51207494553 -9.07344142271 -24.4056287813 -4.38071893024 -17.4072124447 -7.52923031309 -8.21695988906 -5.47036073813 -6.60751588594 2.29577372006 -9.54848164319
CON
18.7935899543 7.88530579452 -29.8945240899 -22.3178594223 -6.58538537736 0.524973065864 -36.9417438327 -8.24567321462 -10.4240405905 2.28064448631 -11.2714380252 -15.5664798743 2.11887700627 18.4875074391 0.135539939252 -27.0799106027 -10.3819050062 -8.64981209105 -1.85888201301 -31.6775331644 12.4013232955 -13.0650966168 -8.90455177453 -3.15348029109 -13.516428204 2.00554588664
COOL
17.7402859942 19.2373564403 1.02748435602 -33.4170819333 -22.518986444 -22.2953922846 -11.8454109222 -25.7109594761 -11.8405261514 -12.5829821187 13.1713718123 4.59166406569 2.55648070411 16.1894856494 13.9466292532 7.96239705546 -40.4905947195 -21.8634490658 -12.1678009289 -13.6588603601 -13.8180067851 -19.7021944597 -9.46864245095 9.92886966604 2.22425753923 -1.89647037111
COT
18.2288624994 -10.5708679976 -33.5482810434 -10.4222795773 5.60789731551 5.6774244414 -14.8189695212 -10.0344854577 -1.6417512905 -22.3031525026 -1.36759943408 7.09237560782 -16.9202107643 19.3456777909 -0.292666564536 -36.1745637618 -16.5453160687 4.82408052329 2.98283256399 -22.9871433822 -17.9548786611 -3.0619219142 -19.792367897 -6.14458676063 4.09811532873 -14.705492105
COUGH
18.2612198096 -8.22637769383 -29.1704337519 -17.5774086031 8.51381599596 4.18408750775 -5.75513925489 -15.5304356187 -1.64431244736 -7.75001623521 -12.1349696682 6.23041221065 -2.19388702108 17.0993647424 -0.118625921293 -32.1837071471 -19.7522435992 -1.53589716094 13.6971466117 -19.6025360736 -20.7622985562 -4.39015751095 -11.656962556 -13.7468687629 2.85960386239 -3.85051387473
DEATH
17.8325657321 -5.76862797965 -9.21018219942 -10.6704587719 -21.9065132814 -7.28559248295 7.66088364157 -2.49817625533 -12.7158249088 -3.57847004869 4.93780714182 -13.1368199879 3.53499731669 17.3281064668 -5.48655823122 -16.3718415067 -10.3106806451 -17.5902989748 -0.393904105824 -1.86053223816 -3.0666733127 -35.3904332931 -27.9290171973 14.9860921218 -9.49285580902 -16.9091063922
DIG
18.5732231766 -4.973426245 5.60119347554 -13.6837060937 -52.2066709895 -13.664372559 -1.66776563973 -11.7664022451 -6.98151470269 -11.1006662712 -6.39329175514 -15.7637093863 -3.0171915616 17.0959493403 -3.11626198154 7.45562861789 -6.05105011319 -50.1585499851 -13.4425825334 0.0720766594154 -18.9505183085 -4.78047306902 -11.310600097 -10.6365088664 -7.05265782192 -9.95558450344
DIME
18.8189683778 -0.111318128711 -26.7756779034 -8.63527635109 -12.8274193986 0.74219473748 -30.9923087948 8.01168608033 -12.4770745968 -18.4072737219 3.33153294298 -8.43864655472 -11.4564632794 17.2984359873 -0.886992691869 -15.1387061619 3.59415939755 -26.4797537343 -14.5529530934 -20.3205224778 7.24154364015 -24.8183924916 -12.5249464164 6.40960181564 -18.1577346715 -10.3031076122
DOCK
19.3979417908 1.63480409852 -26.1490678601 -17.1644722703 -14.0520275138 9.48584267799 -15.3428722348 3.87976260867 -12.1269403847 -25.2712201602 8.73302195863 7.54840555136 -10.9787384995 18.4387937431 -1.59729923763 -35.523799813 -19.4105947838 -5.47935143246 12.2103099407 -29.2296386275 -12.0929334745 -4.24394899362 -16.7383138854 -6.8353225003 10.2295363364 -7.28847578953
DOLL
18.7907045351 6.81310022198 -26.3624523371 -25.2855674086 -11.8059813535 15.738518241 -12.4890742115 -15.2029831369 -3.27671499659 -12.1524755002 -1.9846669195 4.95421936104 -6.78621945539 17.4640410511 9.91926844353 -20.7484148022 -37.6059266851 -10.7986683203 24.6918344487 -16.7022484685 -16.6421220512 -8.29589288359 -6.18415194306 3.55709093953 -8.26099393883 -9.82551331564
DOUBT
19.660961373 -5.27257543694 -32.636521827 -5.95598638027 -17.6063707242 -5.86003903171 -5.0676861205 -13.3918137928 -26.9646648005 -10.2044533755 2.91093694188 -3.82363001177 -18.307450018 16.6672282657 -0.362612406421 -27.0040230632 -21.2132202543 -11.5617603899 2.13621733578 -29.2942857109 -12.7341731923 -8.4208313638 -18.5107962662 -11.8378851844 -0.043915795046 -5.04689807339
DULL
18.2586650515 4.03531266496 -17.1913603493 -19.6895276132 -15.4819761498 -11.554197118 -8.38949449449 13.1467835423 -27.0644079857 -28.3975162111 19.8237080501 -4.05309657512 -22.1961106455 19.079155383 5.52251393984 -24.3560614119 -22.4800423752 -1.81850149828 6.65071843125 -14.153393095 -1.20550564063 -14.964510695 -22.7256832583 11.964452556 6.19885095241 -10.8293057055
FADE
18.1763759717 -11.8175644921 -3.34963709426 -9.25192292804 -45.9622171067 -5.25854597692 -2.22726621777 -8.60774728974 -12.5444687837 -10.4940662921 -8.26791312992 -7.23327687913 -10.8962706183 17.7868197499 -8.37136661609 18.2733610703 -12.7177705323 -52.0378186279 -3.93118110334 -20.0795751901 -14.4987237869 7.8772322572 -14.695449282 -1.91010245309 -4.81460054248 -18.4003739588
FAIL
18.8058541647 -4.70204234765 -5.73870039393 -8.29875023849 -43.3191453368 -6.6747845709 10.6265649832 -7.14988949917 -7.96435230462 -14.7829864275 -5.40955347309 -10.109352033 -6.09699513395 18.3504478402 -10.1863388097 -9.71695029776 -8.00115200204 -44.3306012516 -9.13504346341 7.80137754371 -19.4829465723 -8.9367937715 -20.6163366708 -6.5943668455 -9.7038190624 -5.53556402533
FEED
18.0515408205 -7.06043984013 29.6092395931 -9.80686793154 -47.6629122884 -5.77620285394 -34.8128982885 -13.2312489064 7.99740542383 -15.294488784 12.0772220797 -7.25582136908 -10.4981701044 16.9895948813 -2.04825120253 28.192148219 -5.88700958749 -42.4639482949 -5.5043137735 -32.0684065268 -14.6884546206 2.66946726457 -15.3078333427 8.89340224404 -1.85588591742 -3.09090039544
FELL
19.2261084962 -0.781926590535 -29.3510821403 -17.5775766482 -23.1256388551 -7.70580759772 -9.60836690456 -7.93249406269 -30.6890961541 -33.3408445627 16.8447088118 -6.8330288105 -22.1520142756 19.5395434674 -3.94444550886 -30.5683170956 -19.0589262989 -9.3256544959 -6.11962076482 -20.0302499936 -0.298906539746 -28.6081980381 -35.3283628324 17.889336555 -0.0139281591645 -20.415177982
FIRE
19.0158968808 -4.01741640189 -30.0254293281 -9.09214166963 -16.0677755444 0.740904624341 -8.34344010294 -11.8440332585 -20.9200740273 -21.3344294333 4.10925820042 2.81854914038 -24.2870596826 16.3311806365 -8.11387076575 -15.2120524376 5.8570961364 -22.3723934839 -14.1566625407 9.18692494087 -10.4389466522 -32.8681358324 1.40702577004 -6.26502318537 -4.98730323067 -6.21108550912
FOOL
18.011752351 21.574089717 -0.17954720863 -48.8501819085 -20.8405920314 -13.3837614058 -3.10735754034 -28.2752934837 -7.79914595906 -4.30156633567 11.0616675304 -4.90148530537 -10.3968105601 18.1349992526 20.7865331138 -0.647454357102 -49.9874701257 -20.4707314727 -13.0071988879 -1.27098285427 -24.0344043063 -7.49264379945 -7.42457914275 12.9040441667 -3.02458420733 -6.26911237672
FOUL
19.3041540783 3.48390386634 -31.884763909 -14.2060641501 -1.79466463463 -0.684081121589 -8.1687835303 -11.4636894282 -5.80235648104 -19.6763376715 -2.99290645142 12.2269714963 -20.9958925014 18.1851302036 7.63046535083 -29.3993133211 -25.1025008768 -1.85020035223 0.516092482452 -10.9088432312 -24.9443774337 -6.95239155711 -15.0649000475 -12.5462206073 5.01537578622 -19.1640839454
FULL
19.0261460824 11.0186963458 -13.5245256145 -60.3441121746 -20.6190139111 6.02793801303 -23.0679940395 -27.3907927982 -9.9148058688 -17.0008330945 -1.4406046951 -19.5896764029 -16.4903515072 18.9203375954 12.5538083873 -16.0066470001 -54.1868819716 -17.6191555913 8.98156387405 -24.9032463068 -19.7290194454 -12.4006981239 -16.6715460999 2.55592424385 -16.7003324195 -12.93573557
GAP
19.6196220515 -15.9843484108 -13.5147529392 -8.7443254817 -27.0423268616 6.13122676484 -7.27439766387 -10.6977113166 -5.87629467533 -4.14272346606 1.70889538602 -0.743859670404 -11.0458099237 15.2361769103 -12.5975283972 -21.0261074264 -0.850612646814 -6.58381561614 0.0416022321134 -9.90732025176 -11.1372506868 -10.31545611 -5.26557342315 7.77159471726 8.9540257457 -15.8777028233
GUIDE
19.1868421107 -4.89266854452 -32.6263593759 -11.4092155246 -4.07041193633 -4.29412202316 -15.6777227832 -3.2096252049 -14.7668112973 -15.9959613093 0.849216891916 8.49754990541 -26.7163324588 17.9087018261 -6.99126859916 -12.5440257341 -5.38600479878 -37.2415595014 -1.0084165981 -4.69938173609 -7.59948400333 -14.3312204607 -11.2031374728 -3.33517057233 -6.12225018868 -9.7199411908
HEAD
18.5219589639 -4.8313174903 38.1005770972 -19.5309414521 -47.6556217844 -4.94764802462 -37.1079480342 -7.43503732087 5.13491073657 -18.4224057178 14.1909469625 -6.28401687273 -5.24108393799 17.0044407736 -3.80670884103 27.3570363931 -8.71001876455 -49.0266879202 -9.27089951349 -36.6611026683 -14.7478800844 7.7012287422 -18.0546416182 6.53332532378 -6.74373327403 -7.59831046235
HEAL
17.4938530793 -5.93477920212 29.6381223799 -19.1846040228 -46.9819181209 -8.25642814966 -38.980136781 -15.2805658323 -3.21582365388 -18.3234938018 6.68181838187 -1.09477413544 -10.3920767072 18.3572518598 -5.56374243178 9.48790274753 -8.31089347444 -48.4049869046 -13.3898726868 -11.2716408607 -4.11998015259 -7.75317483221 -11.7446905829 2.32286743928 -10.9057451559 -10.5082207935
HILL
19.1659455782 0.334027629405 -14.0262441362 -4.72085009557 -25.1052484599 -6.48623181563 6.12680340975 2.94294567921 -19.6236811412 -10.1545428009 10.9293613926 -16.4752765317 -1.23377523038 19.2407895088 -1.11814134012 -18.2061611812 -12.5175488442 -14.1567534457 -4.83533812998 -10.9657294001 16.7457738006 -23.8499182194 -28.0097431645 24.1257324118 -11.7588276671 -9.22698415054
HOME
18.1889490991 15.9247593556 -14.5508367422 -23.7106382874 -12.7875669097 -1.64973551172 -5.5546926145 -22.7165830322 -13.6740384635 -4.40864022419 5.90339018165 3.413148216 -16.5108847179 16.24502634 10.5277897945 1.30277199173 -7.77096435305 -22.5996464056 -10.7447351064 -21.0641528587 -5.13903801514 -19.8355159708 -11.1720371176 -0.121114308937 9.81705044221 -11.2737059792
KEEP
18.6770278593 -7.83650519711 31.4102350018 -17.9308235517 -31.9786448684 -2.27455688792 -28.2626262508 -2.11636870954 3.09356752816 -9.67392937568 9.5646217538 -1.2625722106 -4.08788796358 16.8809996297 -9.42577925847 26.3097711818 -13.375211207 -40.9495345356 -8.58889386107 -29.9453491836 -8.56945240323 7.65061151096 -9.96448354337 11.0491739547 -0.908401717455 -1.65731886193
LIT
19.1811635655 -9.85270672433 -8.20851168902 -11.5382472497 -44.0630684598 -20.7738502333 -3.31616648956 6.25042265314 -21.8937860119 -6.02237936096 -0.16804274566 -29.6390881906 3.10606403138 18.8565396089 -11.1188678678 -2.34731739858 -9.31865504996 -46.9102708178 -12.7168351961 -0.942719962229 9.06858527485 -10.3779538382 2.01462810393 -2.22008616349 -24.5134606211 7.90943238231
LOUD
18.9738484137 -7.54857638014 -26.1949288335 -7.85914079817 -5.19096406738 5.01598380219 -25.2816432671 -2.53508105948 -20.3410825658 -16.8586419997 17.0041085078 -12.8333062145 -17.6865789553 17.6449632713 -2.38432249414 -20.8652373577 -15.7344329573 -13.977351845 9.99157566671 -26.558793628 0.430394254334 -8.34507820451 -26.5377845881 4.97570738363 0.948009422828 -13.2241518131
LOVE
19.1569337879 -5.89789273194 -23.5353248654 -29.6744151109 1.80810843536 0.161058330282 -25.116689883 15.3656334558 -19.1471861445 -26.5698065442 8.62397531503 4.28571686247 -6.18572300076 18.1731613429 -4.5772899802 -22.6513650689 -26.4633096062 -11.3803683816 -1.75643565937 -28.7909344868 13.8443778945 -12.6805066433 -32.2689625847 1.20132423026 5.41514592602 -10.1331189071
LUCK
19.999545693 1.21816450981 -29.1463722561 -36.988945665 2.04679332164 -1.38058585429 -29.6604757839 12.4491714342 -21.2500267581 -23.7569611114 -12.4243303895 5.7633838635 -2.0205883692 16.8953575862 -1.09053692162 -23.284232395 -24.0972558361 0.614783976531 1.63082533078 -30.3277684817 2.74275726519 -24.3768078874 -29.8932045149 4.71749780994 8.71515548791 -6.12931008012
LULL
18.5170279015 6.42072214426 -16.4729657858 -42.0271858415 -3.59122307666 5.17472472818 -37.3033381328 0.113289706926 -21.3146527986 -21.5436756916 -4.84112794121 -6.62094175081 -3.34953444771 18.2460411811 5.51755603631 -19.0494452196 -36.1271938545 1.93111984558 11.891228502 -35.2442719351 0.83541468849 -13.7563669256 -16.0911190016 -7.2658412949 -7.92148628067 3.50852859223
LUNG
18.7374966282 2.29844530831 -21.5136852583 -27.6332980111 10.264107385 -9.43218451452 -41.0195791663 4.1870560045 -26.0811577537 -4.99453461784 -9.62984321811 -5.7702177775 -0.76210250351 17.7490408926 1.82557661626 -16.9535458139 -23.2319331942 14.8737279969 -9.68795298025 -37.4175158576 10.9647349955 -24.126721521 -4.32588762016 -15.5032314318 0.996688390026 3.5745612827
MAIN
18.6236051175 -6.52753896738 7.58219598234 -14.7042279917 -54.1691495023 3.39971970753 -23.236061345 -23.5308638348 -14.1888380365 -3.76788578131 -14.2619252028 -5.44196170864 -5.40024310565 17.3526078933 -6.67805572281 16.6262431203 -6.99644297091 -41.5204500604 16.4561690302 -30.4087359218 -10.7829881293 -2.3720838987 -22.3562924581 -0.250879552895 4.18057731507 -8.5887104881
MATH
19.8385329158 -8.9742807843 -24.8086044796 0.0951969225075 -12.2489056807 -9.36945124629 -20.1990349677 10.4812476446 -32.4998092789 -6.8508323071 7.19643550802 -23.0287799641 2.22285939097 16.6838421656 -12.9245409158 -18.0487121945 -3.68682564149 -2.36906934964 -2.33287092997 -27.9855698337 6.29088039528 -29.4146279633 -4.61003497472 8.52700237127 -15.1762865848 -7.31544789146
MEAL
18.9185376336 -5.41335704829 20.1874600665 -20.5786467994 -53.8307479704 11.5801502811 -32.2311541689 -6.66920149692 -4.93117368782 -26.37108616 2.28161452536 -5.00487514008 -7.24888441397 17.9003557441 -5.02446096328 8.50394618669 -11.284836674 -41.0985754685 -3.19772333227 -22.7515417125 -3.64727250015 -17.6073773568 -6.0708286766 2.06636140995 -14.6711684191 -7.6982198565
MILE
18.9572945872 2.11460497661 -26.4351270047 -19.8216322489 -0.110523024819 7.66042734612 -45.2869062917 12.6369836797 -15.4996482337 -5.03131878499 -3.8736592284 -12.7613285972 1.57618110251 18.4178861363 -5.48101468726 -27.3782265458 -12.8844313768 -13.6829680906 -4.48215263812 -38.473102689 9.48307568456 -29.5602010382 -17.8876355111 8.56801375763 -10.143947607 -20.5483798901
MILL
16.8460298192 4.72782527341 1.19221065593 -7.25207920464 -35.0883002104 -32.1991789792 -23.2955658943 2.41363207359 -26.3047079258 -16.2133783912 -7.08579966386 19.4228841178 -26.1941842204 18.550697167 -3.07139851553 -15.3403423229 -15.7397911157 -21.6869845505 -13.1060059961 -13.6336808387 12.5960687233 -33.0974911721 -7.48766120512 12.3092123235 -16.36935187 -6.11370627172
MOB
18.1546675238 7.03709892977 -13.4594132963 -27.45818689 2.89661605791 7.83054139889 -34.1418481167 1.02297311284 -23.9699109253 3.70251799215 -6.10690048535 -12.2629557288 4.70149185636 17.6754970518 6.19636699916 -20.7311389173 -26.6724674519 2.42364154308 9.92314719224 -41.409935287 1.1429258305 -19.2916001023 -5.23446313983 -4.04935807832 -13.0867340362 -0.805696203946
PAL
17.9302266492 -21.0699092967 -18.9203219524 -3.03287894854 -10.2085409273 10.8036575057 0.183428990445 0.747114952544 -14.3805819873 -5.66132437141 6.56851529944 -5.07946673788 -18.6151695108 18.8237507148 0.424224807249 -29.9027358046 -4.09078175313 -3.46431115859 4.00665081814 -24.7276163676 -10.5802965902 -15.4196224771 -15.6270339942 4.72974959902 0.674071818734 -22.6373744221
PEN
18.0127738082 -18.7659069066 -12.6706416444 -6.21248598519 -24.9027602654 6.75491821533 1.00127868683 3.28721763068 -21.4340359189 -1.23057679588 10.2349022345 -10.1946505017 -6.07351409784 17.9486315527 -3.43149654462 -3.14954867204 -6.08534877036 -27.4435999217 -9.65209252736 -16.2431858851 -0.541901864222 -33.5143057305 -4.01264476149 6.6668466354 -26.0337765731 -1.71463920946
PIN
17.3567638155 -18.6720454151 -5.37343237432 -7.8412401207 -33.9261103685 6.16788007415 -3.95854854583 -4.28200727816 -7.01326715841 3.95409413882 0.908261774535 -7.33816605511 -4.27594417782 18.8008600622 -9.12267707134 -2.84789533597 -12.4872955235 -33.7729017406 -13.9887510326 -5.89552917876 -4.36225898706 -30.3693135983 8.59117928018 -3.99663574188 -20.053340144 5.36044392746
POKE
18.2419214914 -2.05113029173 -22.3495893631 -24.1004628831 2.33864315011 3.33445537663 -9.52547542313 -3.17025263154 6.25599451467 -21.2143301137 -6.5712515153 11.4226148709 -10.827309207 15.2031046881 3.90053491858 -5.42874827267 -31.4541060274 -10.3492275223 -10.2432325428 -15.520302522 -21.4837010725 6.10201558326 -0.755585756965 4.64056195326 -2.36963187544 -11.284613494
POOL
16.3998172123 -17.5408255605 -22.4895577103 -6.68624504777 -0.0954245441288 3.26868284951 -17.9795778453 -11.4555496018 -1.555591207 10.9449391846 -0.346961223474 -12.4694014068 -6.9237693421 15.4373719408 -10.7186467471 -22.8974581428 -13.2849263545 -5.14531495567 0.34614927629 -13.109685355 -11.2225964154 1.40405207334 3.0171194092 7.17407304877 -11.7048437186 -13.2864990951
PULL
16.1104399343 -19.9456286276 -15.9590586135 -8.02012789555 -3.04077172919 -2.67230684389 -11.2616173283 2.58073509156 -1.35616824084 -1.60925103062 -4.72315578652 -8.82269060122 -5.17064048451 15.6284459567 -8.13682045227 -23.1819952694 -25.0385008452 -1.61413453285 11.2063398414 -12.9275053561 -6.62115884319 -5.66712863822 -9.8270152911 8.21636114824 -0.140676955797 -14.7838886609
RICE
18.8686890274 -15.3357650911 -13.7784794735 0.721137360945 -40.9118700811 -2.76545225552 -1.4077257804 -15.9929492841 -22.8093878814 -5.72321468152 -9.17932089694 2.34564516513 -3.44414913937 15.840441234 -21.5624561544 -1.09653144185 1.05533879605 -40.2450057654 -8.57762317028 -6.57224419237 -12.2877073295 -7.57830692361 -4.28581683943 1.80082124019 -0.790257537016 -7.79019764835
RIP
19.0588925299 0.0917217410227 -13.2117745607 -10.1851006885 -40.7863522949 -19.0746843852 13.0025574907 -3.14655408566 -27.8412419791 -1.63263947251 -6.80100106612 -5.52760989736 -7.23425544891 16.9750588887 -5.10440087485 -16.6194212549 -7.27617809484 -29.0135890394 -7.00596855187 11.9527974517 8.33551235655 -14.2626375291 -15.3044182971 0.471669957045 1.98651651698 -15.2918218774
SAIL
15.7563170226 -27.7592149089 -2.69853519549 -8.85809980024 -12.1166759592 -11.8006378645 -0.123036756479 7.74162506707 -2.67822099062 2.76922102508 5.54376362528 -7.85456935281 -9.78252933045 18.445565664 -4.7785309437 -8.68658565748 -12.6429419839 -39.4962711918 -1.51074870827 4.04441449615 -9.44500989965 -17.1099885311 -16.7101111804 -3.6870812656 -10.2590267479 1.65927612343
SELL
17.6716893018 3.41401911008 -6.42395804665 -20.1547467775 -30.7799884239 -7.94436491665 -0.979339345522 6.07321575993 -23.414152274 -26.0016711318 14.4215984608 -17.6000750715 -9.26488467983 18.6220342443 2.18534805699 -14.6309800455 -20.211134914 -11.384363582 9.27562873386 -11.1841328168 -2.8929526426 -22.5545863481 -30.4307563968 21.9279556002 -1.97424144315 -18.0437716191
SOUR
18.6106391687 -2.24751413786 -24.6100440572 -10.2911257679 -15.4559301616 -2.49976745396 -14.9646882297 -5.13225593274 -25.3662434753 -20.5844865023 6.20272274481 -5.7345354018 -20.3181667112 17.9904010533 5.43146233334 -25.7774736739 -24.7406455059 -8.98860878453 5.62550230032 -20.6957932994 -18.4705445792 -11.6674933026 -14.3263740794 -13.7044160341 2.83949534154 -19.0004157357
SOUTH
19.7092714935 -2.9331010858 -35.2508668284 -6.10943788919 -6.19412948968 2.55674206123 -14.3087786602 -8.67320104623 -4.57722406466 -18.3814521227 2.47033023394 7.1166581479 -24.2337354203 16.5951705517 0.468177031932 -23.5877653597 -22.3608688897 -7.90655431483 11.0918655595 -30.918164235 -11.2498606368 -4.36435691328 -20.7033167478 -12.5252412206 3.28777638704 -14.0245089804
TAPE
18.4901152859 -17.60342161 4.60795367099 -11.0570129252 -37.4630056395 8.31171404305 1.69952866556 -5.39526555596 2.33282607863 -7.90873064255 -3.43856983082 -5.32111421408 -6.88666360345 15.9251097087 -14.2074181958 14.918767398 -8.0933580691 -34.6328457644 -5.21710204425 -17.3963454663 -6.15928153743 9.28810946619 -9.32398600128 9.91711289734 -3.56320467002 -11.0423510585
TOOL
17.0038173835 11.1389274792 3.96759227142 -25.9622588755 -9.77744782999 -25.1191959925 -31.6290311433 -21.4262466952 10.1871781891 -8.51289383887 8.12612931561 -7.63486142734 -9.00373113438 17.1460158614 15.648780813 3.49051693623 -38.6648985066 -20.8855689858 -24.590864946 -5.55225764343 -29.0197665634 -1.50845488109 -11.8225413223 7.58271182061 3.84528363584 -8.12097505929
TOWN
18.5633579813 1.88869331939 -18.2841229705 -5.47121687006 -2.25719501754 -11.8978303895 -33.4629994825 13.2648421159 -23.6688972274 -17.2161595806 14.7559985741 -14.2338502236 -2.92420031077 17.0814548252 4.43351540983 -14.8706332599 -21.0037105536 -6.42226352525 1.92050500268 -45.5370514462 -0.747504709896 -15.2495731145 -11.8631651461 -0.224684688976 -17.4755454372 0.0031667039731
TUBE
17.6935640676 6.4999508756 2.19288726473 1.86653163287 -28.8044676583 -29.2445052228 -3.41506698012 -10.9355913781 2.873514543 -12.5717556201 6.8351720576 7.67729320413 -21.4082970718 16.6747407284 13.7825419442 0.166872033777 -19.9730335555 -10.0383007802 -32.9609297675 -26.4544213448 -11.6385676647 15.6450536705 -8.94473473186 -6.81046280067 1.52434909659 -19.494788448
VOICE
18.5296562936 15.8862200885 -8.27209852433 -48.4491298503 -25.337487839 4.24553737097 -7.47068822437 -16.6079892445 -4.77556909373 -12.8172338449 5.25183731058 -11.850369275 -21.097346447 17.3960788103 -5.94162499695 -4.3758688199 -5.82432796294 -38.8993440343 -17.3757573394 -2.15358331869 -17.1296179286 -1.74963591378 -21.748445071 -8.19406150071 -9.89599300264 -17.9166853316
VOID
18.5114367564 13.7988444876 -12.3960564904 -40.2856871717 -8.97062422345 0.878126493613 -0.0478112285805 -10.6017595141 -1.87834304118 0.856957012857 -5.46376972235 -3.14036411413 -14.9556216375 17.7041875946 -7.62175684332 -10.4040311459 -9.75614491958 -35.2437378527 -17.7406454713 -5.84517346195 -6.07379239474 0.111842399297 -10.5757029441 -6.90277281521 -4.12625807653 -12.925023155
WALK
19.1840336708 2.52168939325 -22.8773426673 -36.4144871289 -0.876541274275 19.2075445508 -14.0594055065 -22.7147977248 -4.31642992929 -8.68238353367 2.30847138323 -2.78448792508 -9.12700011584 17.0683870185 -2.60134069309 -26.2113154973 -34.1063544411 -0.204065117202 3.766902831 -23.5711405577 -32.5859488356 -0.631836189445 -8.54764423989 -13.3109631332 4.64049375232 -3.59873806609
WALL
18.5381929992 9.22247256665 -16.1098496061 -40.6213058983 -5.84030767612 15.7136301794 -30.3653540823 -13.9517838157 -13.6393131005 -9.81301939156 -4.15111700863 -3.98003178283 -13.7522615026 17.3501065869 13.2992641534 -13.3081987483 -37.4930856299 -4.36301361957 20.3128829331 -28.1832645956 -8.67421650336 -21.9731176455 -6.39999122821 -3.45052615871 -3.7264122208 -10.9061030556
WET
19.9545314138 -6.92769927552 -22.3366487243 -7.3680642174 -21.6478713361 0.407290215116 -0.772314940916 -10.1433607288 -26.8707818927 -12.0251424526 11.116274401 -5.41298987551 -13.1412928473 19.294261293 -9.63765167751 -19.2288657582 -7.39916069554 -24.3923842296 3.32849773561 3.24008732485 -12.4776988994 -27.5891831189 -13.031103388 9.96684563287 -7.32252680216 -6.93613979885
WOOL
18.7325737109 12.353626203 -5.399723391 -52.7118984008 -4.94782821978 7.40591386946 -6.18657897207 -9.43370052877 0.296456489102 2.36121108112 7.93146780762 -20.7154105192 -12.1967280447 19.0100134064 7.04972355523 -12.4752691355 -55.2269135799 -4.67044726018 5.96021737643 -12.3371102235 -17.699104243 -6.92755883008 0.499802695538 7.09024607898 -21.8434132083 -13.7164902435
WRONG
18.7867235716 8.41602313375 -32.7691475673 -26.8450177196 -7.36174039782 -5.16562008507 -19.1102939496 -9.22124023796 -17.8896436302 1.23605503431 -2.28176894242 -20.151896545 4.02552201446 17.3923880032 3.19373331975 -22.4451808207 -25.6983377394 -3.5170154904 16.8295011068 -39.320697411 -12.915610759 -8.67026971584 2.47215221186 0.80296828232 -21.9403512599 2.72837055673
