HAD
19.631732166 -16.0837892641 -29.5508673729 -7.09201302337 -20.2431241565 4.29007409088 15.9962934333 -11.677341522 -23.6463114406 2.036112329 9.38029219966 8.42200771431 -12.1953604166 17.5569581741 -10.9687555303 -29.8805114771 -11.9127866762 -21.3032943852 -2.69599716159 7.78042496968 -7.47064706252 -21.4209965715 -13.9725397781 11.2532748996 5.53002317156 -15.9468184401
HAYED
19.6529643393 -19.2748573788 5.8634128011 -13.9803707988 -50.9323514649 -8.08024170372 12.7274209689 -6.95447596506 14.656716371 -5.78177579341 -18.5676922108 2.21235596471 -3.99378600663 17.5502657116 -15.7257187532 15.4843083264 -7.22809504995 -53.1500658607 -16.7391921843 -3.90351678441 -19.5583793923 12.7273888088 8.93403950339 -8.20807746095 17.3176046524 -11.7616975754
HEAD
19.8113553853 -18.0644191398 -23.3610159613 -10.1603349215 -23.9482709602 6.69658390796 24.0064062561 -11.9939539684 -22.8010863935 -8.50888906121 17.2429218981 -3.81973697509 -4.21500363266 18.6749947598 -14.5442009976 -18.2798728589 -13.1749451331 -27.146474974 -4.45884172035 24.4230747985 3.29953081298 -11.8649751729 -16.5015483499 15.8965579786 -7.61565840647 -0.685685778148
HEED
19.7771355966 -22.1400110836 32.5237072087 -12.7605123858 -38.8970572923 -13.4782521621 -19.9775395121 -12.4074130889 7.67306201164 0.787710788033 -12.5927705696 7.17822262203 -19.1322432084 18.2062021735 -14.5471608333 23.642694201 -5.36928898904 -44.2678927246 -21.5307397755 -17.7540001982 -22.8983212394 4.94775822381 12.1612419852 -4.02262079064 12.8855223545 -10.0384619254
HID
19.4249017945 -16.9911896519 -0.73467461516 -13.3185820233 -44.4054426526 -9.43089065808 21.6124291846 3.24677053103 3.75175934182 -2.58913653435 -14.8204731393 -6.96211170972 -0.438442589367 17.3649319844 -12.9918229002 -7.42174093387 -13.6158576623 -40.3238569065 -22.0383735699 20.1126759898 8.05559007438 -2.41553789439 -2.42634557786 -3.84078494297 -11.728009814 -14.4524008702
HOD
19.2691712632 -10.1674660316 -37.6886210087 -32.1296134073 -0.126785323055 17.4916117128 -8.54078437062 -17.8481633879 -2.74865227659 9.0818121905 -25.951481225 25.3307727009 -8.988140975 19.0486822806 -8.42848067006 -33.0282746724 -19.0083756566 1.90522773955 11.6127876977 0.679037544044 -4.33816295036 -7.67281137363 -1.41732147664 -12.8609691487 37.361643015 -18.4518691494
HOED
18.8562083299 -7.70095614103 -25.1766628098 -20.7492475488 -14.9103545773 -3.57877744423 -7.08852116794 10.3362050457 8.46786042388 -15.9340719447 -23.0843024272 24.6986527416 -14.147768622 17.1653388892 -0.715013284019 -11.7600690165 -27.3024056753 -16.7303344226 -11.4731764773 -5.43670515463 2.11688251498 20.6380202627 15.3970449897 -29.7194774883 6.59613790415 -8.20153208322
HOOD
17.565727339 -9.66387858812 -16.5726659011 -14.3771160212 -31.783810319 -24.652050665 21.2780889826 9.24672593364 -0.0726387729337 -9.48916104738 -2.40166190665 -4.9749236087 -18.1389942548 16.9141356328 -5.76134865866 -12.0382301802 -7.2969343202 -39.6309578163 -32.6060348468 10.467376945 12.839081746 1.24852576425 -1.6979503712 1.28802939922 -11.8732127599 -18.469805291
HUD
19.5629383711 -13.0320114184 -27.2371496992 -17.0369897098 -4.85348239924 3.17441148832 0.821704843102 9.66786424668 -12.3748437983 -24.8569698807 5.90945578433 24.7404401221 -21.8617104738 18.0730736171 -8.77508175995 -19.7056430116 -15.4103189416 -22.073778403 -11.9275820532 14.4320414651 11.11773391 -8.55384854166 -23.9353791477 13.0814550288 3.94083797453 -15.8842379858
WHO'D
19.0264785942 -14.0503826435 0.382145168465 -9.03120345023 -24.8923032852 -38.0162982218 -1.24793053176 2.22136734779 -3.13355131982 9.71363551871 -5.8930819278 21.8154958639 -15.779596739 17.7689042047 -6.48290187286 1.05979389688 0.0590944433764 -19.2129472871 -40.5205359576 0.273398055985 0.215246127518 -2.50176159483 10.3306687082 -0.591776253626 23.9840311455 -7.99320284081
