HAD
18.9514171044 -9.32072119593 -26.4284008274 -1.66461145239 -35.4818524255 19.3139512815 1.01711279696 -9.88229180053 -25.5636648302 -1.1743668536 -4.24863747282 -2.41343137633 -2.62456322015 18.8786443999 -4.6283826311 -33.1941655926 -4.82962928003 -34.2675231745 15.6524049077 -2.83603363053 5.3639405892 -28.4707473364 -12.0008696743 9.63431590096 -1.83613903388 -9.14500527421
HAYED
19.9347460434 -15.1623129879 -1.53237741044 -1.59283111113 -62.2720680655 11.8684942027 -14.7709078569 -3.19642512115 3.84153721471 -5.79071752465 -11.3093255675 1.97070647199 -11.2572425824 19.6000080653 -12.772293747 4.4378082907 1.65834378232 -64.3594366613 11.4707649589 -20.0965623399 -4.21656694725 6.1701931787 0.462933993568 -9.48088418017 5.97393288093 -14.1415426903
HEAD
19.7395414327 -10.2367540106 -29.3605871683 -6.91010818247 -34.5061882749 15.4870806092 0.585511080231 5.88749303535 -35.6894711142 -6.35534780565 5.0965290085 -8.41971102138 -9.65303195761 18.7985764641 -9.16509371426 -20.3607313717 -4.40944002758 -37.8094340763 6.84809220217 -2.68123380661 15.7139201941 -27.9610122186 -5.37232204042 -0.271394536864 -10.8004653955 -7.01908442087
HEED
18.531227907 -8.15618683027 23.3589365876 0.701421739844 -53.9082943829 8.42260771672 -39.8893740646 -2.75772185658 0.827749774442 -8.165367313 -10.7163184395 -0.272369510811 -27.200725224 18.7788572673 -11.8188656423 17.3738067973 4.25258700678 -54.4229728021 4.27512441816 -30.5250237363 -8.02897868333 1.4903222448 -4.21755056264 -11.5259313816 1.60213650345 -28.2255619314
HID
19.9858617162 -10.9908417123 -8.45173248667 2.05114968485 -56.221939509 3.5276163453 0.721324182423 3.31015068361 -4.25218598551 -0.188042111227 -11.25497764 -8.26456351028 -4.57991606095 18.4395260141 -7.12626104951 -5.55918554095 6.04683615528 -45.5800924708 -8.20200533591 -3.4985892542 3.0191163149 -11.8384960717 -4.2108907857 -3.13660446044 -7.19967742258 -11.2646387757
HOD
19.0571953628 -3.22761266053 -45.7890445795 -6.04468696083 -7.01495775635 19.2771636593 -25.2391030596 -5.1067004678 -2.10069632988 -21.7084195255 -3.22296332814 7.87772146601 -14.0222920131 19.4519954707 -9.34651506454 -37.3795001119 -1.31957588221 -18.8071374312 22.0734332245 -18.5381776849 16.4183317322 -20.4503883437 -20.4363420256 8.06748927389 8.26202980379 -13.2377582451
HOED
19.1149149082 2.69996588808 -28.3753685965 -24.6412608698 -21.5830073439 21.5771619857 -25.3888545475 8.53831858702 11.8114244791 -9.71385455906 -31.0438219819 1.20688793598 2.25502670591 18.2330100596 1.46663156391 -23.7800574039 -22.7456482212 -23.3498649079 11.5191193171 -28.7946203711 5.23005059674 11.1295818343 -1.04525458189 -30.1965397444 8.09451365358 -4.84703099626
HOOD
19.266088407 -0.0114422984923 -26.6121243034 -13.8178881019 -24.727547741 5.96859704427 -19.3204514888 27.409662444 0.0531108259783 -18.0421649392 -24.6762020972 11.3279124231 -10.7807082968 19.0148918672 -8.35726273065 -13.611320052 -10.179105915 -33.0418149135 -2.81105903177 -8.41094096778 26.1553487438 -9.75209161162 -11.5747423871 -10.5582892246 3.16324219744 -16.0711963793
HUD
15.7974319298 -12.205116869 -24.8690746496 -18.0612452578 -0.258157547603 15.2168268457 -19.9846165069 3.88861812406 -4.08405618919 -16.3931659395 -3.73960121108 8.57903476535 -3.50487880093 19.2977983986 -5.84872677422 -28.0216625208 -11.4866801138 -27.4811085198 13.8700859547 -14.7558144149 24.6108242766 -18.0214603313 -17.3828338885 -1.07091864644 3.50330993273 -15.2761307604
WHO'D
17.6850358781 7.43861788784 -5.47340371524 -12.0870911799 -22.5898876817 -12.0763958744 -43.5463022869 -1.13553129533 21.0035290887 3.24302372071 -17.0078337014 1.94988469598 -18.3258088779 17.3648658127 1.37153568501 -4.42552950928 -9.60045737418 -23.9202532007 -15.3686196922 -42.7459863997 1.07145662868 13.780364316 -0.336142712218 -17.0179652124 6.06006528255 -22.8213380697
