HAD
18.601687635 1.81472388113 -28.799643403 1.4907693979 -39.3627764248 -12.5477009847 3.7806666774 19.3196140178 -12.3073394919 -8.13061614142 -14.8385268166 4.31542395667 -17.2062426588 18.1180795136 0.346431599303 -24.5652663049 2.65746599213 -38.2353362735 -14.3070335255 -8.91274572907 18.7925423858 -7.28915925227 -5.05231397765 -21.3411440883 16.8983512474 -23.3761006124
HAYED
17.8016867934 -2.36955582335 -6.64304877389 12.7978247018 -51.52645808 -22.3722790628 -9.59393065387 8.9194505734 -15.5046981583 21.6535978957 -0.433558427453 1.54383664718 -17.0991940457 17.9766827475 -8.51933526537 0.779184245735 18.7233410084 -52.8214046709 -23.9633784227 -20.5616076099 6.8210080766 -25.4672929898 23.0619801731 -6.52094946976 7.44629020896 -12.0698038952
HEAD
16.7221102137 -1.83812815416 -17.4048474776 -1.59624966142 -26.6030821887 -21.052663274 0.931336570814 15.6990911269 -12.8463605692 -0.514650852913 -15.3702393298 12.6228288094 -22.4183254937 18.4679764822 1.50920057431 -18.6527812232 4.12131264554 -37.2781515918 -20.8038607902 -14.8553853928 13.9838680786 -2.09898873447 -1.11762682197 -17.5160633006 15.560429051 -27.0798836763
HEED
19.4384649493 -14.0913907532 14.4031939686 27.4956949653 -56.7662972915 -1.49144740108 -37.7523438195 -7.62337642595 -32.5392935692 9.25574456565 -7.28445451289 -7.1537436115 7.58298867637 17.5632692834 -3.27178216989 13.7981996928 15.3755522453 -46.5503207652 -12.7102047238 -24.2353877599 -19.1340154216 -20.1253295209 11.5444569168 -9.03016636064 1.3521461064 0.879681374951
HID
13.7169816144 -14.6083213374 -4.95362206063 7.33722211131 -35.503429379 -22.1027157592 -4.43735283608 5.07138655225 -13.4703186616 1.46291011966 0.749669788513 11.3368984853 -13.4288093587 18.4377694592 -0.516442394552 -11.5872068707 14.2299299396 -47.5251175146 -27.5331089634 -23.552642112 16.0894924585 1.16771286297 6.67402916712 6.9812825199 12.7754464985 -23.6786288901
HOD
18.6174540908 6.05100601463 -34.0869012157 -21.7668468891 -18.7940417665 15.8133317388 -13.3305200744 -9.42488043585 1.41261821347 0.431867661569 -32.8630633877 10.4589003241 4.07330816482 18.8864447283 3.3800342349 -32.6728975381 -16.6992132958 -27.2764296978 9.07483856883 -16.1689855169 -4.32460866245 7.49821468672 -2.80583712269 -38.2443565058 18.2987745427 -3.27231448673
HOED
17.0109726971 1.871596271 -23.6810618535 -8.81721651817 -26.7930296536 2.62825186848 -26.8490147343 3.05166457658 -0.0791878722417 21.8373756021 -20.0963873753 -13.4124742225 7.9631159974 17.5810225898 7.29456460719 -19.9722124002 -1.45197181149 -35.2209176229 -8.45732935144 -33.3511385343 -10.9210422151 1.18817696642 21.6231081287 -2.96051924633 -16.6726885729 7.75987118829
HOOD
18.0913503028 9.30544093515 -22.1014766203 -5.68185086627 -23.2196953171 -21.3190445252 -25.4949058918 4.50854161968 6.85846190693 21.0199464984 -23.904454831 -3.63410595575 5.09765418921 18.3211183582 0.512354390476 -15.4429046528 9.53383606644 -37.3284325731 -16.5475386271 -36.1760364192 15.8486364985 -5.27778123196 10.0323184491 -12.3450834886 10.5472110606 -2.89936517943
HUD
18.4471564654 1.22353731401 -26.0124333202 -16.1615808025 -35.2846243284 1.9189072647 -30.4373558095 23.5219047119 9.66259113418 -5.98229840608 -32.9636307127 -3.49130840016 6.81437234921 18.8157931385 -0.759164452962 -19.6326062275 -1.65728115845 -38.0366854973 -9.1072532546 -30.4885427251 30.1122607089 11.8351054689 0.840929071928 -25.8050927415 13.0773569172 -9.60873343836
WHO'D
17.9444000107 2.27008891729 -13.0688091479 15.0296089908 -28.6484544034 -16.2646497782 -50.2271964889 2.04353126772 -19.7330238925 12.8013369686 -9.28246987318 -8.63593826767 22.5611601767 17.1576223424 8.78736047317 -11.0071933457 15.0705161895 -24.4856871929 -26.1494950202 -37.8640222219 -12.1785480305 -12.8629268569 -0.510519730434 -4.74458106381 -2.18540219377 13.1383250356
