BEAN
18.5591894615 -11.6176137675 27.4971663205 -6.99912796866 -46.9947230324 5.95907388449 -40.2240498805 5.37450336404 -3.12383107394 -13.9234534522 -7.57241666562 -8.47513946022 -19.0015704783 19.5791336697 -12.9128686396 24.0430067039 -14.6795001341 -53.5696660215 8.15192185554 -43.364070668 10.7979939647 -4.4282479445 -6.84122672485 -7.07964920905 -9.29223061454 -17.1548216757
BITE
19.5586175893 -6.37855991039 -27.8517537581 -17.446134265 -20.6934082623 20.2322939343 -30.7593189516 36.6381908809 -13.628235209 -16.9701407318 -9.04288850788 1.359741816 -4.03345991321 19.3640571962 -10.2795025932 -11.7328907068 -3.35758741027 -46.1921446183 4.48315202207 -1.27028638432 18.5085473128 -12.3819402875 -1.25988298866 -11.1547418309 -7.92969270804 -7.88451515889
BOAT
19.2393873593 0.615210799026 -17.6318979132 -33.1839432066 -23.8534061172 32.3938059666 -27.6192920996 10.5439936767 6.90342249153 3.94241095904 -17.9895273721 -13.0485657569 -6.32988798488 15.6751041018 5.20870915469 -7.51927161671 -32.8066816273 -26.3865669144 16.7012489597 -14.4766352456 -2.4772056443 3.72090083897 11.5114756207 7.0696062338 -3.95327941083 -18.507564975
BOIL
16.8450423955 9.98672090984 -9.10306549211 -33.861602217 -41.8095107805 34.5687635343 -16.9166863696 9.27625759388 -10.0249362528 -14.5746603333 1.61361330369 -6.74190352728 -6.06324865978 18.9776934262 -7.11012751539 -24.6592438108 -20.2059750812 -24.0516140356 25.4968741279 -30.3579440334 26.0174650629 -1.02681573277 -12.5348957706 -18.872187614 -0.27391979063 -8.49311204329
BULL
17.8531372715 3.48980285313 -7.45492260413 -43.6320036756 -36.2635226312 29.344801928 -23.6771013523 12.698648855 -18.1557788826 -0.604322282343 -0.467615664302 -9.63026363139 -4.63809439028 18.5101870622 1.96345291784 -6.46593605559 -40.8467762489 -26.5258410461 31.3896125434 -25.0095328297 23.3659804407 -12.2277598511 6.48972576786 -15.9666585168 -15.8793082778 -2.30735204303
CAB
18.2984788964 -17.9145901914 -13.4704596407 -8.91117016927 -40.9047160922 20.2580450982 1.00334565774 -4.97098452251 -15.8800025077 -0.972557571584 -7.16444987131 4.2350276474 -5.98181162498 19.5757616753 -9.98277746738 -36.4314110223 -0.474694850569 -20.5758966175 17.1775507365 -11.7939067354 -3.4151777854 -20.6108640546 -4.29012865135 3.74936182295 16.0447489303 -15.0336604735
CALM
19.1120817679 2.19292031363 -23.7469472385 -40.2688177959 -1.3281014817 33.9318473965 -30.2281814479 6.54621277637 -26.3180551033 19.2580586794 -10.7343432201 -13.7830838816 2.1537027384 18.9171928471 5.95306165662 -25.1441024396 -38.009219263 -0.624357145291 31.0999041574 -25.5792395431 4.96666082515 -22.4187139992 11.6904281116 -7.86766708571 -13.3377135605 -4.1292209426
CAUGHT
17.5408474957 -10.8397362473 -31.867405144 -16.7476828753 -0.516034856459 23.1572791046 -25.754760832 5.82062718739 -3.12759792642 -13.4526208886 -2.70260153101 12.3601947348 -6.09077588424 19.7579058791 -9.03861707295 -37.6501510188 -10.5077541245 -9.68557359938 26.2367958639 -28.4201401718 9.49329173766 -4.820824684 -15.6119848047 -6.02329271487 17.9159129605 -15.7304509818
COAL
16.3611758146 -2.29448531165 -18.2721877502 -36.2330285363 -16.3073301252 26.6574352487 -15.7513045116 0.825944361029 -3.86238554767 4.92022168744 -2.77774672777 -2.00756598513 -7.70945063175 16.9456354208 -0.59317730181 -15.1499471997 -40.8618566905 -11.2440310935 32.1406983967 -18.6546926854 2.70393275729 -22.044497289 7.13557533464 -2.61281913521 -6.13482491171 -8.76326538963
CODE
17.8248222825 -0.604743278966 -27.9843523783 -16.3913927498 -15.446688962 15.5076512885 -21.8330041058 8.6946697652 3.99824468099 -13.0246137201 -15.0388248263 8.35429289928 -3.48235210916 17.8519946743 4.96817599328 -18.876907212 -17.5311015981 -25.0058183666 12.7889060962 -33.068319886 1.72075944516 11.387409027 2.73236280213 -19.1904263948 1.09213709176 -11.2024947126
COIN
19.1764376149 2.66667141785 -16.3789741602 -38.1374463755 -12.0286467018 33.4502739567 -31.9366712529 8.4627808108 -20.9663565185 3.69413555952 1.46551653744 -14.0070963825 -0.541592814485 19.4321164071 -14.2624751566 -13.7381180728 -6.84911035024 -37.1984078777 12.036455348 -25.4177356771 11.1447103207 -16.9232206501 -0.610635990691 -10.984309637 -10.8345522281 -6.02720843109
CON
19.1882425698 -6.2246332664 -27.195880564 -12.3066732699 -0.823576994292 10.7815360207 -49.3482183698 33.2805675074 -6.90649071285 -14.5985361024 -10.2388031961 -13.5237071532 -0.40440026469 20.0531191181 -14.662548993 -26.7715322225 -5.61507347774 -10.563573384 5.22592016193 -33.1982955424 31.8288198743 -18.0658046286 -10.2390311598 -8.9179508949 -11.930097133 -10.7344531285
COOL
16.8665674875 20.1870865703 -7.98344601453 -34.3896580628 -35.7701106354 4.61685416006 -10.5872221489 -9.21311672648 2.90221507406 5.62287148801 4.22843942178 2.70931266062 -17.3083086239 18.143234525 18.8606865114 -9.22491065457 -29.6574799287 -35.3671737531 18.8856185583 -17.1917602595 -6.05606191138 3.22992743238 12.6461758556 7.61202646713 3.53769818688 -28.4281891896
COT
14.9820387922 -17.0792949241 -21.972708905 -5.66607190984 -8.27220535678 4.99191146565 -5.17671049344 7.37121471177 -10.2345856223 -10.8356185074 3.55892457885 1.88209719445 -8.36022465104 19.8735448125 -11.3149389287 -39.7433071604 -3.71379552178 -12.5674354009 24.5685849673 -21.9995300863 7.80424494367 -8.84983054052 -14.1454320672 2.74911670034 16.0221039891 -20.0930802347
COUGH
15.692786418 -10.8188497504 -30.2777934385 -16.7814233233 -5.41966803318 13.7944693741 -19.0177645242 13.0460417428 5.32201848386 -15.8963979168 -2.49540172112 7.85420209922 -6.60005019441 19.6746431546 -6.57010459643 -38.6546668302 -13.6148795442 -8.73671166983 37.7813683765 -35.3313074765 7.08623259346 -5.12293845078 -10.8553401202 -5.82342895052 9.22416678786 -5.07567814269
DEATH
19.2712126783 -10.2326626592 -16.9331667545 -8.13610612791 -42.5445663381 7.5168850665 2.14418824608 17.4827424069 -26.2381201618 1.78055690336 -10.0612873436 -11.5762137341 0.79226798638 19.8035231088 -10.3846500407 -30.9990390592 -8.04644818744 -28.2072652323 15.4820841878 -0.470936703167 10.5236681305 -37.2887797772 -2.95022797605 7.26736909531 -6.88487863501 -13.2279479
DIG
19.7142698934 -14.075352512 0.428284001608 -1.0743358732 -56.543126554 0.440423054534 -6.39534544729 5.93545125158 -6.55952806543 13.4942673822 -10.4482533397 -5.38889378953 -4.76237072491 19.4619883847 -14.9772751801 1.08663147923 2.40853434019 -58.6055022344 2.48606103504 -9.55913303641 -3.24717084162 -0.344909565101 11.2000940502 -15.8454397425 1.51891729313 -14.5996026185
DIME
19.3671490316 -12.7394376561 -27.8494066772 -11.0881381458 -17.7738610393 5.65242612545 -22.4024761564 27.4811857786 -21.5380145996 -16.0076444813 -0.917630266 -8.46518079848 -9.50081168421 18.7266885638 -11.8916353663 -18.9594616213 -1.40748252798 -27.7296919178 -2.27444691991 -17.249681239 17.4744659199 -17.7630819842 -9.14223333788 -7.2975846139 -19.8484119816 -5.11993894034
DOCK
17.2734235285 -14.5956042714 -18.7146017313 -10.2025597719 -16.087468689 7.34158882638 -6.37813938061 16.0568306806 -20.1488510613 -8.00124844209 3.31846121016 -1.81042419659 -3.75054395848 18.3650525511 -8.82301451184 -33.9430047848 -4.49741403523 -13.557759861 18.7914938794 -24.7311600469 9.75326144171 -11.4372810173 -20.7158949421 0.963539544731 5.52290659082 -15.3291964606
DOLL
18.8519532532 1.02474429567 -36.4561422897 -16.9555304803 -13.9695210689 27.1194086292 -30.0394369041 14.3339973533 -1.92314769547 -18.712151218 -6.92033428187 0.192666365639 -1.52284885023 18.8675319054 6.34931706236 -36.7588600369 -25.718698867 -1.74228730775 27.4175758448 -26.7071364748 0.192949538132 2.53356773967 -10.3066681895 -10.4582431977 -1.66304866495 3.95628118993
DOUBT
19.7352610673 -16.9750661259 -21.9325163804 -1.62074187638 -33.5380299149 16.3790928405 1.02646046407 9.79974781166 -24.2429215474 -1.19870471296 -4.26748106195 -3.42698823435 -7.35831587462 18.2719102817 -1.88492498206 -29.0666423771 -24.4339375088 -19.7957051513 27.125703762 -21.8182014773 10.1953697245 -0.148436824237 -6.65105169766 -15.7972399692 -0.751415069515 -6.53957927903
DULL
19.1241329031 -8.83510573152 -23.5205524832 -25.1876824585 -13.3458404204 26.9611441937 -31.8615157105 24.9641919808 -12.2830202866 -10.2238194114 -13.2274968819 1.13882566732 -0.392416973651 14.9565776587 1.44599364452 -14.527560802 -35.601515792 -2.8505684955 22.9631461206 -21.7119114845 0.268987633855 -15.5043072808 5.82025151632 -14.534470583 -11.380587896 -8.18682736737
FADE
19.9276417696 -17.6484834096 -0.275536019173 -4.36146124753 -57.1547742214 6.44345104605 -11.3330078396 5.04894231405 -2.93055199301 5.09730837623 -20.210425048 -0.513881832997 -10.0095739109 19.606889506 -14.4789139953 10.4590681201 -1.98713789854 -60.5886915581 5.67175545237 -26.2049300391 0.811085536341 9.23147503668 6.4280353412 -10.9205889653 6.20644555431 -21.8424546849
FAIL
18.9102026672 -13.0535337114 -8.18829384473 -5.01294067534 -49.1174181129 4.12049077392 -1.20822406405 6.39554723131 -13.2803085532 2.24258936388 -21.7202921597 -10.4537315674 2.07437130154 19.7230899245 -15.967154122 -15.4514731458 -7.29189326908 -35.8739873593 4.48189400956 -6.07282910284 27.2454858235 -22.8374490295 -2.83821606676 -14.2602986818 -9.32786840357 -7.26257320305
FEED
19.4369539671 -15.5753877602 21.9924020883 1.97180974415 -53.309388953 4.18648935348 -40.5323660472 -6.28840397581 0.643984048167 -2.08074097392 -7.1377054651 5.80391178692 -19.6429711355 19.0507654485 -12.4338501659 21.5898739943 2.03525404137 -54.1176095113 2.3008833296 -36.6714202318 -4.0180474217 2.57677639394 3.74024181966 -4.48663633375 5.93775139452 -21.3964106913
FELL
19.2513782444 -13.8010623182 -26.1159376317 -12.342629866 -24.0845543962 8.63836264947 -5.16773623358 19.3399939835 -25.6411116128 -16.8154599538 2.35459984051 8.00263563557 -17.2186011513 19.5289826706 -8.68652277705 -35.6868260398 -13.8417126945 -6.53715570266 22.8448333064 -25.5563985181 15.7259611475 -19.3879840121 -13.3577142189 -2.158695007 9.76442607768 -19.3170445363
FIRE
19.1804526404 -14.1133380656 -32.4633154588 -6.55462891948 -19.0281257874 23.3731599311 -14.9961428185 10.2238381584 -21.5867157038 -8.25451244558 -0.0311768533557 9.12999778953 -19.1671132992 14.9261277238 -13.2446335617 -20.4738407184 -1.05536103614 -28.3799156099 -10.0256231075 13.6921798184 -3.2800573182 -15.303182085 1.88469518207 -11.2036578493 2.72808710924 -8.85764246049
FOOL
17.1482326436 16.2284672709 -8.72243157273 -33.0061566442 -29.6340562678 4.41780991065 -17.7259661933 -19.2369021411 -10.9577543213 0.575344769714 8.14229257454 -2.88235332758 -23.6836497304 18.0383360426 13.9306566153 -6.72478586167 -32.5974591436 -34.2724494779 8.05768108196 -15.9241755068 -12.9102942484 -5.80956006604 0.393545183075 16.9854467362 3.45245708156 -24.8674724694
FOUL
19.2946628869 -9.5615143406 -37.2296587528 -1.90764934423 -19.0946708183 18.6739732957 -12.2424040095 2.42413636094 -16.572099253 -12.1489941112 -0.70919674138 15.3567140285 -13.378942168 15.8447916195 0.550198616024 -21.4530886384 -31.542359871 -7.28372286273 32.0586252283 -30.1886595996 7.47899638127 -10.0615013374 -1.2905125505 -12.5570524779 -3.89333551685 1.99891289308
FULL
18.0338808711 3.33839166779 -13.4081219269 -48.4863467408 -30.7099422512 30.4349948168 -27.751923822 4.15012316599 -11.568392853 3.24731676195 -10.6130099908 -12.3319042287 -8.80022958183 19.3797498546 0.661643442875 -14.2200252748 -44.6815872061 -16.4615843125 39.2885638306 -24.0986756776 7.72933801696 -14.7922046725 8.26016825617 -5.17231816212 -9.18761987254 -9.35918393426
GAP
19.3399165424 -12.2139211751 -17.8152091565 -4.52840243191 -50.0232923911 17.8049656378 0.230982006623 4.81935904188 -14.0429155441 -1.95683546947 -19.0510529581 -1.17991495342 -8.80487045258 19.3252072085 -10.8606283726 -32.3119139289 -8.60308285551 -18.2808501556 16.931395464 -6.86121367568 10.9008984003 -23.3888091815 -11.0791904017 5.50473886387 13.170939403 -14.1263496401
GUIDE
19.4935153261 -14.3647207707 -33.7239761966 -0.404548665751 -24.743263702 17.6938624536 -11.4656702636 13.9025076574 -23.7812180739 -14.2031692863 1.09128064998 1.94222059806 -17.7879451576 19.8570493737 -16.9130836413 -24.6719520281 -0.293445077322 -36.0775578977 18.8447897793 -3.46468648093 12.6232104084 -24.1524093626 -1.29811868475 -9.44189502804 -3.47326134106 -10.2048885963
HEAD
19.8705631616 -15.6574542973 -22.6988671675 -3.42535644892 -35.7582945057 13.8710625865 5.18456108508 9.34954432558 -27.1964329552 2.46158768259 -6.50416136525 -5.20716338572 -4.60120214151 20.2701276018 -17.7475543929 -22.6130626261 -7.0479448819 -38.704289528 10.456996029 4.1557607335 12.9881589048 -27.631756398 0.598418306302 -10.3489676834 -9.7541565997 -5.9692466724
HEAL
18.3644137975 -12.4537687884 16.777958927 -5.96801224911 -59.3569094158 3.72924111687 -37.7888408068 0.0737203890923 5.7677948231 -0.692476036886 -6.35662212981 0.567453948317 -28.4081185817 19.4250648 -15.0260742049 -2.151352135 -2.53684469762 -51.7741255029 0.0338099794315 -5.15568640869 12.6708241644 -4.1307862225 2.47514716053 -12.987739334 -2.27681051679 -15.2130038427
HILL
14.4648462659 -20.6392586295 -14.5718824887 -7.51566217 -32.5924838573 14.8239250767 7.71380894869 2.32968188056 -11.4700493006 0.892824216304 -4.0936560596 -8.3562840251 -1.12567995219 18.3204418451 -3.80164840982 -21.0121281182 -8.41415441925 -32.973283442 4.90794074595 1.21233378481 19.5184858453 -18.6166180786 -15.1893926516 -7.03671466035 -6.12186891713 -7.60652740974
HOME
17.9847006294 11.4153754262 -8.29382143087 -38.413827562 -21.7483325162 19.0527189245 -23.5961751586 7.65138068717 -21.8910616641 -0.574020974933 0.418479040901 -5.92319999517 -7.82865730922 17.1295921671 7.92361389371 2.35454187873 -28.1832623648 -14.6123656645 5.34372207327 -23.4110649917 -4.62112168121 -23.7198381169 -11.2070811545 -3.98624582585 6.13345727986 -4.72460207474
KEEP
20.2087363918 -16.8617852433 23.7143972538 -5.32587414721 -47.6576952385 6.86619938727 -39.7847844861 4.47438359827 -6.37735356263 -1.12190559968 -7.06667923219 2.56564482129 -16.6334165532 17.5690079345 -14.8875314903 13.6254776093 -0.572887468902 -41.6673557665 -0.23700230775 -28.0048950371 -6.65145867261 -1.14789688364 -1.61242924438 -12.1491351278 -1.54486161987 -17.4608022207
LIT
19.9156430747 -12.4037199269 -13.1511751344 -2.56660091398 -45.170996357 0.200731406774 -11.8499328006 36.8515715435 -24.8266924352 -3.24501715485 -16.0935280948 -12.3580532868 -10.3605361105 19.1322295984 -11.3817875484 -10.1204924845 -5.57131999323 -50.0216021575 8.93720581695 -1.74919926154 23.4388024949 -22.2874457268 3.40195793465 -8.45143086415 -6.31842196959 -1.76921798995
LOUD
19.8565929342 -18.3665142823 -33.2202768403 -0.686916038972 -24.322482116 24.3222100244 -8.5857505592 8.9221331418 -37.6876234097 -0.26799873094 7.00014272929 1.87054044194 -9.56906875004 18.7931095722 -11.154863594 -28.7216284018 -12.8899034425 -18.2967495222 17.462166897 -20.5570203683 22.7150901455 -9.0584664692 -20.4782892502 -6.33825870923 14.4171231774 -12.4838139718
LOVE
19.3671801373 -3.20219489903 -27.4358734435 -30.2584291817 -2.46874446358 31.1093652194 -36.7953766579 17.8798334699 -12.8182386608 -2.68482916109 -19.1129161778 3.62379991384 0.706452541148 18.040815422 -1.92260482141 -20.7279488062 -27.3773642735 -12.6088062246 22.3258113974 -34.9858325506 17.0393386908 -9.02013035391 -7.14301210553 -15.4929142774 -3.59540979595 0.480865502663
LUCK
19.7820864891 -1.48024894784 -19.760208257 -31.9240041185 -11.8244490874 26.9853144605 -39.116870657 18.5516651778 -3.8701250211 -5.53495803594 -21.241800459 -14.081266037 3.07959872283 17.3291825718 -5.49498904699 -20.6867143728 -19.7667128688 -7.24539185259 19.8670335799 -33.9045407916 13.1392031855 -10.9842951676 -18.100456658 -18.9994520925 -5.61101599443 -5.30990255885
LULL
13.1012501902 -19.1965487182 -20.9896341719 -26.1353117507 6.77882251464 12.4146724923 -31.728232766 33.9601706195 -10.8149330079 -8.37747670049 -4.34715913361 3.36330439218 2.84614743985 11.4099007859 -14.4078822558 -17.1526960484 -28.2883113744 8.33933185834 1.62387610543 -21.0571388048 23.8686253466 -2.05869908171 -0.974442381304 -9.04694637249 0.431520275189 0.0736328039307
LUNG
19.3410884329 -2.88485197451 -23.12248433 -35.0283396266 -6.6232121647 31.3109439958 -40.678194285 17.1951586034 -17.9288990364 6.29870315133 -17.6461018533 -16.409374184 2.40062267477 18.5881831883 -6.39315328602 -17.8306984172 -22.2726821717 -15.0373736187 13.2096231595 -40.3306656097 26.0756685718 -10.0860808261 -8.65366068347 -16.0034677815 -4.66529661262 -2.52155008235
MAIN
19.8675722981 -17.803985152 3.40976691567 -5.443347185 -53.9105370023 9.99713480635 -15.6950259706 -3.51750253825 -6.6989719186 -0.799099981901 -20.2569177374 -2.79415310897 -13.5916643687 20.056280093 -21.1981769317 10.445962384 -6.8566975179 -55.2244982911 12.4437663528 -18.8594413895 0.455966750033 -3.47529593526 2.48012174927 -14.1774380065 3.09034024604 -18.5135879371
MATH
20.1877119164 -19.2729486738 -19.0010944019 -4.1176809071 -36.1699754842 17.474590754 -6.34499349029 5.41245467077 -27.5262505823 7.57185668031 -20.5132338953 -10.6422200702 -3.20184364301 19.7398914936 -12.9168979953 -28.8471668321 -2.93839276623 -17.4032178957 8.56252824385 -20.0517512939 9.78791342678 -26.8416115217 2.84544570738 -2.18085840848 -19.6932264561 -7.91765247338
MEAL
19.0897121872 -10.7914588756 17.8333006304 0.936634397673 -60.3952249272 10.7866501492 -33.4103951052 -5.0441004939 3.42304675683 -4.27415318556 1.21830188678 3.97337020277 -17.3435742675 19.6672762674 -16.4595054429 -3.24846935481 -4.07402871214 -48.8566733222 6.75119875026 -12.5090463343 3.73459752408 -15.9152002571 -1.05201143362 -7.52879081975 3.7773088388 -2.1996547167
MILE
19.7526704851 -10.7006443882 -33.4256068063 -10.6276675937 -0.60036889792 21.9150446404 -39.8665079847 19.736410969 -8.32282713783 -10.1523125221 -7.70621555374 -8.1946279941 -7.44172151606 19.3172903228 -14.3583444083 -29.6748853838 -4.46644654683 -24.0849866162 17.6243502676 -14.6910925453 19.1238315419 -30.7548767103 -8.29912862052 7.15324416982 -9.44202613521 -12.6632025128
MILL
19.4056483248 -14.0434533706 -16.2452663926 -6.589203487 -40.1730783108 11.3883841191 1.9696461295 8.79905739562 -28.307626813 5.81358863928 -13.2346718676 -14.4805397158 -0.523753418128 19.7972652908 -16.0062889758 -24.3097287397 -13.7627455679 -26.667837546 10.3593362613 -14.557202296 23.4269529463 -30.6173438485 -8.38397469799 -4.46732117355 -5.83310846606 -11.3868226426
MOB
19.1168165305 -6.99697636948 -31.6787892592 -11.1119872239 2.55157658006 24.2244574871 -44.2438535034 6.48682994646 -4.48743853872 -3.04937867666 -5.37549575701 5.13511114488 0.753713932029 19.0819751532 -3.45657313093 -36.0244363645 -11.9335866591 -7.85524192134 30.695178257 -36.0610684568 6.67077621308 -4.05323713264 -9.62930392732 -6.73438157387 13.7444153273 -6.5554936656
PAL
17.0422524659 -16.7145196682 -24.792283684 -8.31833206782 -26.1959197493 17.4986670937 6.13204776767 5.31379545786 -23.0438340803 -1.16388761142 6.31300159436 -0.394301586642 -6.79392864035 19.1926543991 -5.70048889466 -34.2610735335 -17.8435776972 -6.07681811211 21.1551090394 -18.5572742082 5.64321491933 -8.32758705683 -12.1112256451 -8.98952122709 8.38063377025 -15.0130933881
PEN
17.3590446562 -19.9299180648 -19.1924420784 -11.5482989495 -24.9598928644 7.55594911201 0.269272240899 1.50454594307 -14.7595128683 1.17910593532 -2.50367954762 -9.51419415147 -0.607630154798 20.1686655809 -18.3542634523 -23.3770879759 -0.332244069744 -27.0778793387 -0.188538735466 -10.127854782 12.7980172514 -27.5697969915 9.03865886801 -15.2771186445 -24.9825338309 -0.383767003765
PIN
17.5958371151 -19.4076006135 -7.45431568772 -11.1886965167 -37.1942758569 10.0273542668 3.41121009377 -7.44090393087 -3.35195188711 10.9730139033 -5.53985257775 4.44061167762 -8.06896240983 19.7788902776 -14.8424978211 -6.38391705117 -0.555913585486 -45.4616709333 2.53278866099 -8.04626838363 4.8079915505 -22.4326386529 12.2276805206 -9.4310464218 -13.3841959383 -6.5507725856
POKE
16.920372297 -8.51902504005 -17.9075050714 -29.6237782727 -7.38946622181 27.8798902706 -15.6250129711 -1.15255836736 5.56505597991 -0.0273404471029 -4.23388780999 -2.27652696919 -2.41626092908 18.1897532257 2.3386701053 -9.84389487871 -26.3818341446 -24.1660200761 20.184879692 -23.0536088935 -11.1020748029 6.72655133087 5.51325217272 -9.70536907043 -5.56622156869 -14.0197891455
POOL
17.5234503813 16.7080337821 -9.36700605127 -33.027082123 -38.3180981026 0.44400081057 -10.2466079305 -5.2053627994 -2.89581371443 10.4920119834 -4.40444085739 0.307175383707 -19.3218822124 18.3959477816 14.2730671346 -5.57329428042 -29.5401275059 -31.8412623521 7.03973567893 -11.1621216524 -3.09637983819 -0.692052576625 21.7198531962 -0.699670394254 7.18455509622 -28.0361523897
PULL
14.894020182 -15.9975736876 -16.3684018504 -33.9145926715 1.56150412457 23.1958052216 -17.0101251141 12.689789042 -4.34968877807 12.1308056772 -10.444089873 -3.12918090051 0.379580641884 18.2683512358 1.20030777636 -11.0350157193 -44.3723350583 -20.7785268535 28.9602230509 -22.2497425203 12.8243922704 -14.2512657357 5.58357312073 -6.01977984566 -10.2464897634 1.92935456346
RICE
19.858693643 -8.68740981092 -20.3406883392 -1.46263682853 -44.4585196509 7.36337008039 1.11637409132 17.4848465633 -15.6740046491 0.761127134114 -12.8235109625 -12.4486049028 0.347202283021 17.6495562737 -9.50676375168 4.96770208875 -1.6533704431 -50.9143367727 2.3923376128 -17.9879916117 -5.124286197 -0.768667926268 7.95599190488 -13.9265963278 -0.057819697254 -14.1793565078
RIP
20.5570235626 -11.5691131089 -22.61266581 7.42238185898 -45.7174099898 -7.35210113706 3.37586795964 15.9084083235 -18.3545206373 3.43704335291 -2.48261232932 -2.58296367417 -7.56322772989 19.6980818424 -14.171689901 -22.007375223 -0.905217022192 -40.4100978479 -1.99723591482 2.37156246628 24.0840720089 -15.1863952956 -1.31544485361 -8.07670999139 7.07778340332 -13.1091280509
SAIL
18.9901300554 -13.7608602824 -7.16040562491 -1.45783199542 -53.8317516838 4.67005715542 0.90578473144 23.6496515956 -18.6658534966 9.33964421536 -12.2622972186 -12.6425296296 -3.83137579886 19.517635335 -13.2127794746 -18.260360547 -3.78032308077 -47.616737143 9.57026130158 3.91255543802 22.4486486392 -17.8478417303 -3.22723729899 -16.9876603539 -13.0635350642 1.53701524169
SELL
18.4224357217 -10.415849886 -19.1969323246 -10.4746491832 -37.5096870469 -1.50068390842 -7.49851042129 34.3686777327 -27.7913218326 -9.31679549322 3.39899413289 -6.81016369169 -11.5054387016 19.9070363056 -14.1754730863 -34.5298001709 -7.93042205517 -19.3642576305 22.7467060527 -18.7450953917 23.5502715809 -30.0938637957 -17.3557370633 6.84341537528 6.13772575353 -18.0154195381
SOUR
19.5159527869 -14.054602411 -27.5745048132 -1.70510336697 -35.4086594035 15.3093384369 -2.82851381644 13.338493607 -29.121807643 -8.587008036 7.2465059024 -3.33458928591 -9.89137226057 19.0188601208 -7.13576519869 -39.7712529286 1.11296702673 -27.4117976901 13.7103383435 -4.46040944713 10.8241687994 -14.7318759628 -16.8887118873 0.488427852273 5.38399589408 -8.5647715194
SOUTH
19.7274434631 -13.7055274178 -24.4251120774 -6.18635127255 -33.3583711245 15.2540927887 -5.47771826573 21.8517002897 -31.7953037919 -4.17152750745 3.16307329639 -0.220914440237 -14.0746400824 19.2474899799 -6.65084799009 -30.8304680316 -14.8669839541 -18.3539328537 22.5477535991 -22.9330655955 23.0133048098 -22.3425296568 -17.5843878384 0.035310775582 8.69191747278 -17.3933885462
TAPE
12.7478081826 -8.57636738737 5.39088466347 -14.8759589725 -7.9157822791 -26.1632065211 -39.0569933862 -3.77207277865 2.94246134857 4.98676870364 -19.1060190664 10.0231171173 -12.1374054674 11.4607961123 -14.2559448682 3.06924478963 -4.70062130409 -1.25872347497 -10.8786245911 -10.5073697603 15.5277887042 4.01889103099 5.92512714486 -8.38065548902 11.9855425407 -11.9763651385
TOOL
16.3750928414 8.80169602833 -5.87030004001 -23.124715018 -23.3610722857 -4.66581731793 -29.9804644712 -8.17944971877 8.73577386184 6.00598413374 -14.4048826473 -1.26828144405 -14.773680257 18.172877549 5.72443040789 -4.71282124524 -29.8942035572 -33.278623502 16.3128899407 -33.4702951855 1.16607586904 3.76445788382 20.2501142135 -0.875770297411 5.71907192955 -26.3657693744
TOWN
18.4276904839 -20.6626160271 -18.2747433176 -8.03382805549 -23.4305319981 8.079490311 -0.995348596682 2.35138480087 -17.4863186485 1.35328220339 -1.41826382926 -12.3789776428 0.83233489245 19.1820307379 -5.73358457054 -32.3792181299 -11.9986112937 -10.1204543443 9.64216061541 -33.4775578841 21.7098570408 -16.5228508609 -8.80711083057 -5.44385233261 -12.7753990486 -7.80687445349
TUBE
17.7532784558 -2.01038739953 2.54889079731 -4.80532281628 -34.1295597124 -21.6303339632 -28.7275150868 13.4563934692 9.78063366634 -2.04665069297 -1.97357093078 2.35786727514 -30.7089029279 13.53564384 5.93388170072 14.9595077305 -5.003132254 -9.40015254908 -13.7431960811 -16.4092350095 -14.6876383103 -11.8733913827 -16.3497346308 -15.4228431904 -8.50051001233 -4.97844035948
VOICE
18.9230405328 -3.51423936763 -18.8575796272 -28.2815133622 -32.3461119652 22.6830999871 -29.8154963368 10.9832005344 8.89838083806 -13.9617628942 -5.96517865231 -11.8399132463 -6.39963534999 18.6682386649 -9.07535922135 -6.10151078379 -2.81417515414 -51.0808648289 -6.68918410299 -6.5294517782 8.17791706674 -2.43785082223 0.464054591232 -9.29370193933 -0.0762574648883 -18.4134214105
VOID
18.0304977587 2.32520328992 -12.7109304496 -31.5767289116 -36.8530618703 29.9473506777 -31.6972983831 6.70818039841 1.67791768253 1.87939371286 -7.28944118297 -8.83350589816 -13.9908177449 19.7211042847 -13.7713052793 -16.1105526311 -7.6288696248 -37.5633736478 6.86178128508 -11.7843660729 26.6373089064 -0.790376606233 -10.2950429795 -18.7625122014 -4.91473305865 -5.41718564503
WALK
19.6046607912 -6.46469826941 -29.9801405733 -23.3204020378 -12.1188029428 46.0670322048 -26.5335824397 0.189640734362 -4.64516957429 -3.16188930532 -7.40307946961 2.61253695123 -3.56115964357 16.6345853867 -4.84464583366 -27.3837974197 -14.4122314215 -7.24258189472 21.4254628164 -25.2851414405 -3.20944570344 0.780753453917 -10.9255956456 -11.6791561607 2.99720146419 -1.88486429461
WALL
19.2666962092 -5.07407837606 -24.4054010066 -33.9935644324 -15.16903713 44.918417415 -27.7732350842 8.65773559519 -7.21302954797 -0.926267321395 -11.4195288397 -5.63098499257 -5.89362908 16.8927764615 3.88868895316 -20.5919095838 -32.9829308745 -6.63751240316 28.5206325464 -31.4236283301 -7.87605947023 -14.8541181558 2.05043925705 -15.4097531112 -8.25380365872 -7.97371761339
WET
19.9868142695 -11.08324603 -28.605242772 -4.27228694006 -28.2315303311 13.1127845547 -5.57410615967 26.2280477081 -20.3459901505 -18.2840628773 -2.99196360258 8.27461987287 -20.3529946833 19.5029684012 -8.95584603162 -30.3114156525 -9.49696888129 -28.8597701567 12.8674561468 2.21155928847 12.5307275506 -25.7462966944 -18.7819421325 8.61776509054 7.56533959056 -7.80839120774
WOOL
18.2270867602 3.22125837668 -8.65104617911 -41.9375902767 -27.5130036174 34.4317694907 -28.3352573993 16.5376756566 -13.319242919 8.20866032166 -5.1320205191 -8.05099435639 -2.81983001311 19.0018039445 1.92387360529 -14.6131262257 -41.5379421361 -20.4011781256 35.7616802924 -31.649342797 22.0397801899 -9.66785237498 14.4214503428 -13.1035248601 -18.1921103907 -2.06735055788
WRONG
19.4493565563 -2.76730155974 -34.4405319589 -17.9014080845 -4.09187118568 31.3475408062 -47.6345547175 3.61483651406 -13.7078350834 2.37913803064 -4.94821263089 -10.6833888254 3.94170500347 18.8393265851 -4.44373449516 -28.8522936302 -19.114389093 -4.57173680618 24.4060384393 -53.0554897282 13.0472526048 -10.5679311438 0.0623092083163 -6.27294405991 -5.47490521604 9.51484357716
