BEAN
18.0474236732 -10.9847831294 13.2102366963 32.4527187729 -53.5950430301 1.4573924316 -32.3338367153 -9.58361443551 -36.4116470023 0.704820950821 -3.42647945666 -2.96096812699 4.07424880394 17.5638995711 -1.31341338402 9.1834841273 23.1930687486 -47.215702674 -4.84710537275 -33.3582339685 -8.26007402179 -33.1598838689 9.35037909177 -11.8243990186 3.50684112092 1.59421402369
BITE
19.6758843264 -8.61821796288 -17.2092967176 0.976501491664 -36.5682831559 -4.06065782411 -31.2963064687 18.0867054585 4.97423681581 8.01837031885 -25.6315935694 5.21408085392 -5.51712346514 18.9506462144 -9.37305795672 -1.29286453291 25.9963587296 -48.7939936069 -20.1209195276 -29.6677765879 3.27540508506 -28.7079573125 4.94398700667 2.2912600694 2.5782558699 -2.27227570004
BOAT
16.6967889994 4.6356444498 -6.90098688502 -19.3449440441 -45.1200269109 9.31990624088 -6.89151082728 -8.61523214034 -7.16299244621 9.89603055038 -5.38507919754 4.13131715122 -7.5013534121 17.7621745211 8.61269955959 -8.76666166026 -15.0443011574 -53.3657054913 10.3685478202 -16.7139748828 -17.4491310138 -10.9153677371 7.83049695216 8.01695437495 8.47181305005 -10.2209186187
BOIL
17.4769746591 7.34074134007 -3.16115440894 -26.1492425487 -46.8453755891 1.20544372276 -3.93781008777 -1.15420892343 -25.3896259568 20.2043088002 -13.4480960664 13.4119994196 -6.1215881853 17.734843708 7.74256590339 -15.3276392556 -9.01762453966 -24.8108928562 -18.4191411487 -25.3479474072 7.89599946712 -8.78393188077 21.7439840348 -16.2626567596 -4.43360408885 -8.0993058197
BULL
18.2328482018 6.0739463354 -3.1862645607 -26.2510103664 -63.0915284563 19.2959598147 -12.6920980957 -3.33889048617 -11.5748780837 7.91367991381 2.11142804064 1.74050991916 -5.78721959218 18.7471101499 3.42662972819 -4.99386767878 -27.2340465094 -58.5866561504 20.0467944545 -6.9454276943 -8.09202906208 -9.91999018568 2.50465337172 -1.7288808079 10.8934382458 -6.35215182927
CAB
19.2036675167 -9.56378556884 -16.0170366742 9.68839220753 -41.8319985747 -11.9508155921 -26.659933921 22.4370538715 -1.23002828594 2.67225394539 -14.9114881883 -0.0790027234971 -6.33090812539 19.0156262292 -3.35783965512 -19.93320317 1.31387117679 -35.5917946007 -3.78746625418 -28.2001861488 15.0799309442 1.1006754132 12.854751552 -21.3441475131 -4.20156102868 -2.79163373552
CALM
18.3189510338 -3.17190788052 -17.4679841231 -10.6063874434 -23.9169574139 17.6473681419 -32.8921450997 -3.26468592669 -11.5288160711 -4.04658741048 -20.2066698048 -7.87728483544 13.2519774744 18.3905041494 4.11826889723 -15.6809522232 -18.4988589465 -26.8678788262 21.437241983 -33.1730514962 -3.58190306979 -21.3115552609 3.07166162805 -8.90641542943 -10.4941279181 9.52458562058
CAUGHT
15.625666956 -16.0696334834 -9.5863491704 -22.9177457122 -16.3999123154 14.4021036322 -11.5771506142 -1.08828848379 -14.2683267971 10.9752020189 -1.19493397771 -0.401788971789 -0.0146212658159 18.1631775579 7.50413435117 -10.2676344 -20.2503719217 -36.6983141065 -1.02345780535 -10.4063791072 -3.99655558835 -16.6280060654 19.4227368181 -16.8810491665 6.20739954004 -13.1178198379
COAL
15.9413803736 -7.25270881377 -8.92891276966 -22.8685862314 -35.7514366844 20.9260549234 -6.63901516682 0.938770537897 -11.5700840002 5.55677525912 -0.407777185491 5.42543544986 -3.29176325078 16.4943397812 8.90938843655 2.5835363291 -13.9262247827 -48.7180619756 4.66370384572 -9.0018012732 -1.86080430425 -7.72121985991 -3.41671668047 -8.04328810714 6.25016945622 6.82268377172
CODE
18.127186641 6.30470441409 -14.6852182072 -14.5428595553 -47.3285769965 14.5955042655 -24.5670551497 -8.78477106132 -14.5190822834 25.6640084502 -0.834687494318 -10.2835316835 -10.6674564312 17.8185057248 6.70310936468 -14.2058826464 -5.72154297937 -39.8576891213 7.54064546364 -35.6706680031 -14.8329159631 -11.1201933019 18.1216007765 3.44656260397 -9.64363823375 0.279561112316
COIN
17.878103885 8.05104321628 -10.4395201038 -5.61797873715 -53.6155179142 8.66348560621 -14.1410988849 -7.40980273138 -24.9742967804 1.93539264042 -2.9444906912 1.04500241122 4.97572348274 17.6572266376 4.03678583073 -10.4466872393 12.8769489978 -34.7274181802 -8.08066235671 -32.6307692451 -1.31540213141 -26.9056919166 4.41922785288 -2.28080394231 -0.963825167694 8.067580896
CON
16.2208339868 -11.0954219518 -18.6018835865 -15.7586320496 -3.38566166819 8.71162156286 -26.7007057424 0.11813722912 -5.02015000614 4.95867171871 -18.4703137895 0.526069922724 7.44342995548 18.4301280284 4.64410536899 -23.4718385245 -8.90332868877 -17.3383146321 15.7871209714 -29.5473163651 -6.38283401946 -20.9791702647 -0.0965772550757 -15.6671108723 -15.3315078621 21.6683407712
COOL
17.3089417955 9.44859673136 4.22309925133 -14.1535863697 -48.6760536234 5.05784846805 -13.5497650973 -11.4616888035 -31.9662575015 2.13762944798 -9.8075581796 17.5246038405 8.88560764978 17.9184151009 7.68980680538 0.074361789017 -15.7776931655 -46.5973275008 8.268235682 -19.3756156621 -6.36036216579 -32.9723568885 10.5713635852 -6.55319889578 14.1790942036 2.57781337466
COT
16.9841484235 -8.18202901829 -20.5082397803 -16.1299101753 -13.4379780616 9.06345644933 -25.0650499995 6.58111452506 -1.23302154306 16.231980592 -17.6733059461 -2.52170610762 6.89718993392 18.804396955 4.38629856654 -27.3735896344 -13.7734343759 -20.972691253 5.00573021215 -22.0882751085 7.00098633918 -13.1393711231 2.75278056845 -28.7801607212 -7.67972012964 12.2116299735
COUGH
17.7427507286 5.57317305256 -12.0941497144 -19.1345720845 -37.8531164601 9.91667446712 -11.5952159549 2.1868433897 -17.3033724567 16.9014387705 -3.84434361951 -1.5356550858 -11.9895702431 16.0334616084 -25.4277384418 -14.0577680151 -8.79822896886 -9.20306947327 0.638280318816 -18.7673640463 -1.3333918601 -4.33206928736 0.904003203211 -4.38176460883 -2.10164432157 1.18268350568
DEATH
17.5546502675 -7.14336866146 -16.0775555555 -2.25554741952 -25.1740182193 -4.38415810112 -17.5003325874 11.9404681443 -2.91079704875 5.55056416849 -22.8489975046 6.4715725178 3.3999591961 14.9669689146 7.87492782629 10.7307298548 -5.1275241048 -11.7904097386 -5.9039133133 -9.10568623929 -3.57745029333 -9.54776794856 -6.30148540083 -7.0861817017 -7.48401692793 -1.30741330563
DIG
18.1701594884 -5.40950612732 -6.63034515277 9.64377907354 -35.6928260429 -19.3824030528 -34.8661164384 14.0171945476 -9.02593325833 4.81925096228 -11.5836471187 10.4276084153 -4.3045967874 19.6468445656 -9.89388814102 -14.0046829437 18.3567927223 -36.0372852742 -26.347149988 -26.9165088776 17.2450580145 -18.0652204195 5.37293774425 -5.13184942699 6.48169989705 -8.13790514827
DIME
18.5101129636 -2.23911108696 -17.8964747183 -16.9339386918 -29.3410579703 22.0487573448 -31.6350014839 3.04379266383 -12.9552208247 6.64151398435 -20.6364674557 -10.3130295461 1.07997941656 17.7826958089 -3.72288882924 -13.5291534374 7.64060000498 -22.8563612891 -1.90585074891 -28.897028612 -0.504250884572 -23.5150743558 -2.2296674964 -13.2510659195 2.88210777646 3.61664114281
DOCK
19.1595573317 -1.93364308951 -23.1969499507 -15.0650492815 -30.896915033 16.7167025696 -27.2962328729 11.6086253982 -4.39318307249 12.3911094953 -22.0914596227 -21.1458330216 12.3701949626 18.3045800488 -3.93345065676 -29.5649664374 -10.1153630786 -12.5421661984 16.9048134659 -15.9675907334 14.6005153455 -18.9487179029 8.87985358548 -19.9056079118 -17.2400914325 10.1709201474
DOLL
17.890648298 -6.56977227458 -23.1554992987 -15.9068931903 -22.1478447017 13.1658310435 -11.1680532661 2.87842259165 10.7349682076 -7.17539147208 -16.2785411107 -13.2920568975 4.78358887239 18.7416730036 0.668211670931 -23.8508437565 -26.4822467819 -20.9562161603 17.7672237012 9.2530457464 -16.3862925872 -6.40524246504 -3.9836747249 -1.95554464828 -24.1401749017 13.6578517039
DOUBT
19.3279458134 -4.18397983474 -31.1570252867 -5.40084242342 -26.3354979025 -5.6565841133 -24.2938836693 30.6447383743 -5.76560880953 0.451364482119 -23.0171950382 -10.7127581385 5.00774077403 18.0066731598 8.50423753432 -22.4747390836 -15.5970703699 -29.9250320777 1.14255097182 -23.7329188211 3.86871666426 -4.97739192118 20.017252898 -7.0921778056 -18.6704376161 -3.9874693393
DULL
16.6738463694 -4.87701027003 -12.5537690992 -9.27534115932 -16.5314646551 0.310946682566 -27.9547202479 -0.472741374353 11.642385951 8.31655911235 -10.1582244927 -14.1857320427 0.447649760093 18.4957562834 -0.914560479995 -19.1118460554 -20.8983036509 -29.9993727345 14.0041746134 -23.5126527564 0.720980557659 11.0487230027 15.3244022553 -17.7027038229 -18.7430090329 -1.84993607912
FADE
18.1067409927 -1.89220546759 -11.9175995464 17.0939530264 -40.4825010789 -16.2937549195 -35.7887843345 13.7637117645 -16.2180404473 -2.91452069951 -4.55932277359 9.32086588936 -0.75257450984 18.4840153622 -3.61448251255 -6.16944564373 22.3788121991 -43.4654509997 -16.402404557 -30.5366271054 7.5106341454 -28.3818337003 -3.31529487724 4.41746080632 11.3719442981 1.79830766942
FAIL
18.4911956901 -2.46953748798 -20.8343209968 -0.537387606912 -35.4278899272 -15.1048218626 -34.8378442919 21.2793071619 0.0917420578201 14.0852352093 -19.8331457795 -1.39067609517 5.1561797537 18.5397349668 -1.86624577442 -20.3779555621 -0.433065181906 -31.8410423111 -11.1601723414 -31.4344679833 22.3263448491 3.27552512022 11.5613134002 -23.6314932833 -4.29455283742 6.92441240038
FEED
18.9488923159 -13.6886223885 9.64439567069 34.9810857539 -46.9140432965 -10.7861122985 -34.0985792484 -3.10012147956 -36.5496910082 -0.723069725076 0.206520707385 -1.54432737515 2.26171337622 19.2436164786 -12.6148263181 6.80635740755 37.7361655187 -46.5507043787 -4.63552802681 -27.3526611744 -15.4252168073 -29.5670338506 -5.34627394433 2.1070350372 -1.06303716299 4.08366257339
FELL
19.0380716472 -1.89612231516 -29.3333428656 -7.82809765335 -30.2336414427 -4.87993163519 -18.7907489338 11.9478404009 -1.11404540239 6.07698385168 -26.4359792683 -2.62533673152 2.71642154431 19.0149936242 -1.85626013735 -28.7158175951 -5.32652910976 -24.479913536 4.04041239233 -17.0826632304 8.91199171536 -5.46153640588 4.78699449058 -28.3034624782 -2.46498902669 9.76150088139
FIRE
18.5321171082 -6.32281474529 -17.6761517886 -20.2953658372 -24.8114461707 8.86971884091 -14.6208054222 5.42005241101 -16.3117348597 19.1494875906 -36.9998025894 -6.18192833376 -10.767989111 18.7678435217 -9.69904915511 -14.0209350943 7.0322799924 -31.2204715096 -15.4163460997 -24.6903291368 17.5284936595 -14.7831871912 -1.14383716395 -24.1986925352 11.4194233966 -13.4338990471
FOOL
17.0693762864 9.15664866035 6.3674286305 -16.3479052749 -43.1291027948 8.86674332269 -15.8830364392 -14.2969442872 -32.2868893819 5.80440609852 -7.22053593286 12.5086334058 9.34758980564 17.5998478295 8.72752671942 5.05680325769 -19.8647044827 -46.3810532248 9.77464433894 -17.859522806 -15.077212934 -31.8398251206 -1.17520312813 -10.4353425688 23.2793660933 6.55839952605
FOUL
18.6644699721 1.44641439612 -28.1608009162 -13.9248157861 -17.573635997 4.42295965099 -16.8579113588 14.1750058699 -6.23266099084 -2.21314765009 -11.8083615 -24.127860638 21.1198447513 18.1219982076 8.24498932882 -24.4086040417 -20.0389003735 -28.1198161019 0.124380851222 12.664132685 -5.65927079212 -15.9827434849 -3.34396629687 -1.01379721334 -17.7905568088 9.98272899937
FULL
17.2240349385 9.46900499492 -3.58062963929 -26.7769798536 -61.680942968 8.62692963652 -7.34623493301 -7.54680006534 -18.2120520775 0.793753768087 7.15528848371 -5.27076357253 6.58848928707 18.0442428242 13.5156133985 -4.98280039681 -24.0947025258 -59.807634003 14.5880141128 -10.1794204523 -0.19382025486 -12.176687802 -3.84685053562 12.1424962379 -5.61970991241 12.5599387078
GAP
17.2891070619 -11.4248303974 -11.6337208783 9.97815183993 -32.9808604786 -14.092772302 -16.6869871462 16.2561537825 -10.9032205084 4.17821509246 -12.8952704653 -3.08708429601 -1.1297955982 19.382340463 -2.62359875851 -30.9565689734 0.662096484782 -26.9615911345 -5.13197533902 -18.9302437519 20.4875890318 -9.14300214392 -0.625575566444 -29.8857225307 -4.667959145 8.00646321422
GUIDE
18.7574356929 1.34557958303 -29.1137039506 -8.53854651718 -31.4880658999 11.6645607487 -23.6635788094 3.75942176748 2.58940199178 7.55019364982 -19.256447811 -21.8993442229 10.5497046325 18.2667036463 0.885964770532 -23.485508273 0.0240745478257 -27.1095300031 -2.41622676286 -28.7845154407 12.9685371415 -3.31396492977 -0.115289705271 -20.1293490544 -7.33363830992 5.03615594271
HEAD
18.4453789735 -0.332793567003 -18.4008915863 0.259258203703 -35.6160553709 -4.33762976609 -28.7887903872 25.2739130092 -10.3048759144 -10.3033921366 -29.2083131995 6.44663636034 0.964703048652 18.7930575832 2.60607510513 -13.2994110731 3.85817888648 -36.8006295788 -15.8063490019 -30.682066972 19.0119555502 -1.6484769538 4.15743203139 -19.9576092348 9.2154510957 -6.76668818168
HEAL
17.3748788936 -3.96325149381 5.11219967454 28.2909453085 -51.1991989256 -11.1548604086 -27.2967107729 -0.181317096942 -42.8694715405 2.70754035564 10.0360112514 -3.77793722575 2.28337928821 18.6568827642 -8.78936653714 -6.72817168354 24.3017721147 -40.8794357128 -18.086990852 -31.1230456853 7.91787624671 -23.7946208775 -0.456290082629 3.54310766631 4.09349743012 3.01289879059
HILL
17.7603994686 3.58625973335 -16.3310148928 1.3381529761 -36.4886922934 -8.16481129427 -33.5352473887 14.5130380575 -16.1041843724 -0.544922517749 -24.9583064817 3.49078194314 8.50705650223 17.9911782677 6.25920300616 -18.7044582035 1.89348430263 -34.126855504 -7.4122293767 -30.3565685959 8.06642078862 -9.77606784588 2.50681308975 -21.465233394 -3.90880669163 12.2300431599
HOME
17.885028051 6.88952504269 -5.6074029142 -20.2030975502 -38.6440170316 14.0064516638 -10.2999389205 -7.69255521063 -26.0964602436 -9.85125294337 -7.06987062118 7.41719925456 6.07120689193 17.046206773 5.79021992064 -0.399880805634 -8.23353914304 -25.8829755756 6.33502690649 -18.5965814983 -10.2378302248 -31.7238635701 -5.38299143539 -11.3355845178 9.10280272498 9.13639491843
KEEP
19.5676658194 -15.2496734012 14.8765689205 27.6779893211 -52.4556768177 -3.73940750188 -32.543518039 -7.01495240832 -41.407251472 4.31501967689 -4.69948401325 -0.337686175199 2.10490413076 17.2631769987 -12.7373954685 6.50713330234 26.0804271656 -29.2751808774 -10.8326853702 -23.768250202 -3.91674713424 -37.9689011981 2.41052792803 -7.33715990158 -6.69677460309 5.6903808592
LIT
18.6584468911 3.49383133165 -16.4549076901 -6.10088964204 -25.840153115 -15.2213102885 -28.4838816327 4.36527818222 2.18528004415 10.9808459054 -27.1118419296 11.6864043026 -1.43044070208 17.525336575 3.79488412228 -8.53782663413 -0.381838840299 -26.8649349699 -21.0785281455 -31.4402301623 -0.530249166898 -5.96888679301 9.92537508993 -24.6527878102 17.6661618199 3.16869590227
LOUD
18.1917805347 1.06026733358 -29.5981040024 -9.32909694692 -25.251776528 7.95974636178 -19.1399893513 3.8751298617 2.96771831848 9.27853094782 -29.5599571443 -14.3023972316 -0.934717423759 18.0820611257 4.72547984492 -20.8461854699 -6.96355379109 -31.0577389505 2.23589524392 -37.5565786529 4.12273448111 7.04695873529 11.7038565106 -15.1563303643 -10.998909161 -2.33260609415
LOVE
18.9114623604 4.28414811537 -20.0842265431 -19.9697666942 -38.2720814312 23.5482623249 -1.62879174978 -2.73181427739 -5.28552422687 2.99542722459 -2.52586494534 -18.797713589 4.69369345601 18.0651068984 9.32325105745 -16.9370585819 -14.3528799012 -46.2155296267 12.9386516403 -7.00614274036 -15.0911068311 -14.8125781601 3.91132158429 3.73300726778 -14.0358187166 -0.865463880273
LUCK
13.1065702693 -21.4270626778 -8.2444029112 -5.84544570726 2.17785400504 8.73868302591 -6.00653132215 5.24870637289 -3.10524413084 9.98628317899 -4.32526836353 1.48412712146 1.60045917436 14.6001207912 -12.9951607415 -13.9219603284 -15.109194605 -5.68249554281 -1.73401946142 -33.4981366768 -2.02354203289 -3.0403140423 24.1234364156 -13.8583475264 -2.5211770277 15.9566911354
LULL
18.5409330297 4.56574638301 -16.7941356104 -27.9677990634 -40.8577782238 16.9042513368 5.20673532557 -3.46376352091 -14.599755441 9.63550300452 -4.7217909486 -8.89562036857 -2.61270970346 18.4484899736 7.47156104389 -14.2493552895 -26.1370405192 -45.6320279474 20.7182247597 -1.14497006496 -4.182741521 -9.60219622069 8.93632855796 -3.45590735042 -8.29748208289 -3.99503342304
LUNG
18.609000491 7.66121369926 -26.0066593605 -17.0427599276 -25.9979646667 13.0929755226 8.05371121847 -19.0441701506 -15.579977206 1.37043557122 -7.31816911361 -7.31706765187 0.518919047849 17.7714153428 12.8359806691 -20.2623821316 -8.88045703342 -18.8729943641 5.43976807648 -18.3928916024 -21.6459632036 -22.1334159766 2.09020564093 -11.110384728 -2.89241629189 2.05919384078
MAIN
17.9008052104 -5.16353608847 -6.39579925042 14.0309178417 -34.9747344293 -13.9701758793 -25.3628034576 6.63396034384 -30.3720573642 -2.91806827203 -11.1495539739 9.50616229869 0.517740671788 17.8641507031 -4.25506184762 -0.18326959011 15.3840204294 -39.4595173241 -11.6378549335 -23.6607328771 1.62915660795 -40.2355118721 4.96860825667 -7.53018353978 3.8630741994 4.45957907219
MATH
18.4684527926 1.39979655039 -18.0752169619 7.70217169406 -30.2476882605 -13.298189459 -28.9041518685 17.6483432613 -11.618617351 -8.57343960335 -12.7858688531 -1.07179589289 9.07726859122 17.1419443942 9.64250950518 -19.5297926297 3.42650942355 -21.3144941959 -13.2800052045 -17.9657433894 1.41108752326 -6.32570212951 -7.79361904624 -14.7749268699 -10.4896618105 21.6419408694
MEAL
16.7184814443 2.52328226204 3.60816204616 19.2123130947 -41.3886099673 -22.4551767845 -21.6858896801 -9.2614731362 -37.9634112416 11.7855079072 3.7098253911 1.86311577576 2.66346088808 17.6385414513 6.50977139379 -3.44809933692 18.4810894848 -37.7112882953 -31.2453780509 -24.2677963628 9.95268065326 -31.5236524933 3.23764782491 10.1663660433 2.29403545425 5.9542318853
MILE
18.0607152175 7.71797741869 -21.3509656587 -18.5502652677 -32.208613817 16.4422719827 0.898800479521 -22.1052812233 -21.5232843732 -4.18912468248 -11.2611742462 1.02232860673 -0.789608081353 17.9887537464 9.13472682083 -23.2892655858 -9.73959177796 -25.845939859 9.96515998205 -19.7796707793 -8.41586170002 -7.76368359849 -4.91534886214 -19.0091590618 -13.1591456017 15.3814596708
MILL
17.9985148267 -0.208002434878 -10.7481666456 3.4222626473 -38.3219876698 -4.66572636946 -45.5555956955 19.9342084172 -12.5696798449 2.85206690903 -16.0463641112 -7.34328323103 11.7921052381 18.4317108266 -0.802942286221 -13.0159437701 -1.11192286108 -32.5028368665 -7.85196424866 -43.0080731528 23.27272529 1.30358629722 -1.41691594535 -19.7310348554 -4.37045765191 14.3005628837
MOB
18.3824773855 3.9152504974 -28.3891860903 -6.63369558265 -23.257443851 15.7256643397 -14.1668346312 -19.3521618694 -16.6263488568 -4.87782975696 -16.5052303529 -6.20286571082 4.7061137741 18.1794982753 9.00597684235 -27.8705692013 -11.5398215102 -25.9587297645 7.01989336535 -16.3211470048 -10.4097655151 -12.5675282737 -0.76476450829 -11.2926077911 -15.5166639878 -0.0947675295998
PAL
16.1882722011 -7.28102017137 -16.9462565599 -3.98480915586 -14.2654258271 0.866582010513 -9.54611411259 9.9297074033 -11.3677638979 -3.51433441399 -14.1212808385 -6.43283987838 9.38161581831 19.1968443897 -5.15801853588 -33.1828640475 -5.19111838716 -19.8735215081 10.7198552484 -11.4230229835 8.4522505632 -12.4859001759 -4.39616325551 -25.0850314558 -8.35439208281 19.685446403
PEN
14.7986203799 -11.4548398426 -12.4884959338 -2.06430880736 -17.4094534804 -4.96496997809 -10.5800369543 4.66940899604 -6.27232153239 1.07912937505 -12.6683336186 7.44593540055 7.53947163073 18.6009945428 0.395384295826 -20.7230017883 -4.43997055312 -25.4344823328 2.84477756018 -26.1606583991 7.4598433513 -15.0736864226 -6.20421522684 -29.6181118115 7.07934987236 10.769394645
PIN
17.5639915778 1.29083086952 -7.65371887071 7.28216327176 -36.1159047135 -12.6852931694 -32.4832230298 12.2154214976 -21.2225695614 -4.0452540012 -15.362395772 9.8593280265 8.80235612728 18.0087454661 1.94388484404 -8.38604489903 8.67766887496 -34.1336076896 -8.05155702387 -34.8699553453 9.51668329667 -23.3689011879 -4.8294351738 -6.00060380923 5.73119388601 12.6687892251
POKE
16.8027690185 4.85532645773 -12.653627629 -20.0505254165 -23.2150965593 13.8092894577 -12.3013039789 -7.17431131336 -16.9461292406 14.5497226767 -5.83371952691 -3.69850919972 -7.72679515337 16.9989275579 8.40893271571 -3.18250567039 -18.2932970193 -38.7671341438 11.5852506433 -17.4740516452 -6.98957090141 -30.8928122676 7.21227275878 3.77089632177 4.21803544401 0.461781967653
POOL
16.9540859926 14.0409848489 2.61226797906 -16.9942891004 -43.3949776108 5.49933288572 -1.54731967444 -11.6983969439 -21.999387292 -1.62858723326 -6.28624882364 13.149143601 -1.89848905496 17.6826980901 13.7142991829 -0.120255007138 -15.181986423 -45.2212892548 -1.40798367985 -4.05869437986 -11.26291577 -21.4950467089 -3.0964603133 -4.13502504318 13.0975598871 5.83005725864
PULL
18.0836198908 15.2793739861 -12.6629477706 -28.9801445709 -45.7184551012 12.6959457646 -3.10222626309 -5.86280827314 -12.2891388638 4.63981590976 7.08414497293 -4.442390861 -1.4544219375 18.4807358235 12.0700942312 -14.137289582 -25.8666138275 -47.953804559 13.7031688676 -2.52029659017 -4.35930871354 -10.7396271676 3.68547459741 3.33654978019 -4.52271319112 0.439569623078
RICE
18.8740072125 1.4905193067 -26.2688632486 6.84177179129 -37.3436025649 -7.95271500634 -28.6571409324 12.259010863 -1.39559611787 -7.36460725185 -17.3753425947 5.83417000252 -1.69744791791 17.4094183921 -2.24321555034 -1.67146403699 20.8099203787 -41.5941802646 -15.1012968903 -28.9140177111 4.77485953383 -30.8407716724 -4.09123947139 0.952363231267 9.10691383849 0.891700384222
RIP
18.6324615061 10.551573089 -22.6969589569 -1.09874522894 -20.4030320774 -24.4352593469 -35.667752532 12.655402023 7.64549977349 3.1134309554 -14.6545101718 -4.93649483872 -0.907354164445 18.1877062934 14.4613008392 -20.1339035288 -1.02961016326 -18.9809872464 -28.7180958388 -35.5071494692 2.90080295695 2.92929759801 3.8466157042 -8.23990321483 -3.49671912619 -1.3046405886
SAIL
16.9693174134 -1.22839984102 -14.984262047 5.53853127688 -24.7790842765 -6.26579780617 -28.3023898952 9.52892939661 -6.54663745825 4.61349716974 -20.5986401226 -3.42955274791 11.593662895 17.954731371 2.05790603095 -17.7884664522 4.56756478726 -24.5287226601 -12.3009859451 -30.7300417406 3.69306779582 1.19619787387 -4.92541877064 -24.3702213954 0.340619411784 6.91566691556
SELL
18.4015994516 3.495830005 -23.5049673425 -11.9394956144 -29.3544361218 -1.77379263025 -32.8035864868 11.4149255977 -9.44406759434 19.0160772737 -22.084569188 -19.6773852843 19.0799507135 18.8721324516 0.776235767883 -26.6333635575 -13.9273733722 -27.8709414309 7.09839487531 -20.063245335 11.1274006898 -16.963131873 14.253100624 -24.4721077993 -24.9373208754 23.8285417822
SOUR
19.0893540013 -2.49976381348 -31.7869129243 -3.80781248725 -22.0009500119 -1.80605711079 -13.5359162581 17.1485668319 -3.17480910708 1.08833997657 -30.4095823624 -9.63143436635 13.3614220987 17.6408022612 9.39380140959 -26.1613705124 -16.4092404304 -24.5490320548 2.76090213707 -16.4711439975 7.85537983796 -13.7632767765 1.95677834818 2.41510999663 -16.7791070965 -11.1283926123
SOUTH
19.0996515898 -4.24083971617 -27.2760520204 -9.46688857291 -25.592947564 13.5747695764 -14.3428912104 5.71378749884 -15.1551910471 6.15838752548 -30.2496791754 -10.4225675949 16.3696788141 18.0767845338 7.49621855583 -18.7818887917 -19.3314880498 -30.2121917298 18.4287312953 -2.73191664146 -15.4901616208 -15.3647553421 -1.06702040389 -7.64923909351 -7.10042312677 2.37217207266
TAPE
18.8371562088 -8.90318075055 -2.17692618877 14.4422081234 -35.9603736865 -27.9231139024 -18.3130243997 8.52213803747 -21.2611414991 3.62208162977 -9.27849184747 9.8313349947 -12.9951256675 18.4157785153 -7.26724944282 -2.57913806912 19.3424406337 -32.1229710419 -29.4895938113 -30.9197112285 6.16035910955 -34.1536845863 7.37949237228 -1.54181251475 9.53221763641 -0.650131337321
TOOL
17.3245220415 11.002672704 -2.35869423569 -17.685768063 -41.1482509171 5.93068296125 -20.7493072035 -9.91612024074 -40.109189811 13.5531487929 3.52411614168 4.86005597157 2.08483477587 17.8448236476 8.44640093084 -4.2304624926 -16.7317499082 -48.3214098154 10.2325572738 -16.7339707741 -7.92090214926 -29.9461950084 11.9353082132 -0.0141032558691 12.0796631269 -3.83208920926
TOWN
18.2366215253 -2.207351737 -23.3231990867 -0.30153547596 -24.6877468202 -1.11878198389 -28.9247481928 19.3269578829 -23.472724557 1.5670450029 -27.887395304 -2.476956356 9.64886218703 18.7220389132 -0.808671854898 -24.4260167963 -4.30388832879 -22.7855739283 10.458178694 -26.7009772134 -5.12955131325 -22.3859408284 3.44021119735 -24.8867271544 2.37529335946 7.819303958
TUBE
18.5444441435 -2.16970830385 -12.4127399889 11.5757370324 -27.0328951005 -10.5476587066 -52.2447140561 8.20942879922 -19.6970717473 11.8908865433 -8.85937225626 -0.0815439054663 20.7432292781 16.878038398 6.10959072487 -3.68560241834 -2.86444114425 -27.787989395 6.61402378954 -37.805271294 -17.6015869273 -26.7395184576 11.7419105515 4.73083061933 -15.0064938591 7.27031002844
VOICE
17.9012842625 8.82443925794 -8.09378605921 -20.9398023311 -41.4395340813 4.76476617794 -6.43673876983 -7.70726518113 -27.5733882347 17.5808668998 -6.51440643989 15.416266944 -14.4021144258 17.9287094451 0.315333829825 -9.35341473896 12.395705918 -31.4535627486 -20.3111882724 -25.909411153 -0.776643966313 -21.9263480213 6.48486635584 -5.72584467715 7.34785061048 -9.2015273894
VOID
17.5693213262 7.36725793281 -12.5382630264 -20.3170168129 -41.5148515915 11.2253445309 -15.8647933822 -6.15986752346 -22.2710922316 11.136396081 -0.0685100379972 1.02060422175 -13.5504190708 18.0984657485 2.97518866144 -15.3823185385 -4.90981543194 -34.5342943474 -4.29512346429 -36.1504243078 9.77254929899 -12.5941461712 12.9927133032 -9.6537684497 -3.85838685126 -0.0443540654709
WALK
18.0601607317 6.87251295231 -5.37779817757 -17.7846765968 -53.8687881932 5.53035998238 -4.97692984381 1.32306237099 -18.9808890842 5.88487643331 -15.2900816117 8.09995309935 -2.95083834983 17.2739344016 2.79823140324 -17.5165048187 -15.779507789 -26.8123028462 12.8550643115 -8.03146788764 -7.01668784344 -19.0516328503 16.4282284896 -3.64133617281 -7.48603185735 -10.9221709756
WALL
16.886379929 11.6874810177 5.60769727489 -15.8027332978 -45.7666672933 -4.68784357298 -2.92606479215 -8.41521838078 -23.2792482493 0.901944034381 -19.067824489 10.164333774 -0.694519146796 17.8957276554 13.4542261629 1.02728249219 -26.1581387308 -41.4249227823 -3.05019247907 -2.84037104599 0.227321573862 -22.5761940116 -1.57714386796 -16.0596508738 6.08915800337 2.7783816184
WET
19.5733714737 -3.3025201758 -27.823360148 -4.3327237681 -29.1874081442 0.379956125646 -25.0402859502 21.2323547741 -2.10230884426 -0.962855536602 -27.5443776394 -7.40717444353 0.278971548851 17.836715349 -2.53600185461 -12.1605574185 0.540031641722 -32.8797531775 -10.8369195262 -37.7944340888 14.0804446879 -5.032596483 9.03553885257 -31.6038125466 3.85380239775 0.913747135943
WOOL
18.0013363718 5.71273740587 9.47775421244 -25.4688873193 -39.3489570641 13.9171924675 -4.92136432361 -3.81043272388 -12.5370776165 19.6397288076 -9.39635890744 25.0866000115 -18.0757662901 18.1150870814 1.18893987178 5.72658378771 -30.8733996274 -44.4170633989 7.33692050799 -7.77511006838 -10.7596085811 -8.80638186492 12.1323921104 -11.1569148835 17.5070720987 -19.1631933606
WRONG
17.7812199358 11.4150031099 -22.5507550076 -16.5515052375 -26.3131492986 -0.0391628112884 -13.827737634 -11.6463145267 -16.5473058206 12.2354018001 -13.7139937163 6.74763719109 -13.4631831288 18.2011040335 8.84160446538 -17.0506684162 -19.6712887707 -33.5786022807 14.5645575846 -10.7379056563 -9.73422871571 -31.1247576365 14.4556383448 -11.387519653 -1.94883812279 -2.38414380226
