HAD
20.0280113788 -13.9540430193 -30.7574745425 -11.6734596056 -8.88246071583 4.15562722886 -2.28158805165 -13.0497327799 -19.8760973087 -0.487002457815 10.8329141577 -15.9376956777 -2.57608950522 16.924503085 -3.57380753013 -18.9359613311 -14.3094468676 -17.3467180529 0.524314806068 -3.53075219619 -6.82589907667 -26.4627377811 -13.3490363055 12.2196546441 -12.4556274635 -6.32191053446
HAYED
18.7966847262 -7.41736000311 15.4947164506 -2.56479104113 -50.61448414 2.15358013792 -30.2439427807 -6.654454483 3.14730772406 1.84587294909 1.19198935816 11.3085869307 -14.3477309109 16.0052946639 -4.04479173425 21.3545666615 1.59776673577 -50.1085021601 -2.25798845185 -33.6168436582 -15.4702658941 0.0698262491564 -9.21186150554 0.743933186134 1.59274611928 -4.81778056846
HEAD
19.7207103091 -8.246174816 -16.8202073391 -19.3543822318 -26.9318105464 5.87440030855 11.8212558401 -4.51465306431 -20.8715027259 -6.06202677522 2.29721042806 -9.34037642976 12.1140294172 17.3179430163 -5.14966229533 -8.17508952765 -18.0385050438 -30.7130851092 -3.598136646 10.74513122 -1.88983248773 -20.7562056697 -10.1541770603 2.56208540934 -15.1848181143 12.9087423696
HEED
18.4601051892 -6.00897986619 24.3308094906 -4.76811932093 -50.593562488 3.2972259199 -39.4292107129 -3.07245795086 3.3625661323 -17.6413615085 7.37504127084 -17.6113411629 -9.57551452363 16.6997473849 0.124378018721 24.8428259767 2.28501025486 -38.7059538433 0.469679374644 -34.8193418834 -20.4531050943 -0.230965468816 -19.7981003453 6.26031198503 -5.77341785077 -5.2607923652
HID
18.9675505263 -7.97187678588 3.75017027668 -10.6730094248 -51.0945065018 -5.80659223271 -5.89868368845 -4.89227925254 2.17725710415 3.36313301914 -16.5545716903 -2.68165526746 -5.05575492452 17.608976128 -1.04481898005 0.903999594913 -5.98612854088 -54.5547164657 -10.299138573 -8.84862883026 2.56226234576 -4.93261650881 9.18745501648 -3.75746513408 -16.7441732371 -3.6456718142
HOD
19.6178721291 1.13544211988 -42.010007864 -20.9381541182 -6.42503109344 14.738565663 -34.6682678309 -8.76161203204 -3.05817694766 -17.6567179866 0.214709585914 -0.602877858078 -9.20962034903 17.4199186659 0.581483864696 -33.9689209951 -20.0171789945 -11.4561345867 12.5143897107 -29.5535958563 -4.94406895494 -9.14936767251 -26.9157145952 3.68552564457 4.77890944832 -6.34441948796
HOED
17.7308747275 -0.667408286526 -14.4722924587 -26.9153216349 -12.6833935008 11.5083489417 -33.2644231978 0.797380369154 6.33159221442 -9.26301009934 -0.33319726262 -4.50976339926 -3.12196567223 16.2100436295 13.7256845783 -2.443191415 -22.3764141405 -21.8667633869 -6.60452453771 -34.2002836069 -19.3005082049 9.56676203198 4.45544243495 5.29621628241 -4.6777783107 -5.65743987125
HOOD
19.2256146476 2.11944857039 -15.8777780876 -22.9598561404 -22.9224410822 6.34343219843 -39.3207301963 22.1972018274 2.33301952423 -11.5928297938 -13.7797193516 0.23239277724 -2.47325227504 17.0518180761 4.76011796261 -8.80244027675 -11.3478812661 -35.5875264683 -11.0256433464 -20.5965399455 26.591440336 -4.70489442756 -10.5500384534 4.3847556786 -6.62556338626 -13.0111335772
HUD
19.3850953655 2.02383599226 -26.7343463619 -23.6312800745 -11.4050003577 7.82783868973 -28.7037800612 26.9497480839 -9.66948935399 -18.7928190271 1.345189366 8.06793670075 -4.05921982526 17.3131162235 -0.831993609011 -11.6658057174 -17.0478798864 -33.154695243 -15.2758199539 -20.6097324468 18.2129343162 -19.1675674456 -13.2041265158 10.0534470501 -14.2611939235 -7.05448551056
WHO'D
17.5531621665 15.8911032288 1.7499164814 -17.8161017645 -22.2905061983 -8.63403597015 -38.0037675578 -10.5923956069 -1.04033604772 5.04474844734 1.93607436265 -4.68292263811 -18.9303999984 15.6806421631 14.8260080209 9.76671724622 -7.26117155293 -19.4254265837 -14.6210412694 -27.6901675938 -15.8799315214 -2.19329508595 -2.50142300321 -0.848206987467 -0.733153238398 -4.14522008764
