BEAN
17.9750914584 -2.63631758392 2.99892294363 24.4455038164 -41.8512542188 -16.3802740066 -7.38944072036 -20.3733456543 -24.0808416066 0.354649649739 7.96655824377 -13.4597049727 5.25572904192 16.9558816012 -10.1759372506 7.39398504113 17.4972029751 -36.6917077182 -2.9903568791 -14.4151030226 -13.8402652935 -36.8005098478 23.9295414997 -14.8565209804 -9.24583991596 2.20706746186
BITE
19.1555591831 4.71831032924 -31.7070943745 -13.4126486221 -34.0007674002 12.6523549986 -3.76830695979 5.23198186261 -7.2971002817 8.90546583826 -10.684333939 -15.0168549427 4.85269106697 14.832035043 -0.417783218668 -3.71518785857 13.234408761 -35.1179117283 -28.8997031783 -21.0404349043 7.08720839415 -23.8056971878 3.58146205835 5.31341711311 -5.53527692437 0.734141282148
BOAT
18.602745252 12.8892499524 -22.9540853578 -14.111791468 -29.3047748322 -1.74533692086 -23.3868055031 -9.08236196037 -1.22314289515 24.5427929172 11.6054480136 -21.4085563257 -8.95543332348 14.2568725132 11.1689970615 -11.7672559154 -4.7200122083 -7.85674213607 -13.3380788457 -24.0636290483 -19.5238811011 -11.1489869876 1.69129937256 17.2099808267 -6.23503966111 -8.44509480735
BOIL
17.6414465312 14.4708990563 1.56437514853 -11.8846683769 -65.7734134488 4.75122109528 -15.4356185588 10.4813152833 1.49505807297 1.24382210209 -3.82042349581 -7.37794315341 13.4732236003 18.2543933302 5.79745831176 -18.5974910456 -16.0510411651 -30.7531957175 -5.17462690795 -26.1807939376 15.4906157321 -12.7997960206 19.9583638704 9.84568284598 -14.0914724972 -1.40814798712
BULL
17.2073976337 12.1936999377 -2.83558486222 -16.1352687698 -53.9140034465 4.56220231284 -6.01350619375 -8.37654652191 -17.1230014145 -18.0556005327 1.20384720855 -3.55190197106 16.7434845406 17.7037037192 14.4750164632 -2.22740873989 -16.6664389083 -62.9968811077 3.61633631792 -4.74252928565 -11.8379306194 -13.3219530743 -16.8393413534 -2.42984115427 -3.82214778518 22.1298822223
CAB
18.319018714 -5.18267225367 -24.1146238457 7.38584425033 -33.0533284894 -16.569298892 0.877796996699 18.2160807665 -11.9157008128 -3.74271400719 -15.304052923 2.95761507797 -8.4615960765 18.027614806 2.75514363411 -29.1675321465 -6.57264145904 -26.7477112611 -6.98799805893 -9.37531299164 17.5370355158 7.76779476512 3.05162853503 -26.6344283924 -4.49675922694 2.49819948279
CALM
17.8202385711 2.37029145859 -24.6105683943 -16.400239152 -24.9405527614 17.0674614246 -7.36866657625 -4.96263055723 -5.60238539552 -9.80202144758 0.323770650945 -2.14839482214 -10.8310497308 17.8466731326 11.7896879454 -16.2914530729 -30.9186371812 -38.7035012247 27.239241134 -4.661551281 9.8223433956 -9.65872833951 -23.4135751576 16.0613475983 -6.23847305167 -7.17208368381
CAUGHT
16.4173257763 -15.6479770211 -15.935123609 -19.0556559903 -17.3238817778 16.2923578781 -10.5953377783 -4.28088660745 -3.16623792622 2.47016696962 -7.77578474786 -7.70430874886 -1.07601105646 17.1928377959 4.26863735338 -11.4572250208 -26.8133773258 -50.2812027454 19.330052433 1.15782767328 2.06036467834 -7.07132294395 2.59413389679 -15.4893551886 4.22281532566 -6.01236186597
COAL
16.9147061585 0.166378929854 -11.034622237 -16.1978942082 -36.3788008142 15.047252088 -6.36926706364 -11.5014059909 -5.80006854809 1.94088285957 -6.9456214861 12.0855656525 1.86791271993 17.2410170712 9.49105377178 4.14861086509 -12.1629240673 -70.6939323577 5.43766828367 -13.0661255481 -0.660193823595 11.1595152578 -3.12043279338 -12.092525139 12.9356307403 1.35593388274
CODE
18.2842047137 9.08705280523 -25.789740687 -1.62489688879 -28.9717136074 -14.0034248062 -13.6066917699 -15.6792406945 8.71928195835 4.74837810501 0.482073475172 -6.28984904374 -8.99513790954 14.7796777491 8.86740735133 -2.75658641224 -0.529995064816 -13.7279120555 -10.7106714021 -16.3566686569 -23.4601109827 -18.1116553282 14.1806849644 2.66619788457 4.58195645225 0.650743524227
COIN
18.1191250125 13.5858294824 -11.7731239752 -7.8616206259 -44.4085487015 -13.7309311441 7.54841432736 4.68267943591 5.86405615736 -3.48745051661 -13.5867714748 -16.6373026806 -2.62652644346 17.5466488055 1.82763949955 -20.4507056164 6.75926987449 -31.5060126386 -5.24555709342 -7.72050231778 -2.56243285061 -9.75077472013 -4.68061868514 0.751732661475 -13.4462428324 -8.68385404528
CON
18.2270698844 1.82414694787 -26.2680870025 -14.5576589235 -21.5594966412 22.6953496956 -11.1341253174 -1.07990393148 -12.0973059195 -7.36380284354 2.04338890898 -10.246898862 -10.6433074457 17.4646301856 7.21583738361 -22.7831526532 -28.9610532083 -14.0027191153 20.0472511168 -12.333396157 -4.01165005395 -5.80785989413 -14.4838008978 6.41456226675 -18.8940700137 -11.9932418025
COOL
17.4489697389 18.7420744758 4.20514060501 -8.3616754804 -46.2867260797 -9.36908236363 6.84475837018 -13.2708921237 -22.0297429286 -15.5177069971 -11.079159443 0.228792973594 12.0316029632 13.4401116284 5.18249899215 10.031355602 -10.9091182877 -31.9151764461 -4.32298367602 -1.70748532334 -1.56115664515 -16.576607201 -12.0238933799 -22.3398004352 -5.60001851132 8.19745311238
COT
17.3498501806 -9.41889645177 -25.0661770206 -13.2101187338 -17.5316052439 22.2830596297 -7.16048197404 -6.87399751415 -1.84235968682 2.34529739396 -4.1488511592 -6.01300390098 -4.89384227017 17.4892620752 -0.963753817475 -29.9042179751 -24.7521903059 -23.2723964815 18.7835961228 2.18560875047 -13.461433685 3.35952670864 -3.60900673828 -18.4768602764 -4.4601194389 -1.27151666936
COUGH
15.4651115034 -9.75150651188 -16.2661642662 -15.398226905 -16.3695288583 5.77583281437 -18.1406001749 3.13642056498 -9.82303654803 1.86690570706 -8.05206143985 -0.586833279737 4.66736298559 18.241187703 9.70712234613 -11.8615138509 -25.8138606856 -51.7070212415 14.1999233998 10.0221843677 5.17674638822 -5.83633659443 -3.61632465993 -10.3855822847 6.44097683304 2.90118649722
DEATH
18.7227445679 3.34115042508 -19.7285091422 9.43364410349 -39.0239810062 -24.3163605244 -19.4999615527 19.8970531751 1.50169176523 -3.49207440006 -4.92237006992 13.4121117976 -19.6283902933 18.509457451 -2.6369831144 -27.3649329805 -1.86915887516 -31.1043531138 -7.10629890461 -11.0060261918 21.2405130172 10.1777220808 -17.5251867967 -24.2231739379 11.1338837982 -3.92883572499
DIG
18.0571581321 -1.52445363978 -1.70711974489 22.8961964892 -32.113037734 -25.5225745161 -28.6870096427 0.378899121748 -16.9606900613 -8.22453516193 7.96507205424 11.0013452435 -1.82242805386 17.576760045 -1.27412497428 -7.73964771566 25.5684678643 -40.9747849614 -26.7088092923 -27.0435516863 1.09398172769 -22.0736587891 2.22650455344 9.26857002401 5.88862609735 -3.83460981493
DIME
19.1571036078 -1.87787529338 -30.4573254863 -15.4099591124 -22.2612032224 23.0434558969 -19.6736583878 4.16208852354 5.33731033591 -8.08374874512 -28.3945253957 -3.01820366152 4.60475808845 17.3479308774 -4.65376506769 -26.1380646966 -16.4742652704 -13.983696134 6.68983864001 -22.6086350154 8.36748511451 10.8457388777 -20.6553009678 -20.6413007029 -7.51347722832 -3.36271716977
DOCK
19.0928882308 6.13863034644 -29.4745751567 -23.7419427916 -29.1225796451 20.4156280838 -9.51193798208 0.496627226007 2.62705429289 9.9606353602 -24.0915418066 -15.1688582296 8.54314290325 16.9743407591 6.5854010657 -27.7784641732 -21.0022809854 -21.5179916467 22.1332667991 -4.89461918459 -10.705257298 -1.7808871473 1.16417314952 -8.06030207667 -13.875428208 3.16545691414
DOLL
18.5456758938 6.29303069245 -24.2851473541 -18.1322475165 -39.6771678553 19.4122372829 -7.22359673572 -5.94576683161 -1.59927134641 24.1190081057 -12.9208431879 -15.2669586947 -6.44913713276 18.0222699872 12.8030214163 -23.4236280975 -32.2854964134 -49.7885534469 24.8605794258 6.39912810774 -5.95198852124 -7.17506357728 8.21395466527 -2.41532117139 3.66226639542 -9.53897650113
DOUBT
19.1837700159 1.40783560671 -31.9329770264 -5.11836872623 -28.799756827 -1.42531936096 -10.7347523501 19.4846732964 5.8756853693 -8.11645762007 -28.2460846993 0.515588506835 5.82841723469 16.5522752701 4.9170057441 -23.3902596186 -23.6177389937 -34.4248573852 20.8550095657 3.26299637275 -15.3160888785 0.584892559558 -7.22745585834 -6.78802647227 -9.47197386795 -7.94944558398
DULL
17.979583864 1.13489024606 -13.5363080688 -5.70179480392 -39.6737746729 10.5307076863 -38.1137120708 -13.8690586943 7.32176412592 28.4081887733 -10.5263081149 -14.198606398 15.5551283032 18.6269190526 4.75003378234 -15.7028726421 -11.6963968266 -46.1265712438 17.8806614163 -23.8573215693 -10.8377065954 5.99782905983 27.5137071455 -1.93398299186 -14.6405967936 -3.93255338647
FADE
18.5819023804 -0.2837373167 -19.4658811181 11.594634764 -38.707051971 -31.4984395286 -20.5098015595 16.8590359584 -5.98387801994 5.35563359483 3.5807169919 -0.594067035037 -4.61842351655 16.6551528768 -6.80139716033 -1.69707495655 27.9467403122 -46.1312840991 -25.0861686345 -18.7931883116 -3.51080212067 -22.8106948958 5.78449235438 9.53637221828 0.501006546651 2.08577020993
FAIL
19.130534498 -0.267529304131 -22.3442069526 12.831347799 -39.8492011777 -28.9316624575 -20.0834201246 22.6674795036 -3.99260218039 7.59108258825 1.07064286286 -2.11519314119 -5.65522593331 17.8652441155 -4.56700687677 -14.8764915487 17.2781364583 -37.5363846064 -31.2265216076 -20.6712781741 16.6755857139 -11.3574814231 10.330071812 8.95541183633 0.90986417631 -0.986216022673
FEED
18.2674803316 -9.84906365577 5.89141618623 28.6538792468 -38.1665673907 -12.7440573824 -22.2905597202 -4.33020947082 -31.4880231153 -3.84622091435 -3.3612297382 -3.6807650211 1.494484361 16.6727090908 -10.1028364731 13.3283881632 29.0904566903 -32.4233473509 -8.68182863748 -19.0105741496 -3.77301840871 -30.8131458532 -3.37738036255 -6.93184549102 -4.01380406549 -3.50333087432
FELL
18.9026585479 5.19571132602 -28.2020164938 7.53757712834 -38.8411582035 -13.0925876337 -28.812884902 9.77882910689 22.453800541 -0.925452546778 -12.8345386248 -1.55602145275 9.14895699088 18.3114639145 4.25147603363 -25.3162030125 -3.148573545 -31.3192684672 -7.97294058351 -25.4365402263 8.0513257576 19.9997804936 5.2181900652 -23.1177830021 1.56523063717 3.31089041794
FIRE
18.8276945268 9.20010085831 -31.8668215834 -21.5951137123 -38.2420823568 22.2596195567 2.23782517159 -14.0724682321 0.252644692313 11.7148492109 -8.19349648707 -15.1033518861 -2.98716636773 18.015705814 9.10630106475 -32.6231073164 -13.7714599614 -21.7245749373 6.82363438798 -3.20093308015 6.50790910243 10.2240911793 0.878999086434 -22.324185286 -11.4415066291 4.13789259856
FOOL
17.9567181275 19.778911791 -5.00163543415 -12.5316075202 -45.0620100468 -7.29511833078 0.98151218532 -21.0811729447 -12.2830597196 -13.4417965064 2.42964352101 10.8036171132 18.9053493314 15.9091177189 15.4734935911 6.55521730023 -10.4647648673 -49.5806082825 -5.24716643532 -4.12495355898 -17.5496943514 -8.06681038172 -16.749349006 -18.8485150651 10.0651105455 10.4441667505
FOUL
19.444523451 -0.392140180113 -38.3010160697 -9.72350452726 -24.9560383424 18.9819581896 -10.8850879928 4.91894971316 1.58005170983 0.102806433213 -32.5764828611 1.87899047061 13.5726886206 17.6669797596 8.04242619444 -19.2029690396 -19.5760431361 -48.093987426 18.9893160464 -6.20528666961 -3.422969707 -2.16129419441 2.34426420857 -11.0976798786 -0.938042001958 3.77738498814
FULL
17.0362896458 6.22805450225 -1.79988184413 -14.1252592854 -38.0641122404 6.95792839191 -5.11839144117 -8.66424964653 -17.2897016021 -6.22798804045 3.3708732474 8.29408807182 10.0102362519 17.9113374047 8.9273021947 -1.28946036221 -19.1806274934 -49.9269742584 11.8278956034 -7.87106596335 -13.2682552927 -16.559190376 -7.99596109056 1.93573850425 7.93156900484 14.1148664133
GAP
19.2291778513 4.68308041403 -37.9695531764 0.97615160814 -29.2310567151 -14.8509300721 -5.45564209931 28.6246094675 -6.07083435103 -11.0206499322 -17.3009726821 -5.75394943619 8.413853941 17.8780188158 4.34137839229 -33.5588454125 -16.3454173417 -15.6332657613 -2.70412126149 0.999069202466 -2.35687633347 2.75644534358 -5.57919912737 -28.2087495104 -1.78729599133 18.0605274779
GUIDE
18.750767086 9.34043363203 -33.7834822584 -15.3951010563 -22.6781872931 9.00217367062 -8.86975673339 7.32856250604 3.75291221279 -0.371136935703 -26.8666110077 -7.87455871151 14.9342908449 16.8721921446 3.079911507 -19.171643565 -9.96402979974 -26.3000657147 -7.70254610212 -16.4516431864 16.8712545902 -5.46809257912 6.34799937296 -22.9597899125 5.50611963652 -0.733099647998
HEAD
19.0260004175 -4.91354890145 -10.105999326 8.92833716272 -39.5866189093 -33.9708560569 -10.7945831448 12.2580706322 -0.512357922735 4.54849173513 6.1107874757 7.19205583371 -24.0558273513 17.4102075932 -2.31934553998 -10.1426469849 6.95849019782 -34.0321875298 -27.5074094821 -23.3196265246 21.8159088398 4.19899137332 2.52561679269 -4.00531763118 19.0169407076 -23.5183282479
HEAL
17.2116430055 -0.280191000364 8.98605210754 24.9341326585 -30.9040344952 -17.7389932616 -20.5442048811 -6.04851798095 -32.6167166013 -4.80721819044 -1.60247322528 -3.16016973718 -5.29267635739 17.4622519756 -0.828348289796 0.0569575883759 25.2765993131 -31.7682186788 -24.2309352672 -23.3840030801 -2.60561381779 -32.1008096384 1.29230835159 -2.69249452896 8.46323773401 -4.03628741027
HILL
18.287420424 -2.11422399155 -5.59516307156 14.9568336647 -32.3762225197 -28.7769044787 -25.9861952139 -4.81699809452 -6.02761007724 -10.2734083662 1.91789666423 21.2660250773 -6.29973431099 18.4825359084 -1.33157902437 -5.48307532687 12.9594387009 -30.253100795 -21.4354963429 -34.437512437 0.46046198333 0.162071364713 -6.2656650039 -2.8381672665 25.3777265739 5.6784736859
HOME
16.1443622193 2.26364290742 -11.8359353947 -18.196650719 -33.7665446467 2.85149124036 5.65221383479 10.7246836756 -8.15676822716 -8.74079817908 -13.6743529197 -0.892846963113 -8.39195234411 16.254178539 11.2006406138 -1.19331787705 -9.84919309758 -36.5408811817 -12.3480506731 0.922335558971 5.03300795064 -4.00143853985 7.74589242797 -25.4554093591 -4.06788320275 -14.5620723397
KEEP
19.1307208841 -23.3613193384 12.1269108966 6.50647594886 -32.1742350981 -4.17956371309 -17.8571639484 -11.272873093 -9.11114655352 -8.32280066236 -5.37855413628 3.67394660426 -2.11115261292 16.5939077699 -15.3560043074 12.1063152565 26.2965573379 -29.876069075 -8.91480871549 -14.6087181047 -7.92742419947 -32.6129508333 1.38718001086 -17.060261545 -2.80093912576 -5.19279310901
LIT
18.1737114971 1.003235895 -13.130043936 5.85956249443 -33.7507878811 -27.2875385429 -38.1797962105 20.1247071365 -3.2013342836 11.0767178165 -11.2071778524 19.2541467632 4.08849448674 16.4005027578 1.83508475288 -14.2732688634 3.34109377032 -32.8438216531 -28.1476442397 -36.5384255774 23.7146107758 7.57496888658 11.7518564457 -12.3926723801 30.9436626433 -9.3817046068
LOUD
17.8835348749 2.04268573961 -29.4528254525 -19.2987319542 -18.0747390483 18.7527630326 -10.1395103167 8.96658911292 5.36876398908 6.79483632473 -36.4841250622 -8.39983834022 13.9716184285 15.2910951654 10.2663777224 -16.6222827587 -24.1822075084 -40.3333340543 18.3667686917 -1.61196339059 -11.6450048316 -1.28049163222 4.14641800145 -2.05263488342 -6.38539702608 -10.1318509446
LOVE
18.2934259107 8.61573640089 -12.6371113407 -34.4714967565 -34.6558852264 17.5251746741 -12.7449093763 -0.579313897774 -5.18771791831 27.495557954 -6.86458364085 -5.62814554598 -15.2483544036 16.9020341573 5.20177354694 -13.8060907971 -24.4546251917 -40.3945648747 22.0584667469 -12.6266730051 -7.69782763453 1.16926362113 27.3680348501 -6.46241118917 -4.09613992023 -16.7949974695
LUCK
18.084703566 5.95092426774 -20.4743387188 -33.0061148989 -38.4848760372 12.0613740738 1.53938719437 -14.1058224991 -0.0337817404894 17.1108018773 -6.43269463699 -10.9684917559 -10.8823787793 12.8223581988 -4.59139838963 -21.5890980637 -17.0193442555 -19.8439864214 -6.45253677836 -3.77317598712 -10.3759313614 18.3139112336 19.8324269064 -6.77676767652 -16.3167082731 -0.337499249931
LULL
18.2036161948 19.5013604144 -7.28496887485 -28.0528804287 -38.3965564143 11.1938903393 -4.60970441862 2.31984173489 -4.70913522364 4.80257052625 6.45969506138 6.05180475404 -7.49651014371 18.3344406905 15.1398244451 -11.7278093338 -39.2581256481 -44.283264706 7.20415276193 -0.833749994281 -1.80867891444 -5.16301312947 2.18587238993 0.965194401673 9.59271421223 -11.6668776889
LUNG
18.3843538204 13.2787523005 -18.1335893133 -31.5562197329 -33.50069836 24.6579680414 -10.8896991545 4.83749812992 -10.4706316052 -12.7222219821 16.6591947208 -20.0160570048 -12.8729243033 17.4824846927 14.6396501361 -21.6709351979 -28.430911101 -22.407776067 20.774884847 -9.25814416982 1.3610451088 -18.1317196278 -10.4606959313 18.7316939058 -25.7011182528 -16.0812398584
MAIN
18.3725909815 0.316708506009 -9.39758098611 -2.19070477238 -33.4217076336 -16.7726091456 -12.2074442801 26.7679681311 -25.519836648 1.79832511322 -9.02969991275 -12.2259368101 -9.71582845358 16.7332531735 0.50902973329 5.71623900176 9.56806863094 -45.0368496329 -2.34176803316 -13.6553991871 -3.35222182133 -35.3155216446 17.706513366 -5.82102889501 -12.8977604341 -0.436250319382
MATH
19.6055424974 -5.49339660234 -33.9929759306 8.32940191637 -28.9489172269 -3.15325546874 -1.90933118264 22.5742493331 -24.2199587347 -19.1806751606 -18.0545337199 5.58601455311 -3.4941047192 16.4845673071 -5.56614052775 -23.6629223749 -1.53262238421 -7.91707525663 5.679092112 -1.93536725322 2.42874135647 -0.865222257795 -28.1659548033 -13.8361704464 8.83825851387 4.85847111521
MEAL
18.056459819 -6.00469655108 4.84447843156 23.8500172855 -48.0646642423 -2.26552370706 -20.4989152866 -6.06970088105 -29.0384019055 -4.30213510227 3.14910353486 -8.48675337988 -8.64025952491 18.3560513116 -3.90938474134 -7.11953765958 25.2778522989 -44.1076900232 -19.9912726067 -19.9688234748 1.37952961348 -20.8782728109 -4.76793924102 10.1612620246 -2.0384229359 2.08000986012
MILE
19.1415228175 5.80001757959 -31.592815224 -23.744829362 -26.7396662279 36.0977686601 -11.3082048772 -6.42417691156 -2.96314424484 -12.7092339508 4.61066701439 -19.7337845989 -6.99534167784 17.4536240608 8.20829590535 -30.0363632921 -22.6996424714 -20.1689541492 17.7135644143 -11.9707045903 -1.70074102018 5.94934371704 -6.55653785518 -25.7199874088 -8.02649840347 3.91071194808
MILL
18.4533564068 -2.30676008141 -8.82338813902 13.155327569 -34.1789426626 -13.6572440779 -26.1342272502 6.6495828167 -1.91634963821 -21.6026057167 3.29053174273 -4.15018052569 -8.76734764299 18.4434798408 -2.38374096042 -10.7028457018 10.3279449074 -33.729604604 -10.9649143227 -32.9971609154 6.00001979124 7.04232231248 -17.2211407587 -9.13213428326 -2.27685989032 1.36576954156
MOB
18.6866119239 7.03871101226 -23.9438937006 -29.795067223 -35.7358312665 35.6281453974 -8.38392193772 2.88284951561 -9.59523286849 -19.8694717112 12.3006228041 -16.0782930717 -12.2482193652 18.0987836888 7.97262118299 -20.6180362296 -26.9146554831 -39.4806762698 36.6154318508 -8.29593154519 0.836678733199 -8.16495784178 -9.07652694659 5.04060014878 -7.70864528289 -9.82791609062
PAL
15.6349820292 -12.0949357014 -23.491281673 -7.57578845388 -8.44880415951 -0.415010637742 0.2744225935 10.27853921 -5.84366844613 -12.2951011082 -14.728791275 3.4922317786 -1.43074768992 19.0310711733 -2.33688594902 -32.008236177 -10.3941242477 -20.9367206993 4.30514473957 -5.08736739461 6.23314945433 0.817929376363 -8.54405381841 -32.1168802826 6.28252345405 8.33989080569
PEN
18.2139739714 -15.4950318779 -8.81745096976 4.38394016663 -25.0857803591 -12.1175117481 -3.25689844683 10.873643181 -20.7133174865 -2.23818407537 -11.4068884908 9.93528667651 -7.37774091719 18.5721623488 -5.14396070483 -14.4673620063 9.21881073962 -29.7859265071 -14.9521936169 -14.3701594658 15.1230060608 -10.4189008014 -8.70001044427 -9.35301045653 2.78170581884 -16.9799345082
PIN
18.8971150324 -1.79081893313 -10.5293766145 21.0292119104 -52.0114550417 -13.1977014883 -18.5217352901 7.29000467686 -21.4171873828 -0.567136859842 1.3936075698 -5.14357346387 -8.50164640931 17.30234248 0.835997348955 -8.04696921589 2.67324298114 -36.4006825676 -8.0936206114 -33.2831230218 20.0228042733 -17.8296704603 -7.21346597894 -9.66937837262 2.27108025064 -14.1891940666
POKE
16.593937511 -2.20109506155 -19.6188204922 -15.2151724837 -29.228249145 15.9926106772 -10.6962742004 -4.39891483171 -10.2941102776 11.6886205324 0.375352984403 -9.63862176848 -4.79319742623 16.1638376222 14.2251445295 -7.53489270802 -18.3396658919 -32.5004849781 -5.54438438326 -4.43531306338 -19.484356634 -21.4501092937 -2.20563206921 17.2068439891 9.13881689991 0.0522660054846
POOL
17.5109022785 16.4011084181 8.505938387 -4.62944233632 -52.025240178 -3.59084956985 -5.13240686514 -19.0131179883 2.69037147721 -16.19863567 -7.1750564808 -0.750864638835 5.16800758402 15.9591182328 13.1088355162 14.3409569605 -4.94347836321 -57.3180713632 1.37497975803 -20.592962472 -4.08607468991 -5.18521043727 -12.1404118774 -11.0446439551 -8.1502079268 16.1691162435
PULL
17.5293450442 11.0404887374 -0.00800022051328 -19.3276087592 -67.6840194334 15.7011452517 -7.28770321263 2.25383243315 -21.2849904692 -1.81271278216 -14.6917338799 8.74623035689 15.4416482941 18.5800832222 9.28783455823 2.16473328003 -16.3174949549 -64.6815255095 17.1097330143 -8.2884755172 2.78812184292 -13.7493803009 -2.28598061498 -7.50846021056 9.01054717678 21.0838766036
RICE
18.5331312721 4.20019518266 -29.6536606509 -10.2207838302 -13.9456813167 -12.0257726947 -6.52157076834 21.8884745153 -2.19689069457 -2.81835678739 -15.9511454079 -10.3435898894 3.04119431271 14.9790016216 -2.7297826919 -4.72589318279 19.0311127816 -26.7053578039 -23.1466787924 -7.78641090585 5.84047973619 -15.0610820518 0.152974784407 3.81156058961 1.60114596482 1.06550469042
RIP
18.9402852913 6.82074342758 -27.5633099213 0.318618757514 -21.8015021701 -30.9309657921 -49.6242387395 31.7714981777 -0.13716728237 9.43748726809 -4.65367719507 12.567632722 -13.3448218495 17.0846386426 4.48656984051 -15.8346333194 -8.59250800748 -24.6265111351 -34.1491021804 -24.4831804446 19.9282094319 6.0178164704 15.8444670232 -9.91752596467 -1.62440631872 -3.71637531603
SAIL
19.1890698473 -4.86261504727 -14.2975754285 10.5698944945 -37.3555424407 -27.0033326689 -27.7882754753 25.4248729747 -5.78175773502 15.7311260707 -10.0772765209 18.9096467636 -13.8514754149 18.0167768585 -7.14024969316 -11.6196947473 16.7659740599 -37.5265470331 -32.0490456951 -27.8621782563 23.9641160783 -17.4182988844 17.3617642122 0.764442564874 9.75055865953 -6.96803988707
SELL
19.0604528313 0.558477417594 -21.4305312895 -0.342081286617 -35.0245553119 -1.69300793363 -35.2305681794 11.5577828736 14.5323058897 14.4654153581 -26.3038225732 -5.02699637587 14.3192443 18.4796160557 4.68170129842 -26.4990368436 -9.67713616696 -33.5370380526 3.50731436166 -23.4484145865 -3.29754627002 20.2717049224 10.8411416772 -21.506704133 -19.4843735234 8.35923050818
SOUR
19.039274393 0.609768448347 -32.310106402 -18.5640960542 -26.7159546877 11.6466287023 -10.5825156974 10.0786561933 2.18131888153 17.2269951332 -32.4875427349 -15.7124696592 8.0900883941 17.1096268646 16.2567837216 -18.2484764446 -28.5188179286 -42.1160213752 3.32225412027 5.97479248395 9.10895465065 -10.4353395085 0.239066863185 4.82348859763 1.24136167483 -4.15539045189
SOUTH
19.3771476036 -1.76832502663 -33.8037594318 -13.149782861 -28.5279347094 12.7110249571 -13.5275569922 3.95087933387 5.89319239714 -0.0084113794263 -35.8647813025 -6.30451121083 10.8363691365 16.0472794648 10.3152161875 -14.6918583738 -19.0663502108 -29.1197017113 25.476826275 3.21430355474 -3.24267378236 -0.727677758848 -8.21918777457 -5.44533672824 -1.63153144851 -3.29575294641
TAPE
19.0979414171 0.746683061036 -16.9578895606 11.5799933049 -37.5793301506 -26.8136165107 -10.5400898985 11.1817853024 -19.3240962579 6.51859159034 -10.1439475578 9.16890408349 -10.2049433983 16.4006251154 -1.30207767515 -0.84177051331 24.5387910357 -34.1091605189 -33.2414430431 -13.9485653824 -8.04318709719 -28.6868858399 2.8059462927 3.41724759668 -5.48102801673 8.74650088458
TOOL
17.35435807 16.2603527324 0.378535891385 -6.83355371725 -40.019988015 -3.43641253564 -2.08531885716 -18.7347805924 -19.8770231607 -13.5215573573 -2.93537806728 -4.14762527312 10.249467524 15.347918862 14.0367092422 14.138452632 -10.372821306 -41.4473686225 -4.50472941692 -5.03895726751 -8.33034659844 -16.0664668901 -13.5222292967 -21.329980478 5.21593060108 13.650587196
TOWN
19.3872826461 -2.81545105155 -30.483716417 0.776376997646 -23.2482101469 0.317510896147 -9.10249389552 11.3882600351 1.74129679714 -24.859276737 -19.876879358 3.10093888835 -0.76380103955 17.3750205345 11.5722419779 -19.002147807 -25.5083282969 -24.322919542 17.9843316821 -8.9373605404 -5.48276222775 -7.95028052237 -20.1615171113 -2.91358102176 -11.2024726114 -10.6228134095
TUBE
18.1277421497 4.69172434464 -15.2772313645 28.6387658191 -7.4475202615 -25.7090783331 -41.9900515478 8.64824889598 -14.5952990369 -37.814619084 10.7792252099 -6.14046613003 7.95299534916 16.441881063 4.1611442672 -14.4871355976 19.2788789262 -3.38011617154 -18.0159135078 -46.5027883815 -0.749305311985 -12.9333634396 -27.577295343 8.68792286617 -15.8981378221 2.44058746424
VOICE
18.2333912189 15.0045582184 -7.34144346027 -22.45244335 -49.1915214575 3.07792653177 -1.83512438552 6.36265054318 -13.0352588006 2.52854748839 1.58640129228 2.56559531404 2.51372676468 17.1512872776 2.54013223422 -14.9901443094 6.54599901314 -26.6579209885 -23.9234446881 -22.1135304196 17.4657369679 -21.2371282655 12.8822903002 4.31315109752 -4.72253409505 -3.32459381224
VOID
17.6840891898 13.580907538 -7.23855722438 -16.0675471088 -51.4033015886 -2.56670110373 0.984714679207 -2.82286890535 -6.07011776967 -10.2743813635 -1.40723097014 -0.181338945877 10.2162774353 17.561596437 8.7504877679 -16.4942442803 -4.68537295908 -30.0503003258 -13.4708741576 -16.7680313679 3.13408313928 -12.3038066808 10.2936504652 10.7994003943 0.124974558069 1.16934398253
WALK
17.7707886767 13.67415526 0.745898287091 -20.4285039955 -60.7871147938 3.26058555276 -6.07772184568 4.08662368423 6.71983945912 -5.37792398364 -8.21927055274 0.124961639483 3.64222423251 15.6344053668 9.35017440815 -2.77869373903 -29.8633133687 -40.8665399397 9.90693076833 1.57965333832 6.75818217796 -3.75810734631 -18.6168437251 -4.87615695787 6.57100546284 -0.595365597324
WALL
16.2499193288 20.6115185569 7.46297807685 -10.2565472859 -46.989704373 -16.0348023726 -6.52752863336 -12.535395782 11.2603800355 -6.79522686525 -7.97600706565 0.143576501639 -2.90957180322 17.7134714669 15.4066888763 -5.8484181795 -22.8899288831 -60.5631264627 10.8896513173 1.19066985031 7.18348290313 11.0575918957 -14.1521285178 -6.32356785148 0.192775142642 6.68372034307
WET
19.2315030865 -3.69979867386 -26.9885682468 4.114985086 -32.5674843169 -25.7207938497 -7.0540347445 29.7308640136 15.2212175443 -5.37650146698 -11.6642166088 -3.94228650129 -6.17036712526 16.7893394964 -1.93110599436 -16.9051447739 -4.70069233268 -26.5254483401 -31.0693474941 -11.3164431949 20.7961100455 15.0109380964 -6.58208391934 -18.5121293213 9.63978613224 -15.8952464829
WOOL
17.5598731288 17.3597471255 3.31105607354 -18.3637277501 -60.587004434 8.27219108019 -20.0213747243 16.7786103935 1.91898841643 -9.60404548432 4.79565338186 2.03934699498 18.9196081574 17.7965651715 14.7869962099 6.04579559499 -22.4600440317 -66.7932947131 15.185115279 -20.1571520553 8.49888725447 4.16441623603 -13.9807905574 2.14252228126 3.91520285194 16.1744307145
WRONG
18.3395864905 14.2676837664 -20.1406541301 -29.0719940453 -35.6723199239 23.0440030766 6.41105877078 6.09740115424 -13.4167184505 -22.202495748 7.44580439879 -0.346058634221 -7.42736974846 16.2647072335 11.6691370097 -12.0697303717 -27.6082573202 -32.7650449546 17.3675099243 5.11901275002 4.29847704309 -18.2417956227 -24.551035255 -1.6449813458 7.79790702831 -7.02590901391
