BEAN
18.0005171372 -2.40468200582 20.1701107141 -1.7717949164 -48.3481612637 14.6474714753 -41.887724948 -16.0949189888 -0.804003749063 -3.15703689226 3.0981515224 -0.808105225748 -14.6572831508 16.9695664643 1.8314140357 19.9650715772 -1.14025752086 -35.8585934728 27.3674344706 -39.5285721243 -20.820759315 1.27344716066 -6.72647411703 1.77169472964 -13.9491619562 -3.07843746023
BITE
19.5944156562 -5.16717566314 -20.9757542482 -11.1940503391 -28.8440328815 5.39738621263 -2.28404653071 17.0854738537 -17.9769647055 -13.8826016843 5.98922564831 -4.63264665075 -2.96891930449 16.8527400577 -3.7967375947 14.8134547113 -1.9904088022 -48.6033559004 -2.36045159317 -24.2628579027 -8.52872927377 5.53508603249 -5.32553892724 -2.38802388382 0.706456199226 -10.1638575533
BOAT
18.3590240564 10.4404386295 -14.0469509356 -33.3853656664 -19.021901785 11.9523709218 -35.8670316259 -0.187138625599 7.22359533698 0.84875584053 -18.5720529617 -13.6522837041 -5.62913490876 15.7768994968 10.9896627589 1.15331076481 -23.2167390465 -19.7341113078 2.27787140108 -22.475874882 -16.33261466 -1.66444071711 9.04871539363 8.13065479204 -3.42604959354 -14.2488239123
BOIL
17.8609356814 16.316332569 -1.32232148314 -34.2854380667 -38.2499908844 7.26784249429 -22.7747978616 3.41398793188 -4.01701603049 -6.64751230943 11.2350912995 -6.94288483562 -2.8409614031 17.8195566141 -0.396338208451 -12.4261575375 -5.71041024792 -37.4832755195 -11.107382585 -13.4743667868 13.2185938223 -8.03511985426 -3.7655076813 -2.37868773043 -9.9538480085 -20.3660791138
BULL
18.720188071 14.0332201303 -7.20616352925 -38.6324534103 -15.5831843333 11.036563102 -17.0281700938 8.6136260155 -8.6329691265 13.3048643147 2.05021230204 -13.9740095133 -13.0157616439 18.8696014826 12.9034110372 -10.3244413132 -41.5477248809 -14.6471375353 19.3744602594 -20.2202286973 8.60102485755 -14.9841996151 16.1735945632 -0.926740408988 -11.1567584285 -8.22860575244
CAB
18.0404607794 -9.0715449987 3.06137694583 -11.0704742789 -48.1522231096 -1.13244092917 -8.56445790328 1.09207730313 -8.85846844218 5.23458964605 -14.828306337 -6.10108099185 -2.10175733653 17.4199009863 2.36357169482 -21.254123109 -14.3841658355 -38.9671319292 -8.17356341736 -13.4193731738 -4.8102894371 -22.7351226814 -22.386690019 1.25298497129 -2.47232843314 -9.16970899574
CALM
18.6679877117 5.50947491745 -22.5462631719 -30.5231159246 -5.10398955591 14.6960692736 -24.7656604129 -11.90968839 -26.068676744 6.07463739202 -12.6684765276 -8.52454545293 1.0071052947 18.3652147989 9.35097327743 -17.275695139 -35.9233561005 2.38522061286 8.73878865557 -26.4108202461 -10.3292286672 -32.5335966645 5.40330619705 -23.371975291 -0.807348337795 2.39934276735
CAUGHT
18.6349519229 14.5291576698 -16.9521647197 -40.9940716612 -34.7081571425 25.7959056821 -27.2657851111 -8.60366588486 -5.44565496956 -9.28457154038 -2.73090537149 -10.929716452 -14.1442616652 15.9528616671 -0.813344368649 -15.6497856433 -18.3290130787 -19.5350407013 5.05120936906 -22.8977510546 0.826132318101 -19.8389167144 -26.0447993901 -1.72990015464 4.87345184761 -8.1530997075
COAL
18.0136476092 15.1773176449 2.32791491188 -40.6657996103 -41.594007789 7.84723985668 -15.3524860272 15.707093996 -19.6321588652 -10.9317937271 6.69050437657 -8.14861773884 2.36094343277 16.3376345451 18.2663275674 9.98589800257 -36.2867879423 -34.4728160735 -9.84575609191 -4.58634145085 -0.491042331592 -16.4477663907 -7.26841946405 1.69699909463 4.42609024953 5.85422082095
CODE
17.1062692921 1.2336114781 -16.4941143906 -15.4874913904 -14.3932717994 4.6722969946 -36.0489588328 -0.817608587328 8.07785809462 -7.95068013868 -10.2737913705 1.05663902071 -10.9351043274 17.0055584847 15.3075759864 -4.05252631056 -14.1162363753 -22.0399647079 1.5199326364 -38.9625889637 -17.8015686884 7.18715423136 5.26003313877 5.00069070901 -2.15078488105 -10.1437984001
COIN
17.9342028198 14.6815771953 -6.45121299125 -24.5862259682 -27.8078749343 8.93586432513 -10.6084296503 -4.66442027666 -11.4457511866 -3.02369667786 -11.7743444308 -8.16067111891 -2.34970250625 16.9441432825 0.973084131529 -1.29787289391 -9.85532136594 -35.8419487409 -0.814995494454 -24.0765650241 -12.188023709 -12.5248352388 -11.1994478942 -14.8083298067 -0.816771327016 -4.87082960072
CON
18.1943193044 6.39882253389 -26.0045006619 -21.5790738001 -4.91475605854 3.13168909066 -39.0588145166 5.5365152875 -9.64209991563 -16.4800237295 -10.7041516818 -9.23476100151 8.72240807711 17.388452768 3.65742926531 -18.0037226935 -20.0835429768 -3.13920553199 -1.14812816536 -38.452255525 10.5573646723 -8.99330487525 -22.8516164337 -1.21159600532 -13.7575061425 11.1779099298
COOL
17.5390961474 21.5022483862 6.9883012815 -21.4570506139 -32.2467939877 -8.56466650099 -17.4297649263 -1.5140951234 -6.27339650185 -8.87347264288 7.93539687186 1.92162389193 4.95348422843 17.340471565 18.738863269 4.45794367845 -29.8902182017 -41.1118881314 -3.33334095421 -24.9748846961 -7.52432439439 -21.770911873 -21.1166247003 13.7159804943 -1.6955569407 5.83551793647
COT
19.2002415165 9.07782799569 -38.0887699555 -16.5484709121 -7.4539530046 3.36446501085 -19.4855625747 -20.5554280277 -5.79499918147 -2.99579952367 -10.4271275715 6.9859274326 -9.60771445105 18.5562465749 6.33624218076 -34.5650323858 -16.7630009557 -11.6374831101 2.39941652074 -29.3815391997 -14.7435951864 -12.322144625 -16.8885175394 -2.04522270711 4.74490410701 -15.8270579779
COUGH
15.4686036579 -5.42783933908 -11.3431212086 -26.5191657753 -5.06393355333 17.3316156005 -6.65107544001 -7.81254489933 4.84282766082 -0.924282842613 6.12864988806 -9.58209231326 -5.88722044007 18.3004456858 4.23144338622 -21.7595724062 -29.0019425472 -13.5432074435 22.6513530501 -36.9771632518 4.71036963769 -13.9324184555 -13.5128447189 -2.8238907692 -8.61164369047 -2.01990103018
DEATH
19.0139585307 -1.75065128364 -23.1506510876 -11.4487174751 -25.5708081082 -6.85311919313 -7.16428392721 12.5430056575 -24.0743640438 -2.722590922 11.2994152132 -14.8624619266 -7.05758866628 17.5063291962 -5.4617883568 -20.4886333541 -2.51149148737 -15.7004847447 9.07119553399 -15.7219755321 3.49490893927 -36.0159451564 -20.9061885985 12.8130542685 -13.207675224 -14.2786210297
DIG
18.1485979591 -2.45506353577 0.47936185875 -4.77483361056 -45.7732448638 -17.2476055669 -9.44681466587 11.1604101171 -11.0828356275 10.6780888765 4.06350988848 -20.5806160146 -0.00679983241628 17.7005717577 -0.723225320092 4.18298661749 2.16866873118 -56.2020081702 -8.77902934439 -18.0438116358 -10.1763196373 -1.24950911749 6.5519581703 -14.0517259659 -4.03263654692 -11.0245361526
DIME
18.1459089167 2.57768842658 -22.9349202715 -22.3207226433 -2.56649377596 0.118614695989 -30.8423080728 5.77982214309 -4.92697130951 -14.7730824358 -6.83054157473 -11.4651530326 2.01886201181 17.0320922944 -0.884690253253 -7.35946850643 -8.84279569047 -21.7004724022 -2.35987927488 -17.7416914087 5.39359257019 -23.4014993806 -12.5067126314 -1.01618754861 -15.3657510321 1.50516927337
DOCK
18.9954924006 3.673506589 -29.7020700535 -21.2732477204 -7.53843711649 8.06314876545 -27.3665464748 3.91965660296 -8.37572683935 -18.1446218308 6.87276340482 -2.20331282888 -7.68318086279 16.6765193597 -8.55773697707 -22.3777150253 -1.30540762503 -2.78720769735 7.96069129023 -29.7395383133 -0.377658837714 -12.4080873117 -22.4766389186 -3.73778325985 -5.16681588394 -15.4765195524
DOLL
18.1857457672 10.6344749123 -16.4828254738 -37.6525253415 -19.3837073412 18.5513957018 -28.0652161733 -4.82975370446 -6.39709562019 -2.39875260701 -5.36322561416 -9.43161665781 -3.74060102851 18.012798646 8.54009664133 -19.3230534246 -38.2808596302 -10.5930498331 24.682112239 -29.3930893554 -9.93662253733 -17.5700760804 1.24098954583 -3.51032995519 -7.47601368181 -4.91796688461
DOUBT
19.0250889135 -3.41248332825 -25.9872753919 -13.8218143285 -21.6427130022 1.93417378521 -6.08940341047 -4.35283600215 -19.6369273581 -10.7021978081 8.74241810035 -11.3446561804 -1.62095628301 15.9298146445 5.34011339483 -10.1225187838 -19.8363927496 -14.0209140481 8.76609521667 -18.4206827287 -12.7181919018 -1.66028243057 -3.22799355239 -3.22248470319 -1.85391223126 -10.4161057906
DULL
17.8180207644 9.36769571916 -15.3517539498 -26.4619679703 -23.5529906217 -8.48696974474 -32.3728928522 16.1888741555 14.3061413987 -18.3752078306 -6.10756809172 -10.7955879002 4.49450089599 18.6912641371 6.8324489118 -24.4054843069 -29.1602307035 -14.6060597028 2.47586656904 -28.2620669759 10.1814111367 10.1249449192 -21.9286275811 -5.87772249047 -14.6253974276 8.87701375619
FADE
17.7664363862 -1.7308065026 9.77672563371 -1.16897400684 -53.213608853 -7.07392755053 -22.9038344331 -19.9459940873 -9.91492601428 1.84681723841 -15.0907571503 4.60802535542 -10.7127691639 16.6176163104 1.85654781054 20.4033923791 8.17543617677 -53.0330470336 -5.40044023611 -37.8535833585 -19.8883180754 2.93319641048 -3.35311545169 -4.72612473771 7.68371834707 -19.1511876218
FAIL
18.3857493731 -5.43471170646 -5.30897978244 -10.933752126 -51.6924737397 -9.89037468002 -2.07088787753 9.85504872369 -11.8719688127 -4.43635191826 -8.39937861492 -12.3537483804 -3.11562259726 17.5371582529 -2.54978766009 0.0720370401422 -7.80872628775 -54.3309707141 4.29189377253 -7.32841752138 -5.43269906132 -13.9865672733 -2.80520840098 -13.6684315653 -6.44562126443 -4.96547866024
FEED
17.5070300684 -6.68191657943 33.205990799 9.15965790646 -50.1077028647 7.87888323972 -42.6342969092 -6.31332947041 -9.86617143708 -6.20209512789 -15.1766210144 6.12600103862 -20.9090692976 17.1636267619 -1.35248597831 24.8553025065 9.87291335626 -42.6710111845 4.84769975435 -38.1216879559 -12.354280851 -9.95412849635 -8.50117691027 -7.72686908459 -0.738137624255 -16.6430855325
FELL
18.4292366536 6.03161075619 -15.0070448993 -19.3194790749 -28.316341275 5.72608785994 -8.76194970658 13.1261636954 -26.1324412323 -15.4768023043 12.103061178 -8.00143789967 -8.94146556738 18.6508901806 2.55951143657 -27.4673127463 -19.5143626458 -16.067894668 10.7877317323 -21.2357213808 0.242338750515 -24.8731405052 -15.1617029852 12.4024280515 -4.73043590823 -12.6081661716
FIRE
18.7267609503 1.38239623033 -29.76284745 -12.1331719823 -17.1786973249 10.6387349889 -11.8591762126 -2.69268501374 -15.0899169393 -9.86174253995 2.46262550283 4.17713395485 -14.9493080597 16.8977030582 -2.27585187059 -10.53330538 0.563030222205 -43.8552383424 -9.00070341254 0.398827538151 -14.330847191 -24.2961138895 -5.91780759599 -3.7576147573 -8.04805947943 -9.57126667168
FOOL
17.4267962335 21.5119048646 6.92246552856 -23.7807043915 -34.3722487625 -22.059759997 -17.2263162446 -0.942685230389 -1.37754961376 -3.48987429104 3.58773287992 -2.86569050876 -5.24350980116 17.4504583332 19.9034878475 3.98940789828 -26.4069591613 -27.3422653294 -6.2078023845 -15.9619329033 -8.20606662974 -12.7276480918 -9.61428317771 14.2275603202 5.61055781795 4.62905978206
FOUL
18.9317200189 -1.93816091883 -28.7754081897 -15.267428045 -12.057164203 4.14920551732 -18.6309910539 -1.23384987258 -25.4744070387 -16.9399141517 10.67365597 -2.17139320453 -15.5071435489 18.3659397176 1.26575294364 -21.9514503093 -23.5923390037 -4.783577929 19.4384401494 -41.7531851329 -5.1949154776 -14.5626233492 -5.98074093422 0.6203190542 -0.833593486751 -9.79717243782
FULL
18.456484304 8.68334515108 -15.3211308374 -39.7357914845 -19.6244307861 14.5809195713 -27.2865092398 3.96858387408 -13.8771577445 5.17136808101 -5.9460527101 -11.8556985217 -0.76118130261 19.1070099602 9.50955105088 -16.4635306483 -36.9174961841 -15.4301381032 27.6958801908 -24.2639510502 12.7523986145 -11.4082033477 11.0262835648 -5.74830782382 -17.3317321637 -3.94405336966
GAP
19.0145898145 -4.43443406244 -23.699435659 -10.0868293874 -29.4923039111 2.26658198193 -8.07980415487 -0.370399657568 -23.2612671011 -11.6312278265 3.59331396562 -7.06769238677 -7.81389587674 17.1347094804 -8.41305141929 -25.3307775808 1.33152771834 -10.8219197342 15.349617759 -18.9717619553 -8.75686701425 -18.9620862981 -20.0388132258 -1.34858878943 -4.53575336164 -16.6961870934
GUIDE
18.5167727304 -0.930133897989 -29.4658757084 -10.5420776041 -16.6804853351 5.96864573256 -21.3247481127 -0.442911607477 -12.4076281569 -17.1255761785 5.43079600127 -0.397202243967 -17.2311693056 17.7115506741 -2.2805334616 -9.9982686515 -6.46429405702 -38.6893404244 5.82966238424 -13.93969654 -2.8636494395 -25.2590245716 -11.7786531094 -0.188743641606 -3.44450140005 -6.38329650367
HEAD
18.6849350396 -3.4360190063 -17.7818561619 -12.9450903662 -30.9965135467 2.97036800782 -7.30275161567 -0.540663206509 -34.4987144209 -7.55314663304 12.808450487 -14.3738993841 -1.89079393584 18.0219781017 2.12986750889 -11.2162659553 -15.4055136936 -35.0779959624 -7.23593129525 -8.1454827897 10.3096499127 -29.3326500943 -11.8832648075 8.16638104639 -19.2086265567 0.574249263005
HEAL
18.464370646 -6.4495840954 29.0679753102 9.18775940101 -54.8005360756 9.42568214057 -47.1022858437 -1.82067804466 -8.22100712074 0.308625585533 -12.050079909 15.3837530296 -16.7348158107 18.505703096 -0.903610941404 13.1831943268 18.5460192483 -54.917757584 1.09898035744 -31.7423065177 -3.64037512173 -1.23242216065 2.86529596568 -0.838161449245 11.7276762245 -14.8418715586
HILL
18.6744615053 -1.17289265548 -14.7691616584 -11.979552221 -34.3519510135 -1.76304787618 -14.8768821066 34.505145058 -18.8667496001 -15.384247666 2.18323200947 -4.88529402614 -10.246953303 18.7151445926 0.243581214441 -17.4440232487 -15.3253649674 -29.5796626637 -3.52297358868 -23.8021362883 37.4367990737 -14.9634459603 -19.9828591565 4.06709824422 -2.23018532505 -15.9844458259
HOME
18.080743235 11.7019045764 -9.35468667841 -26.1378776302 -24.6735673447 19.0101468976 -11.9127718972 -6.67079243282 -17.0932785787 -1.02731581434 -5.365025125 -13.6020046712 0.906007085533 16.457699391 11.7288114859 -6.23051151117 -15.8251566183 -29.1064854685 5.58979569848 -11.7038589536 -17.1870142203 -8.4838162932 -14.3639386029 -12.3611356847 -5.75870346355 -2.31233387778
KEEP
18.620371379 -5.21651441546 28.7139663454 2.37571254141 -46.2912092349 4.50932726523 -42.4367497039 -1.56008556175 -10.9561722743 1.33922198816 -22.4841277759 9.887890218 -23.8148103888 15.8945139057 -6.92405486888 19.2412850278 13.6059519026 -21.0464248071 -3.79653103887 -19.9785184873 -8.63364132101 -5.17588602349 -10.6850384014 -5.24217378945 -3.04804444591 -14.3618359266
LIT
18.7643267047 0.169507704728 -5.95326910794 -16.8667146436 -46.161950919 -9.06224865919 -8.57785701933 15.6968937569 -21.8594842446 -4.00234257109 -5.07412151664 -24.082646978 5.70913845015 18.0052670373 -4.18697916595 -5.16017812155 -14.9314935725 -53.5884184666 -12.6505325332 -9.65680505277 13.8215270461 -28.8993993855 -0.947696197284 -14.6631282052 -16.2840223269 0.469530232696
LOUD
18.0461332672 -1.15373896443 -30.6232720513 -11.5312957512 -15.8366341949 5.17195600087 -12.3206301774 -1.21962047269 -21.7322061035 -18.025408256 17.7304526668 -6.26459569699 -15.0938739785 16.4337191505 9.38956760392 -20.2899603285 -18.9108796143 -15.2067421523 2.00797015625 -22.2719285429 -5.27359858724 -5.64869327676 -25.5311391853 -2.28595771869 0.99465025365 -10.1567844023
LOVE
18.3695649029 7.24584414913 -17.3272360731 -33.437255086 -5.73001440675 14.0703260346 -31.127295115 8.25810531679 -13.9834724313 -11.4025913142 -1.98876557965 -4.58557011311 3.51261689048 16.8368718957 9.56929642233 -12.883333437 -29.3400870143 -14.1984787852 2.04399794468 -37.5160821391 -1.01323068061 -3.06791039723 -13.7526610921 -5.76968166924 -8.04234295666 -2.29500778575
LUCK
18.6017568572 6.7964300772 -19.2893698509 -32.849268498 0.404820543559 15.2950116902 -35.2508032511 9.97368559649 -12.0932279166 -15.4043879376 -8.58506230884 -4.93684030127 7.57033688809 15.5749543422 -11.4423427085 -14.1166034389 -6.59790509122 9.44220677723 6.55314212222 -25.796555766 7.84381476789 -8.39525018612 -24.9855367348 -2.15594928267 -10.1146193493 -7.97600116792
LULL
19.0476248611 6.84986012027 -17.4532443111 -51.4974200029 -18.8770678228 6.4149735021 -49.179966739 -8.71296446029 -7.46113530793 8.12791129126 -9.35500655217 -34.5953737081 -2.46780769727 19.0276314275 7.6590505057 -18.0499494863 -54.7856576548 -20.1603210576 9.60046235941 -50.6731198685 -8.71181268804 -5.53247543567 6.90785857966 -9.76324273135 -33.1307114324 -3.3100638092
LUNG
18.8446605939 3.45784070838 -16.5556982504 -39.4167565927 8.08789128345 4.95075775381 -37.7385398175 8.75049504285 -15.3639861999 7.41668427812 -26.6418327942 -4.71716031659 14.1858537718 17.7460786195 5.84605473836 -11.9849396613 -35.148994914 6.29671831836 -2.90077984334 -29.1496217234 -2.99210110381 -11.8439672638 13.371661669 -36.1518159865 -5.03541841548 0.359317552175
MAIN
18.3822072505 -7.09233993915 11.6681923493 -4.8575639274 -53.7656112757 13.1456042898 -17.4176324607 -8.0274806179 -3.60295915747 -7.02423088812 -10.6139292378 -2.82040382993 -14.3717283335 17.1863583825 -1.67182314803 17.1314034979 -6.26091553978 -43.8139396699 25.5432135986 -33.2906925423 -15.2115646877 -0.834908183141 -14.543543314 -7.12118677451 -9.1184556098 -14.4950590948
MATH
18.6584148907 -7.46927079813 -9.29099581091 -6.92550396713 -36.6116026786 3.93051409173 -7.18492247191 3.02289479846 -22.6838030355 -6.37039316729 -0.103312030346 -11.813263456 0.564887811455 15.9392604398 -10.2988593845 -13.6150146075 -0.780081069921 -4.12248980741 7.09501312923 -22.518300074 7.83022894204 -20.386000143 -24.5543818043 9.96934777163 -14.3290215545 -8.23454539552
MEAL
17.2235327016 2.57103331753 7.52032435058 8.12781281829 -36.4588786552 1.54159670381 -19.0777153964 -38.5837581146 1.22582885252 7.21148454218 -19.0895994416 1.82495766855 -20.5120685395 17.6015926466 -3.87737211042 12.650077852 1.26276258878 -38.9084317238 9.0999422011 -29.1259203244 -17.623506566 -0.231769714838 -15.5066530009 -6.78351513745 -5.95326843311 -20.0537660658
MILE
18.2612850475 2.43962228104 -22.4915621442 -25.1627841634 1.66501927507 7.87389908125 -37.3027572746 9.59530279578 -16.0532746446 -14.7032113087 -5.54256318602 -9.08207015314 3.41996336646 17.5689132315 -2.11589751511 -8.85848578749 -5.90384794389 -23.5414236436 5.5365553403 -12.4789670201 6.95418069872 -35.1651839722 -11.3790790147 13.3641767664 -13.8390791464 -0.760390885508
MILL
16.8132323506 4.61892975896 11.562298184 2.35692327794 -32.056149726 -25.5973915258 -3.0457005943 -18.547440484 -11.4636382215 -4.31425115824 -6.26173422379 5.91632891035 -28.8018308746 17.8153546943 -1.29733018645 -8.90953435637 -12.3017074009 -30.0935455524 -6.86186073679 -13.1128401843 17.9453478408 -32.6098446318 -7.17105468093 8.94602847547 -23.6912168416 -7.03555961865
MOB
18.1100510852 3.21332009743 -23.6121445066 -17.2392018249 -7.77618183993 11.4323081017 -44.5032737201 -4.7921414673 -17.5584651408 -17.6048813911 3.02951974411 -13.6810339262 -1.67203231791 17.2103081751 4.91918550053 -20.7690632181 -14.010666236 -11.0751559978 9.4269994141 -43.9758326249 -1.77975951409 -5.3341899321 -19.4907230825 -0.0382423330164 -9.94460158825 -0.39861302155
PAL
19.361970841 0.256032788265 -28.7256751345 -13.76898551 -6.40322534772 5.79548576547 -12.3936257629 -1.62693496979 -19.1452704458 -7.60469989836 14.0335385998 -0.253509807035 -12.718818736 18.1829800611 -3.48590854502 -26.4517395191 -15.1643935037 -11.3918274094 2.64736315936 -22.4593336836 -2.64788042653 -18.7493558112 -16.7457217156 12.3931996369 1.13248866417 -15.3227389838
PEN
17.8088669464 -18.7042087442 -16.9122174834 -2.83979181468 -20.3192079556 9.41997259072 5.81124610788 13.2501739665 -19.9164047291 -5.45890093771 10.0786304107 -13.0244076734 -0.946606993229 18.5325952433 -4.79997774685 -14.6702727228 -14.3002916714 -20.1201191298 -5.32727444815 -5.33342907355 0.462482070592 -34.6856438888 -13.7407517399 12.7345471766 -17.3128576981 3.12075501231
PIN
16.6920412838 -13.0695455103 0.80837039745 -1.84734454197 -29.5288777998 7.00075812819 8.85843869777 4.17922595204 -13.3969868776 3.56066087508 -0.342521371626 -9.5647696919 -3.56282666636 17.7428910044 0.792613975206 3.19240559925 -9.19727543007 -34.4232230365 -3.44136106487 -9.34086664891 8.85631443607 -29.9647840744 0.997336869448 0.382952606221 -21.6978956385 -5.50348952003
POKE
16.7910352882 0.685664701003 -14.6538522366 -16.9685533767 -4.47399958912 19.8801538426 -19.7801053388 8.56001955371 8.49067449816 -4.56265672499 -4.94573256723 -7.048442601 -3.87618430561 17.214040471 11.961369598 -1.10044086905 -32.8869551685 -14.3628404604 1.94268757896 -23.2439683138 -21.2764771288 -0.561226529201 -0.422700910326 17.4377149769 -16.9169605828 -5.99649828115
POOL
16.1117869738 -13.9630196887 -19.8208911609 -14.2863373651 -11.2263314216 -12.7351551853 -23.1183601777 3.23103931328 5.02156516161 -1.07510666009 15.8424391427 3.39273666217 -5.62124813556 14.0898336513 -1.76253665058 -12.7553716245 -23.9062657161 -6.6502414503 10.1134797712 3.44364406098 -1.90429785045 -2.44241709721 8.61159953553 17.8379141131 2.07557855922 -3.73846254418
PULL
18.722055349 13.0293290131 -6.76259979832 -46.8966209531 -15.226595376 26.4534909608 -32.2487559242 0.244115780162 -18.9881760413 9.91701795213 -6.62910789619 -15.1631466663 -8.86466711388 19.1225490408 12.1838493693 -8.93055647898 -50.6980748217 -17.7617743269 20.6084924197 -36.8192153483 8.88636298871 -13.3163595027 8.94455772274 -6.91042900223 -17.7279594765 -8.28273730741
RICE
18.8851715463 -1.11613888489 -21.0343246079 -9.68024066738 -27.3689795588 -0.709951438455 1.45941412461 13.7014031943 -13.8755464175 -13.0735836695 4.41618562664 -5.81643116362 -3.42067521491 16.1439263961 -2.31757945686 9.46486509024 1.07891594778 -51.1467525067 -6.72322804255 -18.0866349868 -12.6831876703 0.22919653539 -1.02277034893 -11.0986587557 -2.4427824941 -11.0617338347
RIP
19.0692045654 -1.33327923373 -15.0606458055 -6.64826299663 -29.0706690609 -17.9938471602 0.809779775239 18.3636464126 -14.919461261 -7.86519569619 0.947263189973 -12.0994683933 -6.05290013142 16.6842293649 -3.34524709191 -9.66430580227 2.68237872795 -26.394910411 3.49067975399 -2.28859676565 -1.04923720756 -25.0553738956 -28.4355841357 5.46902648311 -12.9372302831 -12.6782222417
SAIL
18.6014348881 -1.61409541817 -6.82669031032 -12.0240861882 -51.6617410374 -8.77637577492 -2.89972827468 4.28075865702 -20.1606659707 -4.51924574069 -7.43397757107 -14.6821847429 -6.67957545354 17.2505837599 2.31138689235 1.32177423026 -4.86898330723 -53.2956608965 0.157095345777 -3.38426787064 -2.24933337709 -14.7100791844 -2.06722956209 -12.9710707697 -5.94953555773 -7.13357260296
SELL
18.2501315856 0.695950446329 -22.2623086258 -19.394190038 -25.9717061872 -11.090297183 -13.5973791495 19.9828050847 -24.7877759173 -22.1300911301 13.8732862824 -10.0560442496 -8.57595514654 18.0266481475 -1.08290135764 -25.2912716737 -18.447947039 -14.733860518 6.20414383238 -22.5551070458 5.25797212222 -20.1235236167 -16.2769466379 13.3744990083 -1.83362676905 -12.3415776516
SOUR
18.8922730631 0.560128497347 -32.2757682594 -12.6416196084 -20.0932332587 -1.38679325157 -1.95556734704 4.5967138272 -22.4434375318 -18.8227905377 12.940493066 -7.541805249 -6.47481586138 17.7787960283 10.0439339785 -27.3264302458 -20.1029259601 -16.8021144181 3.62146592511 -13.6900832994 -7.95148810644 -10.5351218046 -9.35481174796 -5.48356981447 1.0632727787 -7.14373614385
SOUTH
19.0737794002 -2.69662769716 -26.9783330054 -13.4997799519 -15.8403151409 3.28489209326 -13.0649232576 6.25115740585 -18.7750261748 -17.6209230905 13.2852300415 -5.6477835014 -11.1561250213 16.1313338013 3.60323879322 -15.5861062243 -15.5131313292 -12.7789295742 11.1959050627 -35.2927773546 -10.8277239913 -4.30879185636 -13.8033277754 -7.26440472998 -3.96770155482 -10.4416274007
TAPE
18.1073369882 -14.3549601361 6.21222757633 -0.864580351169 -48.4531828984 1.58359656219 -10.12806453 -3.72846599888 -7.28366661346 3.86068418535 -5.94535977625 7.20566856145 -3.84688201948 16.7473211157 -4.51787289108 18.7601876597 4.33170723852 -49.5199110732 1.44710690198 -29.128749362 -14.0974183912 0.155144378375 -3.93674545254 -3.9510098308 10.4174215117 -11.7642429986
TOOL
15.2828302163 -13.8186157621 -15.4079627446 -18.5766868665 1.8232914578 -3.74179399435 -18.2939705637 5.17190045253 18.0997089058 -10.7154949492 -3.64875999854 -15.1937884248 -6.4519497409 13.6348922747 -14.2557420753 -8.69896223446 -12.1521981085 7.54480123335 7.46400901426 -8.61982713507 -10.0554576526 25.704464245 -4.57311072747 1.6439813291 -2.79680141281 2.54679842578
TOWN
18.6179786503 -4.80845833756 -22.5429377161 -12.7841639423 -12.5438262188 -1.63272864249 -13.9073378542 5.90175100688 -27.1212220968 -12.3613078709 4.92315390285 -10.7680570492 1.51505968451 16.29279763 8.88670680508 -13.9863321873 -22.7775126344 -7.61425398405 14.5579515914 -24.5845000332 -4.30335118969 -18.5375654291 -11.2775878658 -3.68753006138 -15.6965596641 4.87019261625
TUBE
17.2652778654 2.37741581751 9.68151306291 4.9655062376 -26.5865715924 -28.7259970607 -31.2147012827 -3.73050339399 -11.083787055 1.5362956365 -13.6738465101 12.5395474571 -18.3686988597 15.1916143603 4.3962042309 7.22979192557 -2.84085540461 -11.2908877268 -15.0075827264 -24.0101154815 -9.37987247185 -7.35677447534 -14.6807361448 -10.4149971676 -7.69739266568 -8.40516654193
VOICE
17.9696694525 17.7068672819 -5.84585541365 -33.4650070259 -37.6734690605 7.53583816454 -21.0156056474 -7.27047108782 -3.23420044729 -9.27871684392 10.5225395448 -3.2500121039 -3.95969577341 16.7674214263 3.18438483759 -0.505755618911 0.647238520125 -34.9262566945 -7.76818831733 -16.2337500216 -4.87637752021 -1.67859969612 -0.892628646247 -10.6250101294 1.18867804574 -18.6095210146
VOID
17.5792997702 16.2211880716 -5.0453073097 -36.2917221715 -35.7388180096 17.497735404 -27.2889119448 -1.54640341755 -5.16693976036 -8.45408878721 14.6931414247 -14.5768928278 -2.25397547888 17.4043424458 2.85546885277 2.32756833771 -1.38566524007 -53.9550410296 -10.5951593169 -27.0014693655 1.45208758457 -4.09627752593 0.837682630878 -8.46724790967 3.0847940422 -8.22768718178
WALK
18.3288330995 8.50904524712 -16.7090493597 -36.8324585267 -8.41127135811 28.3898179066 -30.4790919226 -8.12262391297 -12.7834959439 -2.85706961688 6.7093268078 -17.9525625302 0.0444683463847 14.7068900131 -9.04116132369 -14.9705877663 -7.56683064771 13.2536348004 14.1268981209 -29.8628468805 -6.59939392849 -0.344123134972 -13.0309475087 -4.95251514916 -5.24069152306 -7.8875735173
WALL
17.6657735769 16.4763634942 -0.210889548487 -38.1025751768 -27.8126645054 8.92060104454 -12.2810629035 9.31293702209 -21.4679617309 -4.63903675303 4.36627307036 -6.15432466766 1.52706773345 17.797397563 11.1885593682 -8.16462736582 -49.2933222686 -15.8282657331 18.0739620222 -12.1886412408 9.91059371322 -30.4867184465 6.88214159389 -5.84501375409 -4.63243895948 -6.0310913775
WET
18.9685681239 -3.39249900637 -21.2117430723 -12.9623912753 -24.5376072445 1.8715884914 -4.79376997058 1.46846274138 -29.7631776183 -13.7754336579 5.79699159539 -1.12772594727 -7.66851440158 17.5721379697 -6.01750155473 -12.4717156258 -13.6191558957 -34.0984052936 -5.42056626819 4.87763751165 -4.77436613993 -34.4638648328 -14.5614236617 2.97282443191 -10.1132817428 8.80813204949
WOOL
18.3612074844 12.1245470012 -6.15804166411 -42.3491291588 -30.8997595663 12.8254216882 -12.9382764619 13.0047451097 -14.1532045021 6.69972305693 8.69332350469 -0.446901108952 -7.66769121144 18.303413781 12.9087407032 -3.88155404663 -45.5936842627 -27.2370113912 14.2303371819 -17.2519412702 8.38348793158 -18.3364264923 6.21389810407 1.97201793549 -4.5755258154 -10.9819214616
WRONG
17.7885149724 9.45341634919 -7.23659422763 -37.9413146401 -21.0206907289 17.785929808 -15.6523724991 -7.24878083948 -22.0804941267 1.26284849069 -3.97142180979 -12.3442373915 -5.40253433008 16.8805339615 10.1411560488 -8.48516022517 -33.7703082214 -0.397304080288 8.3335619644 -27.5418701143 -14.6951381187 -17.1913776598 12.876511192 -16.535030178 -17.9079391588 -0.902270233161
