BEAN
19.3534741764 -9.85211999268 3.75730224768 32.7351484595 -51.3836266425 3.78746740025 -23.8968795054 -18.4438062913 -11.9589882917 -0.611087805214 -4.35415835898 -5.74422327035 3.6575440781 18.9786498693 -10.7024871223 3.47924009818 22.8178209526 -48.5614676182 7.10637451398 -14.663484197 -25.4374317838 -9.90774940253 -6.2677711907 -16.9875272494 -12.2492545565 3.15607287971
BITE
19.9436081275 0.745316315631 -33.6268808227 -6.47060589027 -38.2668333596 20.8171023123 -19.9624016989 3.65096659025 9.198232765 -0.521812261754 -19.5492340167 -10.8766344186 5.38639300211 18.2925381577 -7.74655680454 -9.49833368615 17.9856656327 -46.6029261106 -9.17126626154 -23.5038378548 7.23121244412 -22.6444694226 9.61221487792 -3.28786644561 -4.36703145453 0.935184141168
BOAT
19.1414442864 5.92595679297 -29.3578603031 -12.0007717883 -55.0815566908 25.1168108076 -7.3112171017 -19.7577213117 0.864467584282 15.4660106146 6.07387128128 -6.40577345677 -9.8944680908 14.0727771025 -3.49915938441 -10.0469889271 -12.5616196442 -35.5631947063 12.9655850925 -12.3604187035 -10.6451969906 0.437956332211 10.5003665164 1.90879679461 -3.66019983156 -4.97697787709
BOIL
17.9343596235 8.32088896213 -10.0819386269 -24.5088168465 -54.46724387 21.9828938598 -7.348871639 -0.365777802141 -4.86290600365 -1.72658915282 2.53319369206 12.6486998386 -3.38060223134 18.7347672541 4.15732175902 -28.5434218846 -16.2346594473 -36.1450428539 12.7751034531 -15.5045956487 0.295231811874 3.94597705618 16.6802923328 -13.6493039443 -9.98867644544 4.44823529295
BULL
19.2099929973 4.30073748582 -14.5051687156 -22.2412959567 -59.4054525698 37.9515328301 -15.5530881467 -7.97220483357 6.32990597483 6.62175451478 9.35893280257 5.26334862822 -22.6504442002 18.8076725083 5.87069814701 -11.9355469427 -28.2893314408 -58.7596543454 34.3508208264 -17.4790844354 -6.59482807155 3.26130974433 0.871928811781 11.8102352911 3.31166409401 -21.5192653839
CAB
19.4386619763 -6.85450616834 -23.5197482145 9.07858473865 -52.3208365291 -11.6741203949 -8.66501519619 16.4457591597 -3.26135570326 -5.6541194917 1.33567683538 -9.62806116326 -8.30588767092 19.2047673965 -0.713542192791 -37.1082894942 -2.76628824314 -32.2914737599 6.61431873429 -11.7624595201 14.1839884105 -6.6254324742 -13.9653577544 -8.31464624554 -14.8225885044 13.3240455198
CALM
19.0568772207 7.79635053264 -31.1594350802 -21.53662674 -29.6394497187 36.2078064816 -2.18648399374 -1.18505307614 -18.3772768294 -16.9862012005 13.0455245138 -23.1131401856 -1.14863913424 17.6817520778 10.2695063614 -25.2643806802 -16.1452934344 -34.0557441004 17.9310805638 5.89973581074 5.93454863079 -26.7585038779 -22.2006693269 -0.290800086606 -19.3435874695 9.82714635129
CAUGHT
19.4578706663 -0.488736918873 -39.024505578 -13.7164660692 -45.3270065759 33.7829391571 -0.949618177052 -15.8829940096 5.69299478152 3.36110238313 -6.27795923522 -16.1068276816 -0.0978675739335 15.9697066806 -4.53283576513 -30.5570687402 -11.7404224306 -28.7690714594 16.5141609529 -17.6465839015 6.65383903189 0.92443108115 -9.97734395089 -16.6552531285 -10.0072793303 13.4566982895
COAL
18.5065028809 11.8670671121 -13.0348578409 -25.9839862942 -64.7314457815 18.9235645657 -3.07071532127 1.2605088086 4.3975920327 -10.8334708198 2.67544497608 10.3202293324 -2.0434107514 18.3558095049 12.6512489899 -7.62079482914 -30.5887291117 -53.8147630276 21.9650253868 -6.12755667394 10.1450054244 0.13457278412 -10.7953956741 6.41423352982 10.4356338667 -2.25769383843
CODE
16.8912804125 2.65101366901 -18.5064810626 -20.1172797463 -21.7838911761 12.6954506475 -6.63894804909 -7.48045879364 -5.9308439661 17.0715434929 -6.56381158209 1.8027812532 4.81594549692 17.3998395212 13.5803551397 -15.215376936 -13.3700793652 -31.4788717466 2.7540767389 -10.7148191357 -16.4621729941 -12.3017316068 8.96710799578 6.00807978583 5.68646395156 6.22123896375
COIN
18.8331069049 7.85231323793 -23.6884298199 -17.7003406482 -43.4094284972 22.3345478228 -0.336699103444 4.90226432758 -20.9274825932 -24.1916571169 8.38057145528 -22.028023532 5.60061530525 19.0743956989 -5.475393334 -27.3631815192 10.0856327129 -34.7229990192 14.6356159492 -13.2619307924 -1.78800079444 -19.6453305972 -18.1262811135 -13.1518413138 -16.0369984737 -3.34304567171
CON
18.6000050979 -4.64256823432 -35.7323727175 -8.12796334379 -11.960205564 19.1202720021 -13.2841612595 1.11450655061 -4.07867828515 -20.2867572095 -15.4708538662 0.243033483216 8.86390255131 18.5777217843 0.201373501955 -40.1525041104 -2.69171479799 -18.6428323095 27.6889723405 -24.230693985 -6.94336281666 -3.31899751981 -32.8776021571 -13.85588439 -8.66450259194 8.66551202862
COOL
17.458374578 16.1610234664 -8.38632743443 -15.064867145 -52.6629809385 0.717030760288 -7.55392586063 -25.2899126222 -27.1191127926 -2.22722966364 3.64631047549 4.82298591883 9.86103377246 17.9257337984 15.8886026133 -8.77529251432 -16.9299002682 -51.5622112826 -4.71586429928 -1.60055212731 -26.3362770362 -13.7317825854 -4.98653318557 5.60323023511 13.0562888982 14.1663137115
COT
17.9349481686 -4.98378492798 -35.5002895315 -8.58606746559 -15.3804548281 -4.50123627971 -6.5046587315 10.7031887542 -7.14141753629 -6.13808893595 -16.6858894062 -1.64369029501 5.60996797649 19.0242283623 1.66809033668 -42.3817563866 -8.03385346344 -20.036971623 10.1345187912 -4.17617304797 1.74585050374 -1.68192139179 -7.89663103139 -19.97714504 -0.95792842407 19.2954265725
COUGH
15.3857589343 -8.93633126039 -24.8007651776 -12.3256411665 -15.2675513905 10.1916994264 -8.99938164689 -3.2843678949 -4.63714208927 15.5125624911 -15.3593385183 1.4683627277 0.138885363341 18.8981144198 6.40988786285 -40.5550867934 -19.6490392111 -34.0584434645 27.9370019704 3.67404349776 -14.8006768688 0.559443515368 7.16492954494 -8.67643018367 -14.1611576054 11.0117898929
DEATH
19.1778404674 -2.09594891536 -25.8336070748 0.473020269529 -37.6774560967 -11.663755453 -10.9416050964 19.5046155736 5.83023084875 -10.7039859589 -7.72487318668 6.46980974155 -9.70359184417 18.8941133132 -3.29654794929 -25.4944371697 -11.5534218434 -32.189622854 12.3396596164 -12.8594452006 16.5874419699 -7.07092951885 -17.3578314952 -24.9220869809 9.44488443373 5.46840750413
DIG
19.0439822109 -6.69432842358 -5.18023090743 22.0926199876 -53.0425800786 -16.388604625 -25.9250278124 2.16779669885 -11.8317357049 8.31513024719 11.9094595622 9.96574383643 -6.49002353469 19.3151775752 -11.4186895284 -8.02947152402 25.5659526728 -54.0753356752 -19.1354143837 -18.6787693033 0.318889126727 -17.1124650558 12.7173173942 7.12394566054 2.089152095 1.41915867074
DIME
16.9514586846 -11.8462367182 -29.0206676173 -7.89643148961 -16.1563612165 22.8455587752 -12.3882988186 4.59427204226 7.51035096432 -29.4069822745 -2.52177687022 5.81179014515 2.98651950354 19.4922141582 -4.29375114233 -36.5145607531 9.10425333081 -29.1342168245 16.0052795547 -10.2824347087 2.23397653263 -8.17559503677 -46.5424200669 -1.80686253165 -4.98308681819 0.529902319152
DOCK
19.3379747999 -4.42610566173 -32.7470837605 -9.22073854026 -25.9606041425 7.86612873282 -3.95065856906 8.42547350989 12.0880663277 -13.7406461202 -17.7860265723 1.74476440268 13.0639800489 18.6498673729 -2.52166329802 -42.2025575976 -6.90770391042 -16.7911955562 17.7336368976 -5.04568124678 -8.70354222464 -1.58717955661 -6.97407826075 -15.0541488821 -3.19647082742 15.4875973169
DOLL
18.8634375488 2.11891441177 -35.4273596935 -17.6739713829 -33.0121973565 25.5695639374 -17.3116123753 0.0520527733065 10.3035589814 -6.09632937816 -17.6615940015 -6.61009829605 11.0550641421 18.6632124253 9.61954092027 -31.8952093331 -28.7967143996 -34.4399447747 30.738104976 -2.86028384961 -10.7079123726 -5.88011732044 -0.514548072132 -7.43951665936 -6.25670102632 1.46604581357
DOUBT
19.4131749007 -0.0404229556265 -34.4760039717 -6.14921871123 -33.5158741822 6.02309651004 -9.48533848351 8.11993552286 7.59812173856 -8.96739183067 -11.1151529065 -3.36099312737 3.64225895246 15.5358500134 5.27374577696 -20.7738093783 -18.3263203653 -36.7407754667 16.0649176376 -9.82239805614 -11.0112928495 -2.53273205468 10.9150897907 0.503878498821 -16.4938318054 -5.56890269444
DULL
19.6095854812 -6.881889601 -24.9081804633 -1.39743844612 -37.4445246322 15.8257942053 -25.836968099 15.3391317218 20.7385339611 -3.02263454679 -17.5126067632 -2.22272941609 5.5815274314 19.5109646667 -3.08576191422 -34.8802842218 -10.4851957555 -43.5082428532 30.3109114501 -16.8851457954 -0.906368870788 13.333866858 1.63658257176 -14.8923402447 -9.09167191901 7.89122129937
FADE
19.2540584794 -3.49179106504 -28.7128200758 17.3216279643 -47.8486492889 -19.6410093078 -13.301409086 15.3838946663 0.553368473012 2.82592440978 4.13915090547 -2.68326922026 -6.54658180571 19.0190800114 -7.06194283807 -16.9663429219 23.0057243802 -57.0342842166 -19.4506885607 -17.2463747454 3.22509137363 -14.8600482759 14.2436616228 6.11685445119 -4.24392431418 -1.42128776748
FAIL
19.1921330319 -8.26439136569 -18.3788019388 17.7997076648 -53.5575828441 -15.0870711486 -19.0275546714 15.4174946346 0.341613099262 3.83934804623 7.40242269665 -1.01391655847 -11.0102740025 19.5209423561 -8.49531964767 -18.2955746466 16.5574632991 -56.0130633848 -16.5534201562 -17.1407535058 18.6564747859 2.88471355651 2.56456382687 3.16237356329 -0.877405357905 -13.4195749598
FEED
19.2882696962 -7.86127418629 -1.73261084428 37.8959352038 -58.139864432 -8.08247342582 -20.2700182942 -19.3518624978 -16.6551352483 4.46569220142 -1.90440682194 -10.2248885647 1.84209599055 19.09117521 -8.58721251163 1.40904814988 33.8342162638 -56.0951786646 -6.96955722255 -22.5113293455 -17.1791040556 -15.4756117696 3.7743554915 2.38626400891 -9.69405907693 2.41067626864
FELL
18.6494153832 -3.23309813186 -34.0637271249 -6.68138510907 -41.0168274566 4.17713029551 -21.1477850001 11.5617821757 21.379009057 -7.17633703436 -28.5313817601 -1.10780410265 5.59200635328 19.3573085421 -1.06373123829 -38.2622826484 -7.66331820987 -40.3859253332 14.4725600792 -7.40579986512 0.846454308704 23.2402473455 -16.2275459605 -27.1948501547 3.14587495377 10.5317876916
FIRE
19.1341689459 5.29091684843 -39.1543183154 -13.1128006406 -43.2157750692 18.4218125072 -1.5615125993 -18.2147067772 15.7486945704 3.71719318109 -8.45496340394 -19.748923224 1.10301129068 19.2085639539 2.34125689719 -42.8704070129 7.95274519596 -31.0735484033 -21.0280112889 -12.1309730783 15.9655373976 8.74008688411 -10.9670523319 3.12385899433 -9.06084878167 -1.78235357504
FOOL
17.6575998123 12.9772224651 -9.67787015778 -5.56503891424 -46.6817240043 5.94880927895 -11.3981245666 -20.7996920868 -26.6031234051 9.78643058643 11.5723818598 4.38374036685 14.5730319566 18.0762334907 10.4673765596 -8.32929558516 -14.2267216737 -55.7393301312 17.4088394484 -14.7393377007 -14.2129208439 -24.3080658886 13.9330729309 12.3623652488 12.2421636615 13.2530831893
FOUL
19.4423111397 1.98756373896 -41.3111787049 -13.335585615 -33.987325933 33.7097912966 -0.582342257902 -13.9828907901 6.27657612681 3.75581506655 -16.3604358244 -13.9373471164 9.58444281928 18.9805346446 4.11000862469 -35.8901286353 -22.4053286954 -38.3136979209 35.7042325151 -5.44138107972 -13.0212650515 0.582160869512 -1.7144113518 -5.55149840389 -9.87189599459 -0.15578770007
FULL
18.2085101488 3.48359736232 -13.114580773 -20.534096184 -64.8306172542 33.6720405446 -24.126459467 -12.1471860193 -2.43339421167 -2.51332814768 9.60794832682 -0.362701574825 -11.7058911679 19.5442610582 1.58993350058 -10.0133901896 -18.3519979259 -63.7375320161 40.9449079443 -19.433339793 -0.69621970077 4.70638303914 -1.33797942563 16.9654340098 0.963558308745 -9.99547120804
GAP
19.7526816421 -7.32100196225 -24.1683412846 6.41615078543 -46.8443992955 -6.19326829388 2.16305816202 21.6908765263 -8.73738351026 -9.73055921388 -5.91987281085 -6.93187767912 -6.58095470376 18.2897142976 -3.33644098116 -35.2480899978 -4.99964043068 -26.0235484795 13.4638878494 -10.2883370447 12.0163719016 -15.7799799042 -14.4653450865 -17.1838859 2.81354904607 13.4065572927
GUIDE
19.4607448485 0.865649316035 -47.6211809481 -0.815147556165 -27.6719853016 4.97148295446 -4.11654366892 -0.489213484653 3.06914619587 -13.2252474956 -18.5953940779 -0.347690506173 10.7103459982 18.4988555665 1.54164046173 -40.1662226945 3.47593390211 -33.3915671319 0.154128613189 -4.26437893702 13.6088968947 -3.18303270876 -16.3006669592 -7.68360210404 -3.46071746396 5.47588927405
HEAD
19.3106482307 -4.5191367287 -29.8730163915 -2.61191084013 -36.0460440978 2.6134143984 -9.87498876289 16.7559419409 -1.92763777896 -20.1928625447 -22.3425334194 2.06195355303 -3.30333237813 19.7066280387 -4.2336896904 -31.5247177786 7.37324149354 -42.0199485444 -2.33759720366 -12.0992888844 22.3231341248 14.1932428352 -15.9793670847 -14.6502870681 2.91306042971 -4.07447551372
HEAL
18.7700428562 -9.53845315245 7.95306571279 33.9144129252 -58.0680294566 0.460391193987 -27.7888829381 -17.5063370443 -9.63323264562 -1.57286929457 5.18452964674 -9.65460055669 -3.32074450435 18.954855444 -6.88941806426 -7.467193881 28.4855352771 -59.272418302 -14.8472212244 -26.8323329555 -9.80873792795 -13.1363616136 6.25309754455 9.29488567733 0.189337060236 -2.03806349657
HILL
17.950960019 -6.76293020034 -12.4606293211 6.85700744916 -38.1958811991 -11.5915550214 -29.023768891 19.3083151024 -10.9873196871 -6.84817519919 1.43105317689 3.35859276637 -15.3070912196 19.5199935546 -6.91910800503 -19.8981852127 10.935839728 -47.3824963344 -7.4440138206 -28.0674988815 16.1713183824 10.62550834 -10.1135993477 2.26875544143 3.98772885695 -11.3520575096
HOME
18.4190782121 9.3127151795 -20.593486501 -8.70600983503 -51.9580236341 10.9841589099 -0.419891709956 9.89652336501 -8.37621351993 -24.6747182978 -4.68195941729 -20.9767123216 1.64424937677 16.6196162929 9.07419760082 -6.48776207319 3.20007056481 -38.0584842049 -6.54698616824 -18.6948308581 3.37976474075 -12.7160670725 -7.02378746315 -10.6113898351 -26.987872107 3.84743472188
KEEP
20.1671746311 -18.1082141901 7.95756642268 25.3369471896 -48.3531065262 5.29942441445 -28.9937760158 -7.67036819648 -19.5974877598 -2.27739234816 4.5732405846 -11.7538304344 3.78433357176 18.6598188164 -12.1682368318 1.87332826159 28.6374142443 -40.5018609755 -4.80300481008 -23.563685415 -4.40310720894 -15.6822921732 0.489637623403 4.24460593162 -6.93653475347 1.82889933518
LIT
19.8277653878 -4.25576242776 -27.037941216 5.92459460645 -41.4387311811 -0.916555974004 -25.9491270972 21.9269607377 11.2317022598 -12.5317716633 -6.85856658305 12.3066236429 -8.70115688252 18.0451212619 -7.45111241072 -13.3173610304 2.28257793589 -43.594710235 -10.9441701052 -18.9002721436 21.6110386564 2.90077994387 -6.01806102956 3.23060993101 8.04232679569 -19.1758207032
LOUD
19.2642609863 5.1719277004 -41.6095802487 -21.0500833129 -29.9989473952 37.0528480965 -9.47305934324 -13.4269107627 8.73403179493 -4.31544148158 -6.79550936129 -8.44734223443 -2.24561487226 17.0909312624 8.58008857365 -32.6345303204 -16.4826247502 -38.6232278553 23.3608356199 -10.5252691429 -16.296797382 12.5132958044 0.310820839096 3.10647239536 -12.1461502501 -5.90999047791
LOVE
19.2503015003 3.64698880767 -32.9543013243 -21.7177358906 -46.2966702272 38.9497850798 -19.4532574576 -11.5475729361 11.2485354911 -3.85239326181 0.970716889527 -13.334792436 -10.9169536463 17.9388217434 6.53421661061 -26.5064638909 -25.7448459891 -40.4095568833 24.7502769768 -14.6664329614 -14.44605542 7.1439836571 0.113150898427 -1.53884718819 -5.6075722033 -11.1376887468
LUCK
20.2029966705 -5.27321514097 -25.7673895295 -18.994321009 -42.1682212174 40.9260618244 -13.1504992043 -4.60640261766 8.71204398344 1.58457179748 -3.61625160472 -14.2062922632 -7.10945043181 15.9584236829 -8.59175835574 -16.8159104148 -9.37654372704 -10.8158816097 16.8085123559 -22.7203943719 3.32606105859 -0.667674615149 7.46862727292 -25.8618165009 -0.729800715085 3.19731310888
LULL
18.66074112 8.89033786719 -17.958251783 -33.3045205202 -40.9000546489 30.9884026351 -10.8543347982 7.07403556499 -3.80719401998 -6.92773920813 15.6606244031 -4.86665227739 -12.3844689868 19.0120105446 6.80010986535 -19.8957304986 -34.0393792408 -47.9763098059 38.4185812095 -14.619894424 5.87916344784 -6.433785777 -4.88576327921 12.8437824324 -4.50912944861 -13.0050347598
LUNG
19.6263754563 3.148284976 -28.4819688392 -26.4646572314 -28.965213804 40.1722311637 -17.9125136662 -1.9886736225 -20.80537402 -18.9820854515 10.8349101946 -28.9411861948 1.57939896138 17.989512949 -0.22256911897 -23.6114379896 -14.1319332025 -22.6803084382 29.7982653059 -32.38618744 1.29360159248 -16.2239155734 -17.9272861523 -2.82825794384 -33.7602085718 4.94420663983
MAIN
20.4644418173 -13.0614958672 -18.6912294538 25.65150087 -61.1619066059 9.68827629244 -1.90585449924 -2.6705857246 -12.7259688734 -17.7943438571 -6.11553725818 -24.4411123596 1.38828158908 19.6207220245 -12.378436092 -9.9728711278 28.1759310307 -64.1863055296 19.1630288205 -7.7812656702 -19.3749802178 -12.0975711656 -7.74967730268 -23.0862110113 -21.239157725 7.8069497435
MATH
19.7524701485 -6.55371650863 -29.3018275446 9.25373416634 -43.4530707225 3.59333959774 8.91107018823 12.3733353101 -16.3558283694 -30.6374499129 -3.70164272523 -10.3935470363 1.72472549791 18.3188904425 -2.0911531692 -28.904506038 -7.50063718025 -17.4188083849 20.8986794058 -16.2694419206 11.7562170171 -17.7402280792 -31.099513569 -7.39300011985 7.69134735892 3.98348990419
MEAL
19.1570800943 -9.18606021334 -9.8426269623 27.5924740211 -55.2180390967 3.87371494597 -26.2000157657 -8.15188588802 -11.8422417104 -7.11688480692 1.38402784863 -14.4693953838 -11.6532163839 20.1111759586 -11.1072686903 -13.6038880025 26.0370249202 -58.2272645862 2.75687225651 -24.1216072802 -0.251129447011 -7.48627109509 -7.22263699669 0.741921866913 -15.6981288309 -8.07877658004
MILE
19.4006802438 3.70460348814 -45.0356208867 -10.5421365283 -22.8540487866 38.2395317399 -10.2217876657 -20.0445923781 11.8096800555 -27.2899970432 -0.902126339034 -11.8492688399 -1.99747823805 18.8276995011 0.615187793279 -45.0794560483 -1.18269444381 -21.3947516746 15.5444459056 -9.36556015746 -4.24472231491 5.97313234434 -37.6668720984 -13.5022087992 0.566541209296 4.77534818008
MILL
20.2199222965 -10.1887898143 -21.5530224941 9.81923209787 -45.7619392439 6.80977719893 -39.4362334696 23.1288045652 -6.06053973657 -23.1877723833 -11.828147013 -6.81968420352 -10.1717515749 20.2824302851 -8.75317756451 -18.3420608986 6.77820571405 -40.0332115122 12.6113880545 -37.4392874684 23.1584550398 3.91309697762 -22.632565519 -12.5984562701 -3.71031653186 -7.20470056648
MOB
19.7049613351 -2.87230276784 -40.3481213039 -12.948944706 -23.0577934881 43.8940398719 -17.2486925212 -5.58635683205 5.76400456962 -20.195326084 -9.28812680573 -1.29249661538 8.16632933213 18.3422872326 1.60938195733 -33.8522384555 -18.2503875385 -28.9095825497 36.7278057531 -16.4702917436 -10.4454619865 10.0021617505 -15.9665098192 -11.4021929765 -5.35635843656 3.23986185382
PAL
11.8188240502 -19.0645027417 -16.0139488746 2.70573937663 -7.61694462008 -6.46720117543 -0.0930137056393 4.84227441709 -2.13816500252 -4.02316458306 -2.41240901777 1.69530617742 -1.03214245913 18.8298310153 -4.28639745959 -35.1819927346 -2.6673218194 -27.8786885831 -0.245041353866 0.593598787025 14.8741950805 -1.73246734583 -13.6036205133 -17.3714763911 -2.03776922416 9.62582065787
PEN
17.4450286985 -14.2053388187 -23.5190503408 -2.48263180793 -18.146636398 10.3122590925 -6.01513094383 14.5575259311 -13.3562641061 -26.6677578181 2.67693954052 7.86436830189 -4.80139908414 19.6250243531 -5.58011081576 -32.1898024707 5.21112727246 -30.3648093799 13.054278407 -16.7923451733 21.8005843862 -20.5187061625 -44.124729869 -1.58576372936 1.77319584649 -2.99656669479
PIN
17.2189093987 -18.6545492456 -8.51935534901 9.80260144162 -37.6510066687 -1.19338261081 -6.71663090409 6.23102054485 -12.1791016679 -1.17257890512 -0.652606856408 -2.73567249536 -10.8356766399 20.8899742875 -15.4863247695 -18.8748004565 19.5964319714 -48.9192310872 8.99012848149 -12.3496523534 16.4378545967 -20.0207172548 -24.8066122388 -0.771801418727 -17.1304073933 -8.8506464107
POKE
16.0360762849 -3.75589990026 -18.3398529784 -23.5802140777 -26.7742995986 22.7541909082 -8.44866531851 -12.2985828291 -9.13391392617 6.43691679243 -1.09323214503 -3.93816955547 0.716374519256 17.6750353997 6.6618085018 -12.2222659868 -18.0684941905 -49.8735514234 27.0099491633 -5.32651540809 -6.00859822008 -16.8373685295 -0.432297390221 2.51756356409 6.8687510554 -1.02620140879
POOL
17.8783004083 8.87015341006 -5.95299661536 -14.4667674722 -58.1900779031 10.2825881966 -10.5781379586 -12.7239482921 -26.4457615444 -0.186496853953 2.54253371309 13.7812008476 15.9166401605 18.0345958871 6.40065016677 -4.6614481895 -13.8913528262 -58.4200726411 17.0150824302 -9.50213583035 -16.1327211226 -13.9738383744 7.16173141592 4.4894947772 19.1352327928 5.29184169087
PULL
14.80754427 -15.1024991418 -16.9110885667 -17.464026712 -9.62580646586 13.8232321025 -9.80966811077 -4.53694468136 -4.92210492241 5.23705402995 -4.36945488044 2.64422628099 0.420318503039 17.7144023585 2.4570287247 -11.6002840448 -26.9303553513 -45.8300469608 29.9223601801 -18.1049235373 -5.31722074822 -2.57381821338 6.58023316137 4.35195730346 4.0552304193 -13.5877928862
RICE
19.6238994455 -1.07915799705 -38.4092399835 7.49870029701 -37.2463756674 -3.08621263619 -14.7965740167 17.5478641299 13.9698202877 -9.62827777617 -7.01818138888 -7.94449845165 2.3227986777 17.6658036909 -7.47540824777 -7.23055548085 12.5376317225 -43.4507669636 -16.0628943043 -24.2929436845 6.65221863751 -7.74972553366 -0.293632171316 5.70771809814 5.85429508587 -8.79108976114
RIP
20.5388904525 -6.49348938738 -35.1499084401 17.9172539916 -36.9719608808 -18.9538338797 -28.3424900789 25.4784185853 6.29355712814 -7.66537504757 13.2362713722 -3.44153001359 -0.0696192083264 19.5528210758 -4.27979547736 -32.8923180801 13.9601924303 -36.1569116408 -14.2517440544 -23.566083093 20.1197562063 0.642158645139 -4.9119128061 -4.51114666418 -4.97200666702 0.288142230008
SAIL
19.6166409353 -7.33547170766 -25.6410952035 14.4108788798 -45.0296131456 -18.0405767209 -17.8463918178 14.3975462627 10.0801564753 -2.09578492128 4.115088101 5.12386060466 -16.9823045574 19.1088898221 -5.42295939434 -25.6066113154 10.4817255086 -48.308587128 -15.156151858 -14.8121414809 16.497519833 9.20749842406 0.00801401134035 -0.0581527610999 1.19380230761 -11.1100326529
SELL
18.8432954677 -3.30025351788 -20.0793499964 -10.5096718952 -36.8472487084 4.18171719965 -23.0594594155 19.8711996207 13.0265936098 -7.03972309823 -17.7670813251 3.51278198003 -4.47554477937 19.2846957132 -0.141021638155 -27.7106040204 -15.5982291386 -24.6196910627 10.9535966109 -10.3093695142 13.3091309988 14.0739904656 -15.2299001017 -15.3150369581 -3.36866178687 8.87660676752
SOUR
19.5011438411 0.306475871358 -45.2351736574 -4.59831159025 -33.853900271 15.7885907029 -4.78743091825 -5.02158639363 13.871320459 -7.94514438312 -9.6443445892 -18.531990083 12.4138132445 17.230403422 12.3967213973 -28.491643196 -15.8034096493 -44.1733272214 5.04354546555 8.57000791347 -9.36214315588 -0.484516670536 1.81788617279 13.1229958551 -15.3985874055 -2.72191846693
SOUTH
19.5510422131 -1.00632429225 -41.2976800972 -10.8123510616 -34.8274059152 19.9680791838 -3.65576964858 -7.18852398625 13.9922264121 -3.59346928948 -18.655558586 -13.2944260264 9.88158348559 17.1220486458 6.91204722755 -21.0816460949 -23.3478933522 -41.9283666131 30.4105348426 -2.46385462599 -11.978059902 -0.497018989586 -4.71314174051 4.24063238055 -8.53012807121 -3.78086653312
TAPE
17.7900903103 -17.0017779339 -9.80600316113 9.48347131926 -41.1953477427 -6.57110477931 -6.87223373649 4.00376369425 -9.72683829093 5.63888177107 -0.896432215922 -1.42227658728 -5.06295288823 19.2816354894 -7.38151375906 -10.8999896839 20.6538344119 -52.9108049894 -18.5918892935 -15.8688814539 1.08831669312 -9.6822356574 10.7238731434 13.0001787836 0.367067003533 1.30804749435
TOOL
17.3450844912 12.359945 -13.0182746254 -7.77002853959 -34.780353671 5.82219504807 -17.1401890192 -21.3794278147 -16.961492641 11.8580950362 13.0839558811 2.28875389964 4.90908315598 18.4231331609 15.0814879288 -15.5621928183 -10.264441294 -47.0460982769 8.66377009155 -0.922142031205 -30.8486073356 -18.8631277798 3.67199383944 16.6521093744 13.2882018639 12.3024187194
TOWN
17.5440009018 -9.78412430938 -34.929188902 -0.095413317991 -13.7297869106 17.2331078716 -11.2177229128 1.55146787067 -0.846353620692 -31.181014825 -3.66501453403 1.73314077409 1.79183478326 18.7550916504 5.44605035502 -33.7679558187 -8.4141862545 -26.0336452912 36.0086982777 -6.32123769474 -14.3916599243 -10.3651406808 -31.0905553598 0.995522935858 -16.3981066378 0.0476629331547
TUBE
18.4412355402 1.29701691668 -17.2791751105 29.0145034862 -34.2331064796 -25.5160884675 -34.0040044654 -3.46748518056 -12.3647288816 -7.13249505845 9.0815665504 -1.32800293563 5.7901402284 17.773241986 5.46130215934 -15.5685800376 16.5353495245 -29.192048482 -12.0858766779 -41.9908589734 -18.7891923489 -4.03646391796 2.52441241005 1.73811781356 -9.09261965794 15.8625666447
VOICE
18.3421630852 7.1436337057 -10.8654291858 -18.1406172412 -55.6218967971 15.6407006353 0.541380288826 -12.1165230563 -9.05327081148 5.00375991986 0.26790393172 13.6335326891 1.29827486829 19.0025820628 -1.32733646935 -24.7384680703 -0.237645405376 -39.1147244237 2.15499762906 -28.4328514466 5.4373162283 -7.076874412 18.5203427034 -4.36451594706 -9.8485533108 1.62417507745
VOID
17.6006428808 9.50505381642 -15.9201277152 -16.7020659903 -52.1217818986 7.66422975782 0.806658676252 -17.3988139037 -9.80411658784 8.48946720608 1.63331442192 5.15395820861 2.06173808803 18.5358738188 2.62179638109 -27.2490944984 5.04560164086 -41.2059419225 -3.38211743035 -20.3768832466 -0.182381055537 1.17796956555 17.5495100695 4.87408864644 -6.93388809234 2.24678436609
WALK
17.6625599477 9.34935774131 -7.26046977546 -19.4596320586 -63.4611666047 19.6296917729 -4.36693462692 -4.29334736016 3.46894413227 -10.1743887696 -1.41210506558 9.42539189614 -1.08770010427 17.9122872416 -5.00707773906 -32.5165227638 -14.2683494359 -31.0759498531 36.090034235 -4.21570983623 -11.2104020021 -3.76554424754 2.61104835289 -15.6462194764 -5.61600136712 4.4154858466
WALL
17.3781459031 12.4766226999 -6.1592745646 -28.9482602323 -54.0149883156 21.3663117274 -10.2664830999 7.02171388746 -1.62201636615 -10.0363562168 4.61672180865 6.40683042968 -1.12018875185 18.651261624 6.5220474574 -25.9945929531 -29.4088829248 -46.1298169372 36.2435340482 0.989189951996 -8.42840752661 -3.64907266158 -11.7318099348 6.34614535836 0.270618587337 -6.40776037617
WET
19.7247426961 -5.30741574903 -34.7668858255 -2.38332945973 -35.6534843278 7.04975096402 -20.918647125 26.750437494 -2.49445801703 -12.0286869051 -17.7894318385 -8.22101747932 14.0403426279 16.298169237 -7.48504072308 -18.5226480279 -0.605212627092 -41.843581008 -1.64516293371 -25.7560479784 29.4914112863 -1.02732631261 -8.9397940642 -15.9496433452 0.0929916548923 -5.04330436147
WOOL
18.458081869 14.1682920972 -14.1823709828 -19.5923142262 -52.1189141939 3.78518787942 -0.736336183359 -6.31446864013 9.77137332188 -8.95794027358 8.12476698948 17.3494600472 -3.76846445725 18.5634709657 14.1258448144 -10.5212995301 -25.8194409248 -55.7790759375 12.9741280512 -4.20689951673 -7.98136026168 5.92762661351 -7.42402698823 6.69185911242 16.4426339023 -9.39276409666
WRONG
19.0143802251 7.30021227148 -43.1040290284 -14.1359224345 -27.1616204409 28.5744891509 4.53142912447 -22.9568337793 -0.876126195482 -14.2238478224 -0.03545452644 -12.6664957046 -8.40795131825 18.6647023605 9.05056798846 -41.4911568126 -14.8956245664 -22.4073053618 31.3770250995 3.11392655947 -28.4159942353 -3.93841107252 -18.7014455465 4.5504189182 -11.1202230752 -13.1936768467
