HAD
18.9191919721 0.814618345368 -29.8952777768 -10.7814693732 -14.2996970476 6.82439325023 -8.12158888768 -3.54760802725 -31.2481044922 6.04214619587 4.72329904295 -10.6088563021 -2.25159668116 17.768878864 5.20524176449 -27.1853748157 -16.1925489401 -19.0024393013 -4.46560458283 -2.29292906843 -0.100987984269 -22.1255162179 -10.6162727956 12.1278393125 -11.0113856584 -4.69856875836
HAYED
18.1873274436 2.73012759672 -12.7133167943 -8.99144696303 -49.541095793 5.32722462324 -3.58791780246 -2.52756851238 -17.7908368371 5.7207166574 -15.2696064689 -5.00197570156 -2.74241310289 16.7540409328 3.0152235833 11.1473285881 -3.49451591269 -53.1377671887 2.27200539049 -27.4313987188 -7.85328711125 -1.45583828703 6.74379967578 -5.02140234074 8.41326742231 -8.75756581959
HEAD
18.7589694316 1.36994256946 -25.9711139466 -12.6442469502 -29.9471501665 6.91036774092 5.51268055865 -3.85848301307 -27.2717748776 2.91658064309 -7.11622133559 -7.37582072183 2.31360010532 17.7387954252 5.16602293387 -17.1489209706 -16.1736576562 -31.2479295497 1.59157093805 3.32519516999 3.425555337 -29.3044405794 4.90237965081 -1.22762110856 -18.9894670607 15.5335933464
HEED
17.6059831225 3.18047618492 21.3303125127 -7.35116877914 -46.2776348401 6.35035252661 -46.2824350855 -1.87983844199 2.86465349108 -7.40977550942 0.801688605984 -2.13302098533 -14.5514958917 16.4690536958 1.50931106612 20.5718562709 -3.77427987068 -43.7511131317 -3.6005322737 -34.9593531867 -8.70286566794 -4.14269268673 -3.23325184069 -1.21927180759 -5.74759867596 -8.80026815409
HID
16.2518362935 -9.27011555257 -1.5427443586 -7.76551755312 -47.3748872257 8.71949523582 -6.75233659489 -1.72346463931 -21.4740139405 9.80039860268 -9.45522126958 -0.597627853377 2.23979014038 17.7688472913 4.02722463402 -7.90688569521 -12.6902078958 -42.3150514718 -4.89077616654 -3.48722575778 5.18624014407 -23.4146833409 3.12059428289 -3.72382471551 -17.2003902513 10.8490548113
HOD
18.6948613145 11.3605230154 -29.6703260584 -30.5885121843 -3.770162635 22.8019859772 -26.9843996156 -4.79630722028 -14.2953996365 -2.99151764601 -3.29126206894 -13.84121231 8.10581304712 17.790040411 6.04744097504 -28.4541344582 -18.7552481798 -21.7725805798 3.51848648033 -17.2035944385 14.2609040999 -26.544218255 -13.1690589938 3.01242371552 -2.90463521398 -0.0806543548931
HOED
18.6815038514 3.17560254116 -30.9157970061 -16.6639274895 -15.9283257475 3.93108166749 -12.3965157844 16.6555247623 -25.2042796724 -14.535132437 -0.115468509051 8.37232160544 -11.1166205467 16.9621935645 9.30645737811 -14.7748664856 -14.6716835164 -26.889734737 -10.1232079441 -21.2275079383 17.539235499 -6.54687098833 -13.6561135213 -4.02277513249 0.634491471411 -10.8356464611
HOOD
17.3893397402 0.0396185476705 -6.52797439071 -10.6412497851 -39.345711042 -12.338672096 -4.8078827362 19.316909636 -18.4799977244 -13.9615370941 5.35022369065 -18.8908447959 0.413830614893 16.8066432149 1.27840804695 -3.98344891244 -9.65431823227 -38.2980232272 -13.7842650199 -9.07040587791 16.8149798688 -19.7990594089 -10.4625430856 7.22957209344 -18.8214942893 -0.967389085248
HUD
19.064580567 3.90648299371 -30.1947831676 -15.8338665934 -20.4273564224 6.86567715952 -2.54239563787 10.8388889629 -29.0070039886 -13.466715682 10.815925491 -5.05359131714 0.410168918242 17.2593235831 5.02512645456 -13.2572132928 -15.8319015795 -35.3401849292 -9.15229066265 -2.58385655647 16.7840161449 -43.7782625836 -4.31004685581 11.602953397 -23.2333455046 1.71956274781
WHO'D
17.7063481513 5.44258337005 -11.4184076687 1.82037930862 -33.081936538 -22.4582179971 -18.4272852778 10.1373245845 -13.4242262012 5.871330098 8.81939592654 -3.73963060652 -7.99123858099 16.6741370437 7.89390276471 -0.0782347088208 5.01504889162 -40.5830855442 -25.0044779805 -18.8820484089 1.97830937261 -5.45966519845 6.03410272682 -0.159211162248 -13.8375014398 -14.3509903359
