BEAN
19.8377682079 -19.8391578452 23.2466867744 -2.77567343051 -41.2670659671 -3.8655733315 -17.7638161263 -25.7998526555 -5.37922395848 4.26465757575 -25.3620006199 10.7840595353 -18.9595548139 18.4249777815 -13.5191986153 14.1939194518 -6.62593102783 -42.0703957111 1.67585898076 -14.811286857 -20.2776109898 8.87413311817 -0.0533270087818 -27.2187453983 6.01382017376 -17.5628946103
BITE
19.297582955 -2.31430395599 -24.2149669947 -13.0802531572 -24.1369701139 -1.55720575892 -0.922630264912 8.32976047441 -2.71555879311 -5.33218969005 -17.3192221779 7.61217758563 -2.44606797141 15.6622464139 -10.6381075253 19.8872459076 3.93600963754 -43.3244489444 -10.1388671607 -15.6705220344 -23.5730587976 -5.52156072305 -1.82545426586 -15.9178771632 14.7153737302 -11.501283046
BOAT
18.8849871648 4.01453713418 -14.8769646673 -31.0300897393 -27.226608173 11.9135708165 -15.2374212081 -9.43506602581 11.764649167 12.9525577273 -9.54387010604 -8.12728869973 -4.21845197058 12.7946625564 -1.58224515256 3.42249751428 -16.0816674961 -26.4380021346 -4.51591512069 -15.2409495405 -12.5862322238 -9.87293296873 19.2060359596 8.68556376237 7.16452784012 -7.50815026132
BOIL
17.2963970526 5.1635637135 0.91417597347 -34.1940940957 -36.1659765269 13.2790197816 -10.2756670543 -9.13728774309 0.895806263065 -12.1506368586 3.69492792645 11.1530571201 -4.59712589071 18.6554589247 -6.60976315874 -15.3176987999 -16.9294408048 -27.1969405221 -11.4434218585 -9.5978597588 16.8278519613 3.0315555147 11.0824671501 -18.4715482005 -0.0135339351945 -11.8010797741
BULL
19.0613000981 2.70314740449 -13.6716932086 -51.7976165779 -46.9953748424 20.0708023287 -18.4577171384 -7.71886241182 -1.73701903647 6.14199666399 4.05410900721 0.926042104761 -21.1512113183 19.022367006 4.98194110468 -12.237047826 -48.5005584418 -49.4813320065 20.4783558954 -16.4940778233 -4.70982347153 -3.45331026608 3.09938679956 3.39080893271 4.37698587342 -20.7935022005
CAB
17.0257176905 -17.8977219872 -10.4290273104 -8.61084655639 -23.9725866978 -2.95606951294 4.74418518584 -5.44984486454 -8.87869521517 -9.88229179442 -6.20783540438 1.26285418818 -12.6423459032 18.1386257065 -3.59934087443 -30.9265887273 -18.1175252068 -16.2551894814 -7.98085429313 -1.94312754419 -4.12434559192 -19.6690429514 -15.9245488021 -14.9344101783 18.086079107 -22.3001918446
CALM
19.32257826 6.87658857047 -26.8640338359 -33.4354421865 -13.3661216953 18.4073325542 15.2824180515 -8.58994417301 -24.8731581142 7.36435226113 -13.6322398735 2.13409122478 -17.4926743658 18.1916836042 8.62352444408 -23.6317310207 -32.5506478299 -16.3365200306 10.9434019662 21.4806170063 -9.67139773954 -22.4822699818 6.4353666337 -18.5584532709 10.3669565407 -16.0952734256
CAUGHT
15.0586548954 -16.5461465841 -19.0887973314 -15.8577641834 4.85193365106 4.4997876876 -7.93036552858 5.4732063663 1.07212204702 1.39832547497 -13.5189660649 -1.8734806347 0.217054136954 17.7999512792 -3.84632483662 -29.5517878527 -22.4365980762 -12.8220149734 10.1623091191 -6.97119132132 2.95435448658 -14.1487845456 8.74927602994 -30.9044955815 7.34752353728 2.52184444496
COAL
17.6194461499 12.0046843591 -1.14120761968 -35.2268479413 -42.7514623369 6.14623916647 -10.5039085166 12.6640768767 -9.00628010606 -9.42160238237 2.38910765092 2.43999248361 5.97008256808 12.8903273081 4.21140857474 -4.48908653927 -25.2004090806 -19.953364003 0.0167702016775 -10.0546586474 -9.95195133193 -10.9036622656 -3.46862142228 -5.68345698402 -2.83103675178 2.42700769319
CODE
17.877534472 -6.61851485614 -14.4411355437 -19.6692390734 -13.5830135638 -10.9172333543 -13.1369108689 8.08910419689 -0.140445890198 23.0704787486 -28.7131004611 -0.839534888705 1.01603829091 14.6023300075 4.53418823362 -6.33119445272 -17.1277968311 -27.6681758915 -11.6077044183 -18.6969470593 -18.6869478497 -6.95071676819 26.9967792669 -17.3984800284 -1.32766452372 -1.03639672363
COIN
18.7317441794 4.25521674444 -17.2095606792 -27.1853745727 -29.8723386098 9.40239520936 3.79225689937 -3.74153757696 -16.7337272424 5.93655640167 -27.3426734571 -1.05507986898 -7.23586996145 17.3018818775 -5.55410168909 -7.40209818979 -10.076274187 -38.8231825378 -3.33754804407 -1.32366364604 -2.96311089452 -3.83151415269 5.34306413473 -26.2450785967 -2.43934558638 -17.6320599605
CON
19.1266138799 6.08846086168 -30.1290638429 -29.8292248095 -10.6142402487 17.8218481582 -3.26939548057 -4.6638616088 -16.8068580989 14.6895309495 -20.6993531783 -12.6766626322 -9.79799895028 17.4275184318 5.67995143726 -26.4572867194 -25.9135424665 -6.34329798117 6.75076973218 -12.9623521687 1.46214190159 -13.3470146178 2.90426054828 -18.466275643 -11.3446522758 -3.55328835105
COOL
18.0409715669 3.12090466639 10.2999855341 -38.042920157 -21.6228427879 -7.46748776075 -14.3111677472 -22.5622260551 -25.1533581715 25.3055493363 -17.6003323565 22.5421097105 -14.0070443365 17.5048848456 10.5173353648 7.12296143377 -38.6761631131 -34.4633257906 -2.35455934583 -5.57250087265 -12.970314197 -19.0854289439 -0.555622385341 -0.787063204815 21.0536797906 1.73384148726
COT
15.5448260789 -19.3426704109 -26.7286400556 -7.30881347421 -1.30127892948 -5.17189509442 -4.64277359317 4.04189857589 -5.24387199878 -3.66845350474 -14.1555652781 5.82233677505 -4.76966180122 19.5002707951 -1.10919522065 -33.9324032274 -27.3692306895 -5.65198514778 14.0526374075 -3.02664956668 -2.85186554814 -10.1113441198 14.9161831425 -29.0924510031 7.54349183909 0.647616751789
COUGH
19.69535003 2.93879932388 -32.5483229061 -29.9398280606 -7.40923085096 14.0931823556 -1.89060268005 -4.97070663936 -13.6599784744 20.7997495641 -21.1547582663 -4.46883176589 9.68539799237 17.6999214624 2.51640115889 -32.9779275544 -25.3539096973 -11.8449893334 14.4114491099 -2.32921305856 -10.2516142774 -16.7553892696 14.7914550889 -20.1908677874 -2.58347206421 6.2615016642
DEATH
19.0245630627 -5.08282328736 -20.9502022666 -11.10853767 -28.8799675489 -14.8463998272 2.56826363305 14.2474193951 -4.95859789333 -13.8562174632 -9.04629171075 16.286432898 -27.8480861963 16.8716448677 -6.27505700508 -18.8916815333 -11.2015385365 -22.0773177795 -5.71889563351 3.67728077918 1.50430603908 -11.3419859925 -26.0061360852 -7.35065667601 16.3780887544 -27.2489889214
DIG
19.1839744208 -9.89425244145 1.83772469052 -1.35308561016 -45.1049839168 -25.2833873471 1.51606510165 -5.87522058051 -4.92025324781 10.0858112258 -1.3915127601 2.95316305445 -10.8961971327 17.4789332519 -7.30631487333 5.86928005897 -8.29577390082 -45.8997424101 -17.6984980566 1.96702129095 -5.63767253908 2.71209124329 8.36808316324 -19.2078928371 5.69826918357 -15.3407815824
DIME
19.6122853428 -7.13868981322 -37.5097985914 -18.3209535703 -7.46419272939 -3.13493396026 -8.42858244673 7.70489157808 -4.69057451904 -20.6382288241 -12.3181568507 15.5786911261 -17.7683307549 16.6119133061 -3.80477980827 -21.0284598944 -2.38136153687 -20.8567898996 -11.2617529449 3.41043739545 9.03334907611 -14.4857457912 -16.4457677537 -2.71388542054 -12.1082114326 -17.8644662967
DOCK
19.4680654612 0.93542939253 -36.4026867824 -27.2726260075 -14.9993729195 1.55349812139 -4.45678895668 -3.96414439292 -2.10418181403 8.27964815869 -22.6949184664 3.38754635095 3.40595694843 17.3319906926 5.51132637673 -34.6756211654 -22.6130105536 -5.66252584667 7.85660012927 -3.99078365453 -17.0095375626 -10.8411044658 5.95743095792 -15.1331008297 -14.4971661433 8.10262286605
DOLL
19.1274098341 1.0210711714 -22.1245424931 -34.5717583297 -13.4764154712 10.9575773214 -5.02629661336 -4.36291633115 -1.77375564371 12.7515501099 -20.4044943585 2.11385553815 -10.5667180383 17.9915642333 7.6959413263 -23.7956825495 -37.8471996088 -23.0513450564 22.3534423027 0.404697294242 -8.60833068439 -9.62518922657 7.88320824645 -6.68120281465 0.465621234654 -16.4754279624
DOUBT
18.9374937382 1.29446000002 -26.4582339241 -12.5191702067 -17.7205588265 -7.20484469675 1.78903181614 1.59694456655 -5.15909873745 -6.40910821884 -15.8740703593 15.3003702106 -14.7336262484 15.8290737497 5.90102958778 -22.7460775721 -20.4641163839 -24.0860925871 2.3822556326 -10.5842432167 -20.2540829816 -2.63603788826 8.08881012713 -18.1812537448 -10.4821420822 -1.66270522938
DULL
18.5509928265 -3.96626019234 -20.2714405483 -22.0506023813 -33.3287196832 3.9370997542 -34.7600755435 -1.76542110689 13.89160583 3.68937652373 -21.5924967144 -5.38213289306 -6.60069368132 18.8963218732 -2.68102025319 -23.0135698034 -37.7288736921 -39.2311819443 4.27071004738 -27.1675215559 -11.4453707545 6.68429880982 9.0365504131 -17.2738992837 -12.2821265233 -13.5210325969
FADE
19.154343047 -14.6844791405 8.96473628692 2.94108807473 -49.7653382365 -18.8079419387 -9.07006276902 -21.9619055024 1.24278008103 12.9718018494 1.52763092398 19.8787392618 -10.9195313277 15.817502273 -12.7422193862 24.7337652557 4.37606441116 -42.6041254769 -10.0703918693 -19.8491806356 -32.1576185655 -0.212619758641 -10.1745536282 -9.61496207603 15.7707640391 -16.1838119961
FAIL
19.6591617488 -12.5770800113 -8.3255817888 -4.47029236054 -43.0935530804 -20.7481672463 9.792880254 7.80243476083 -4.88935674805 8.55515724832 -13.3349956139 2.81314407342 -20.5083965493 17.7662051528 -11.8668337904 -4.20600477164 -8.2669062511 -46.1959573626 -13.6935403443 9.52336634028 -6.36411753111 -1.49187892707 1.50053586786 -14.3201266708 -3.23930155505 -16.5694218348
FEED
20.0252278503 -22.9136900708 30.7799858228 2.22465103431 -34.0438473945 -6.07832681217 -19.2120495477 -13.3496710226 -7.08494020423 5.09083419971 -20.4016676558 8.1064850053 -18.5838170441 17.5942676715 -13.924268568 32.73174831 3.71024632671 -36.69629133 -0.813318887622 -26.2281930692 -26.2859412964 -7.1331135579 -2.89098715871 -12.9495045008 15.5776115403 -16.9875866413
FELL
19.4760328327 -4.47782097265 -23.2149259433 -17.1983023177 -14.6387456928 -14.2737800649 1.01985799912 15.8072727005 -5.41114843402 -2.63913030542 -18.9351495644 22.7166430828 -14.1704542845 18.4238576778 -3.41274038507 -23.9531885206 -17.6210555479 -16.198266943 -5.95893060937 -1.97503621717 14.6752292613 0.242500642954 -10.9505864834 -19.3028067439 21.734237234 -16.4041735691
FIRE
19.2347769416 0.449247749186 -34.1115860231 -22.4537740193 -12.0402119103 4.80913294372 -4.44629498423 -1.13264110411 -13.2393015564 10.1722103959 -19.4280706641 10.1094709961 -2.74951810092 17.0256236788 -2.00088305101 -14.8490900024 -0.479908769093 -49.2763983851 -12.2993889466 5.51056694549 9.02496417977 -11.6728112642 4.74209580047 -5.97569874741 -10.5353328719 -7.71163918592
FOOL
17.120883858 9.34172347016 -1.47213219394 -21.7239915733 -29.1556992128 1.31969719095 -11.3615060033 -10.6155683351 -22.1010166587 1.31077308749 1.8389198043 11.0027094793 -12.145054662 17.4674101966 17.0537917584 1.3666464533 -24.4577690579 -34.5256370922 -4.46254220952 -14.8938839339 -5.44767358692 -11.3879974678 -7.58826760509 1.40486488155 5.04611542216 -2.39902210641
FOUL
19.6403314208 -4.71916806318 -40.0053759365 -24.7407674702 -12.8309709872 -1.83482494444 -7.69418285971 -4.95457556072 -18.6215383829 0.733054148172 -30.1786273833 21.6319760517 -2.77617630338 19.5726652403 -3.94936501114 -42.3775985904 -28.1083443021 -11.6701791449 2.5109620277 -12.1258705447 -12.4256621361 -14.9724790954 6.46522305262 -30.7329975875 18.0452159659 -7.18301357058
FULL
18.5112666879 8.66887284475 -11.7450829736 -35.5181748512 -41.4832494111 9.38658376426 -7.87658495935 -2.13812990634 -10.5098695642 -2.49400864649 -3.06136396765 0.855509714916 -3.44167384442 19.0008922102 4.85327226228 -8.98872786918 -38.9284243627 -45.8228688029 9.04801746246 -6.16079771891 8.71111149755 -12.8682726908 -0.844463349718 -9.43826897897 8.61887725357 9.14467809273
GAP
19.7597055211 -8.69280615734 -21.0297632633 -7.61462660785 -34.6941339505 -5.69289013632 6.74925940329 10.322047217 -19.9241954489 1.23485336396 -9.20362228459 9.86499432464 -14.288505657 16.8689810741 -4.00347023213 -39.4323547578 -17.5965490922 -11.2622895497 -0.413764482365 -10.2664174566 -5.55244078909 -16.8928259856 -1.44793651042 -21.1538648326 18.7671467862 -0.41470190194
GUIDE
19.2713325088 -6.17388148825 -30.7597544355 -13.5171231626 -14.3936311187 -7.24049736593 3.01774676712 10.1176113794 -15.6313648802 -3.96155318695 -14.2963880369 24.8383484766 -17.6540490064 16.1325768712 -5.92392130723 -1.44374446423 -10.4797096577 -42.8297754669 -22.7183312623 5.22729917985 -8.15700160245 -6.73898635386 3.34020848604 -12.5813797472 7.10202804833 -20.1529166261
HEAD
19.3359021246 -10.213291087 -20.218696078 -11.990872468 -42.292377556 -14.5633803679 8.72114727672 3.58303260267 -15.293900175 -10.9509024315 -5.28920205398 -0.550283434101 -23.5195682955 17.7083894715 -3.45320783798 -7.95331273713 -6.85586419419 -38.6769418592 -25.7372880051 9.05572147338 5.50771199197 -0.592956826056 1.01856972553 2.28278031608 -7.59152154154 -24.3094519994
HEAL
18.7122313302 -17.6017813113 33.9234620649 -2.87306327473 -37.0794944152 3.18596821486 -27.1807741485 -13.924515704 -7.73380521315 -2.52970436418 -26.4788533281 5.81572162308 -24.4827216622 18.2375631647 -12.1538972174 14.1408743745 1.24787457813 -49.1878199775 -8.59459728229 -16.4690248862 -16.3626719826 0.029468029641 -0.571994566005 -8.63032835385 10.2058776268 -21.3190064691
HILL
13.8561418598 -16.9304201938 -1.76983489225 2.00204764835 -28.247013833 -10.0240299982 4.81035499141 -9.52053229765 -11.2402562766 -3.20544769648 -8.15927123011 -2.83047832958 -7.19246454176 19.1497873863 -7.0467785044 -10.5330313404 -4.75955486896 -35.0018761024 -22.0073258202 -5.70156446768 8.34472337471 -9.07566345922 -3.79984770017 0.825380947614 7.03867787515 -23.9571503206
HOME
15.4299435839 -3.30036059448 -17.9869176511 -25.4525976324 -19.7263736523 19.6681850442 -9.79381069036 1.30398316494 -17.937432291 1.93269532815 -8.30001684385 -12.2591844603 3.86922761445 17.75466897 6.76924046111 -9.73570020865 -29.5058529847 -29.7112955243 1.51045282589 3.54733766702 7.83006100053 -15.0875635861 6.5713598706 -29.8606528999 -7.8195537734 -5.45570404939
KEEP
21.6808370572 -27.5669593824 35.7295882179 -8.67223057793 -35.8310633872 -8.50385885185 -32.0782499357 -16.3826354192 -13.4498202982 5.6938762577 -29.029350627 12.7438251072 -25.9559507217 17.1271187376 -15.7054653452 28.2883719457 5.64007763241 -26.40467937 -7.38468520087 -16.9707283932 -25.0135818199 0.7223337786 -11.1422428017 -19.0502728232 12.5115226939 -16.3467529986
LIT
19.4417572655 -7.07671296119 -13.1859160219 -10.0028699287 -35.8493368008 -22.5798843951 -15.9740967211 29.2019538091 8.77482557907 -7.34799592967 -7.51824851244 13.6725802285 -35.4746486066 18.3486680092 -9.15021580572 -9.16347426039 -4.53968807076 -40.6368025338 -33.8693639927 -1.65752050953 17.1159056258 1.81707997423 9.16235681106 -7.15832928766 9.289595507 -40.1915307372
LOUD
18.6872683944 -0.938926725292 -36.2365228461 -19.0371618486 -12.4948050116 -0.737869894334 -5.33607538466 -6.39434688546 -4.44365614999 -15.8453016921 -17.9344312689 24.6487516544 -11.7377445744 16.5591016675 5.46402779579 -27.1312567316 -22.7885967824 -24.0417941194 4.67840021456 -15.9740791144 -15.3469547118 5.26960943369 1.65147306559 -17.8080048847 -11.0807194788 0.336352383944
LOVE
18.6599833415 2.18367233841 -20.3870291405 -36.9940274216 -22.882889311 20.6996990512 -22.1944277905 -0.67565716994 7.59802530089 -0.955022605916 -17.818900126 -1.16092382409 -11.9336692216 16.5587310954 3.60605034666 -12.8410543276 -27.7312758477 -24.2908991529 11.7905022006 -23.573508155 -8.74980473775 7.13582174384 7.56455438219 -24.5832241767 -4.32853500797 -9.45765435841
LUCK
19.3336016778 3.71062813 -20.0388483295 -42.1691352201 -17.0904287824 23.6014479098 -11.1478175476 -1.13799697813 2.9788091372 0.489134028925 -18.8248913855 -11.9166792799 -16.6560831005 17.0101786613 2.54085338911 -24.40334581 -27.9834038453 -15.0521587247 10.7390108527 -28.2556917663 -11.1518380404 -4.54096079813 -10.7614002274 -26.3892260696 2.10355832396 -6.08451408612
LULL
18.4770570378 3.25587650258 -12.660857698 -45.3476468138 -35.4494070804 11.9510326648 -6.9859652682 0.958030978432 -10.6988934 0.825158054548 -0.1093458697 3.04744603221 -19.0169211319 18.8793694961 5.31783475287 -9.03941921755 -44.2092454012 -35.4824139167 25.0523039083 -6.87325242251 8.00332260856 -8.99999595135 4.57552601065 5.25887342021 6.65206175116 -19.0985182232
LUNG
19.1072719906 3.94373417488 -23.2905006367 -34.0852959387 -20.6124850396 27.8372329166 -15.0386116585 4.63138584488 -10.3576871223 7.45363894533 -3.95183739489 -20.9302411784 -9.46517493032 17.5913370436 0.494195808795 -18.778073297 -28.7216696933 -16.9211157015 18.3511713323 -14.1744310642 2.52868844839 -14.5213724501 12.7184243465 -15.6020433846 -23.4760437005 -8.28601685444
MAIN
19.0128476929 -11.5179282107 2.44409973677 -10.6632245812 -50.270054597 1.64050616738 7.15719942661 -5.30034583695 -1.60744178142 -1.32740880105 -21.1114195777 -8.76329688235 -23.4157671332 16.6073016657 -8.19750328753 13.0956547545 -7.42177441218 -47.2796864236 2.77014137851 -4.60261251157 -19.5601732519 10.903501905 -3.79776698068 -26.9918057888 -3.04007640116 -21.9420079122
MATH
18.0846862762 -1.62965545822 -17.7486145122 7.22329622468 -9.80255753113 -17.9581372173 -2.93031490284 -3.24969301122 -12.8071278844 -2.27974660566 -31.7438585285 7.15762711125 -5.0400127866 17.9784784212 -2.02043723394 -29.8403385664 -9.87442140734 -9.81887975435 -10.4680734611 -9.12747522244 2.56451757471 -20.151610861 -25.222111131 1.2775609813 -0.714783109009 -16.1973523885
MEAL
19.1980835339 -14.6972480071 19.9928032944 -11.9370638032 -47.0938763162 8.00166542447 -10.559293151 -25.3645152342 -2.27831564532 2.8228745093 -37.7650377827 10.0094934676 -14.1989562148 18.6784263934 -11.8835446921 11.7293059691 -7.7513565613 -47.3265959383 -4.47073774185 -1.67073914404 -8.2694116672 2.52742456244 3.76959202188 -27.2428686321 4.12739357762 -23.8360463323
MILE
19.4500373543 1.60298942473 -32.0290193238 -24.8858157847 -3.70251046373 16.1507931681 -12.8618682904 1.61726032715 -9.76511994871 1.15412793433 -18.3735420107 -0.282578035088 -4.90335401736 17.2822744569 -5.41004262667 -22.2675382724 -13.4446392198 -22.4235097441 -9.52790820535 9.20998592582 7.86382160582 -20.3763987017 -14.8986098613 -3.9236453123 0.360973744998 -23.8056618175
MILL
16.080797421 2.06494156477 -3.09682684704 13.1211987546 -18.9219485571 -24.6576462104 4.58847159134 -21.1829331683 -5.46561792018 -0.796813331269 -40.3246182097 18.0933783239 -1.95336126561 19.1001651449 -6.50039977874 -12.3491176377 -4.38569356656 -26.4476748949 -13.1725932103 5.87762427613 19.2033752585 -9.89936564857 -5.8106119671 -4.64411289083 -3.90618713978 -28.7409296963
MOB
19.0314981275 6.17313549544 -29.0221266586 -33.0923842612 -6.66185052581 24.0353423409 -6.37108553023 -1.79775020477 -12.0759631247 7.90502402465 -8.40618509041 -7.2213272408 -6.21901190715 17.3114501774 8.97652343071 -26.80573032 -33.149803781 -12.816138516 20.8584509675 -4.62067999588 -8.38048386264 -12.7513971807 8.3875198163 -11.0687662365 -6.02381544313 -11.6959984562
PAL
15.3452451535 -16.3483141274 -20.9564932924 0.0414795941331 -8.24777040257 -0.753036736117 -3.080950364 -6.0520516325 -14.6931635476 -9.64226340276 -16.8266800998 7.35241408903 -7.43375515157 19.4671261925 -8.66686346626 -36.9457156863 -18.921608597 -6.53745790246 1.27848411851 -3.10531420168 3.41595788919 -10.3296131069 -11.3610931443 -19.4073854201 26.2761140453 -19.9812888066
PEN
17.321477632 -13.034853718 -9.08674556689 -1.86488836431 -24.9468133185 -5.82301353743 7.57794709667 -3.38578741208 -16.1479537939 -7.6546591047 -8.42535257675 -3.04496362163 -15.8719083356 18.6482868478 -8.36398219933 -11.4894222774 -8.61665463969 -32.3446650225 -15.1540327161 14.6496603125 3.17163655688 -8.04268696366 -2.18342612333 -8.73871578474 -19.331685988 -20.8494938033
PIN
16.7868386717 -13.1556870292 -5.01873497024 -1.69159056564 -30.7801008298 -5.96645737259 8.56982621453 -5.64889972956 -15.0164056408 -1.87728383894 -15.0637039524 -1.17941865063 -12.3525915662 18.8778947245 -9.7417599206 -7.30037147183 -7.61384292612 -37.475226288 -8.6264097325 12.9879173862 -6.63753739211 -18.6145043949 3.16825374762 -20.2965003873 -11.9826505409 -23.350093437
POKE
16.9975463287 -0.404407722983 -17.3890340653 -24.5541492418 -13.4190441147 -0.021920042027 -12.4462627968 -9.38423910801 3.6487587715 8.11507796455 -18.3088001685 -4.15527005614 -2.90905349194 15.1772474963 7.12190240133 5.76299674138 -23.7316416172 -23.5652473091 -12.907257053 -6.49495249949 -8.67508396631 -17.4489107296 4.97308291188 -15.1781014443 7.4325571615 0.347062210344
POOL
17.0176488003 9.78333715825 13.1200453381 -25.9183506533 -31.467184203 -2.50148464813 -23.028137502 7.6538947095 -31.7258567629 22.8192118837 -23.2667030289 15.8368251435 -2.30406249613 17.402788499 9.22757243139 6.36400309099 -29.7353202572 -34.8368352797 5.27341503032 -10.4557646069 -2.12537096514 -20.2351475076 12.0957640625 -1.24748780336 22.51568414 0.483898430021
PULL
18.2189517639 5.42758162172 -0.849211788955 -46.9263565349 -39.0073728721 17.4482821205 -10.3826947291 4.20097207524 -21.3032433347 -4.74405876148 -1.63657032663 1.84836084773 -17.265650666 18.783871212 4.20883291635 -3.53259106947 -38.9007811162 -31.2490895029 19.3743071272 -13.521519385 6.66733615458 -15.5613254378 -0.889412721186 0.693151953396 7.82282399215 -3.1345645695
RICE
18.6343534201 -6.14059685944 -17.5386948347 -4.44813628625 -34.1298917842 -12.9665281926 0.226901645372 13.0635189315 -7.02319292407 -7.50121931127 -4.26563704704 -1.83287600797 -4.164671806 16.9161711452 -10.2646438833 17.9678072709 1.58947817985 -43.9157866983 -17.614730746 -11.9199393485 -21.5535382278 -2.63937696529 5.70386000525 -10.6209648881 8.09006876196 -14.8336043769
RIP
19.2907180064 -1.74963240955 -22.8265302578 -5.71566674265 -30.5207138829 -25.9612625308 -8.86844107633 30.6663403243 4.06327985928 3.7094328067 -2.80014963147 -3.77995235563 -11.1095056983 14.900661229 0.0833130237883 -10.4143783234 -13.5786750136 -24.5750935904 -28.3206977875 -4.60178601971 22.2644723573 3.39771742161 -3.09098060375 -5.25205525513 -1.84909016757 -12.9324604176
SAIL
19.5751759386 -11.9265297905 -8.7684900394 -5.47192950435 -44.2710376408 -26.7736491296 9.23730429037 2.42098287745 6.07241691147 8.20766612444 -6.21805336266 0.544378723759 -24.7806127397 17.6460165123 -9.8316852132 -1.01657300139 -0.430374457013 -49.5271901319 -19.011101346 6.7126068334 -11.7762090507 3.91492271797 6.76003123979 -13.4315112124 3.67876011909 -17.5826887397
SELL
18.6329059466 -6.11871293769 -14.6820044198 -12.4175502026 -17.2114127458 -15.2886185294 -3.75643109892 12.1508834447 6.11366661348 -8.69001751124 -15.0156091616 22.7759764506 -25.2788336961 18.1086980787 -1.01942166796 -28.3629784745 -19.2637708978 -24.0107634532 1.87937252468 -8.00617422922 5.09716833009 3.06236163154 -17.3413923287 -14.3957425193 17.1342021347 -21.5641240031
SOUR
19.4571096752 -4.00675571576 -34.0710135891 -17.1812860603 -10.5569568965 -2.85475850603 -2.97025477215 1.0462487979 -0.54237460278 -11.2573099901 -17.7783503503 16.5651429737 -11.6926095635 17.4635502046 12.9898797128 -27.7711345715 -29.2855435976 -22.1209954766 0.482585259165 5.98746369669 -5.89491902083 -11.4920312863 13.1562808554 -7.0514028197 -13.0772324182 -0.314412853718
SOUTH
19.5986370712 -6.48169334282 -37.452526567 -23.0277474542 -19.946066557 -10.4217291726 -6.58636250339 -4.66942573014 -4.03058843586 -16.3311843373 -23.764762011 16.8927499862 -15.1795474218 17.091633731 7.95274629083 -21.3433612454 -25.1670703794 -16.9688846823 7.55056727008 -4.2834122753 -12.5361872873 2.91081021848 -2.6717596562 -13.6392540916 -7.24958268026 -0.423281285679
TAPE
19.9665672646 -15.7281504887 10.403704305 -1.21544267039 -48.3001594596 -9.29566498481 -1.74477308819 -18.4647799681 1.11940068024 3.53917818575 -11.8669711161 11.6124475187 -11.7546171359 15.8764658272 -14.8434246627 21.72242954 6.74151406258 -38.2107243164 -7.60511492869 -18.9498745932 -28.6126415103 -4.28732970101 -5.09747624278 -14.4682536069 13.4544686778 -14.2045922409
TOOL
17.8502627615 -5.63314355579 -1.10410722474 0.675869176229 -21.9317447481 -17.8076787795 -33.4660642396 -2.8962033376 -16.4261374075 14.9040270223 -20.8633191998 6.89975543907 -11.679791979 16.9585357352 8.72131034858 5.21613548304 -25.3837846721 -33.8468413992 3.29706916077 -15.368570279 -15.0435934767 -26.3777142419 14.6157290311 -1.21231321225 20.9339679543 6.41639166684
TOWN
18.5479346018 -10.2032656348 -33.7176054227 -6.30348210311 -15.187964768 4.67092069152 -8.00937516536 9.42912900801 -17.6722429599 -11.6064019312 -10.0433094173 4.86772681609 -11.4270999912 16.3318297734 6.43665007715 -26.3176930434 -21.5389827793 -14.9086213229 8.6652883775 -3.72285676172 -1.57657128297 -7.82173042456 -3.43981185089 -16.2870459156 -9.65545454056 -6.74675303546
TUBE
17.5611740822 -5.50203298582 2.26472491111 -3.18623410623 -13.1566429958 -31.735578221 -32.0455462942 2.27753222882 -19.0073047062 21.3249254129 -27.9424617115 18.021280679 -3.74874768868 14.7492752637 7.94934064218 12.4896352368 -11.472398401 -11.553468114 -10.2385046456 -20.7796630015 -20.3536662421 -22.170246598 15.1476155274 -17.0793630976 8.66571009785 -6.43413074324
VOICE
18.4977405494 6.49216405895 -8.88823206661 -34.0202501585 -38.4069713158 -0.567005163206 1.21362749864 -14.1911669168 -8.27172369616 -3.24653470752 -7.0556451085 1.14191929757 4.79205741362 16.5280808808 -3.58407258031 -4.81340119186 -0.378133990079 -36.933547624 -31.3988630153 3.49329720382 -2.45997612106 -12.7695615393 4.86385457116 -16.3629901704 -3.31676628352 -8.9751360405
VOID
17.7957965935 9.40314271613 -3.98685887597 -31.3109320548 -29.9030281567 10.3114114511 -11.1144815617 -5.03900176263 -6.78564642031 -1.38810654856 5.29972899913 8.27960491239 3.30569366386 17.3875708347 -5.9735165721 -3.7921727276 -3.12173143719 -43.3194744261 -23.4721405609 1.67716215064 4.67512728734 -1.73395636289 10.2492046852 -14.7533563416 0.810980268484 -14.1507394933
WALK
17.8390020342 7.33739657423 -1.59362305281 -29.7727319281 -41.2255213161 4.20023730953 4.9555470372 4.38575462194 -3.33973829831 1.61192287893 -11.3803438512 0.569395539998 3.18918275083 15.5389804528 2.56232816989 -20.620924395 -29.3372482777 -12.1911120588 15.2095469212 -2.83500502815 -9.65125147688 -12.6382576531 4.41042738348 -10.628208838 -4.48459695519 4.13559382072
WALL
17.458210451 10.551694432 -0.692959456708 -35.1395254167 -35.8382244166 4.73354562798 -1.15765405966 8.90734708001 -10.3780252004 -3.00674986158 -7.7891874889 1.59220620445 0.496950017243 17.3030362979 12.2267375687 -14.6758120438 -41.8728749557 -27.392829355 16.4262040957 3.33921324528 5.23035700746 -19.3006983917 6.90176886125 -10.1380727653 4.80128126602 -14.6619085327
WET
18.6680092223 -1.37538381904 -30.6753138031 -18.044714438 -20.8719076183 -9.63663699965 8.20395971711 21.0710201056 -8.57662150322 -3.37231948099 -22.3405437911 20.3810323659 -7.89100580802 15.8880388834 -6.17677723474 -14.4273115299 -13.7478660962 -34.1972703148 -24.8620531583 9.69714657564 17.8498761133 0.00280201266391 -3.99675755571 -13.3972582409 8.95980639964 -23.2391890539
WOOL
18.3542661018 11.7507278899 -6.03677447052 -33.6051889884 -39.4058456337 6.49594487667 -0.150656474428 10.6422296019 0.946345147841 -12.5422175341 2.90792819916 2.86471080721 6.31599948807 18.3192906201 13.0190807323 -3.92218661528 -36.8390502599 -46.2491736973 9.17419166443 -1.20612942266 9.29984144538 -0.927855262391 -9.63062923883 -0.9280628185 1.60642428759 3.41792629671
WRONG
18.3893269666 6.18878512817 -23.5874212329 -33.9605547653 -23.0064229582 29.4446463613 -0.819757901319 2.23474122629 -19.9570425904 -3.85728657522 4.78678067382 -17.5011003601 -15.459245321 16.5858414355 5.20135337096 -18.7818066004 -33.4352981662 -14.734604336 22.3838010465 -0.976269833684 0.276681715509 -24.9863437997 1.52120064295 -8.9057036006 -19.1927376869 -12.0143981463
