BEAN
19.007948328 -7.77510218633 7.27475886945 29.345019979 -54.8850790807 -8.36539754734 -24.9402729874 -12.0382910814 -20.1095368334 -0.284635830307 -2.40194680165 -3.40087567719 9.0730946456 17.379154905 -4.05877634248 18.0626380365 17.8965720046 -60.8550751564 3.88020747883 -16.1268584885 -21.5864885199 -14.176676866 -3.54728643592 -10.5189506785 11.4032729259 4.37226224209
BITE
18.8167992086 2.33195252957 -27.9976588964 -9.54759602023 -33.9117119549 -1.78517506445 -19.6320120602 10.9311738028 8.32672695486 8.3652031112 -29.5315578021 -2.96104751891 4.73398699527 17.2577332715 -3.23041620146 -3.35007781926 16.7137878653 -40.812704032 -24.0472266393 -15.8044341554 8.07574605986 -15.194053446 5.94536021547 -2.76618038258 5.76997215994 -6.18247555883
BOAT
18.9230551293 3.19753610032 -20.4083974679 -7.35451659978 -36.4823347751 0.0278435871599 -35.3935598769 0.252329731805 13.2758257904 17.0035562088 -16.6616075504 -13.6639625643 12.7705198141 15.1658349943 6.75553669356 -9.72798756061 -2.7816881743 -26.4020475386 -2.605853606 -34.2534012257 -13.4765763846 9.4850520123 15.9356956126 -5.03655694128 -10.2460370068 7.16720371473
BOIL
18.3127518763 10.5530702891 -3.99632801626 -25.2265903887 -63.5432633679 24.2363793676 -18.8093478262 5.09101470035 -2.5191022812 -14.7111758429 8.61427982218 10.7289766802 4.30825010942 18.0217163596 6.29117457496 -13.0352177268 -19.1696040374 -46.9714906447 23.7174269849 -28.5650360138 -9.86341051486 9.23760343651 10.1418959718 4.78993615111 -8.3918084196 -6.4865705461
BULL
18.5309917826 14.7400440954 -11.9062627454 -17.8451720938 -56.4556870632 26.2605524039 -17.2278210864 -11.7788094978 -2.18169302253 12.7980110747 13.5073844627 12.746959223 -13.9320848213 19.0165287114 9.89366613524 -9.4931656486 -22.006319535 -54.8266585535 26.471287091 -13.4769702902 -9.87566060293 -0.361535696062 3.9547184571 14.4013372601 12.130073729 -16.7167855998
CAB
19.030908694 -0.235894342791 -24.140783653 6.04757575209 -52.3225670289 -12.016008516 -14.7473095008 25.2860926661 -2.94223760883 -8.04816979919 -1.13990348972 -8.54813424621 -5.98730549157 17.9688226404 2.53739880277 -26.8565077576 2.26159523782 -45.8524881926 -3.7511455476 -10.2866660406 20.6008443937 0.0916090158374 -13.9772206499 -10.7718791478 -7.86226589338 5.68025873525
CALM
18.4758492963 9.0905073698 -20.3791693441 -28.7458776422 -22.7603711405 12.5714123088 -12.8217454444 -4.14677891111 -11.3569312594 6.2131666684 -4.77815829734 -20.3966592526 1.4134780598 18.5991558153 15.722056373 -16.4392832823 -29.4890957222 -29.6648182138 18.0902462617 -3.03070199646 0.915160859022 -13.7420859283 -9.12490679758 15.1021895424 -16.8245533952 3.34002915755
CAUGHT
18.8070996514 5.08805396174 -20.4076917753 -17.9255597622 -33.8912392758 14.6770343116 -19.5178671412 0.348386520078 7.78300412334 20.4929330104 -9.96081416318 -25.6603797788 4.19701268825 18.0884078764 2.39130812213 -20.899099263 -18.4854204333 -37.548616153 16.0562038446 -19.7318995583 3.8992515735 12.3349321995 2.37264695218 -15.5071667075 -17.971251543 11.9669094556
COAL
18.6707042221 7.70713716483 -7.43835031369 -17.6645853344 -55.7492014609 14.2796880864 -14.0245725884 5.30765705587 -16.8841387336 6.4958789557 10.9904144496 -2.16350591039 7.83428780577 16.151426116 12.0262908908 3.57515550051 -22.4915670118 -53.1273518016 2.52204042904 -14.3674273024 8.39079327792 -3.29038630674 -14.4540334215 -0.542953690669 -0.127227252772 -2.47774916923
CODE
18.3623027796 4.26687031449 -15.9691143095 -7.07101421838 -30.0160957605 -15.9034133732 -32.9035328895 6.46436356904 -8.05760722538 16.8263957909 -1.25596301919 -21.1045279943 19.2686629259 15.8217550067 10.0371440333 -2.08965353898 -3.00424691993 -26.0485871111 -5.10331546734 -36.9034336256 -11.378733526 -28.027903381 17.0626551413 6.62886436668 -14.8687900053 12.0049402667
COIN
18.4893201049 9.8692592047 -11.7338717646 -19.9666352082 -41.9762916384 9.90095787149 -5.28978519523 -3.79943144094 -18.9008192214 5.47717656222 8.17449108029 -13.2955910634 -1.72888417543 17.4469390429 1.46240291155 -6.21916964434 2.91816695508 -44.1657922068 -2.17053506237 -19.4892915154 1.74497347334 -12.9419001117 -6.9682576588 0.983230773504 -8.80424738699 -6.46300934529
CON
19.2747102891 1.54508322249 -27.0911636339 -25.1527847498 -26.3374013847 21.480206003 -21.1697360934 -3.08711320542 -3.88489675933 1.53753371384 -1.21721347521 -26.9217646143 -1.39373169246 17.8841975048 2.34557828842 -23.3121848053 -23.255685303 -24.5661393931 20.6175357709 -22.7368231215 -4.13770128699 -7.36977958767 -5.57993960156 4.49157661156 -21.986894601 -10.3089819304
COOL
17.6781748521 20.1116817719 2.39342123384 -9.61470352989 -32.1145651559 4.25737025356 -22.3863593758 -22.9308284391 -31.0431647605 -0.645602421016 9.93666110609 -1.03484752302 18.8315008875 17.3644034425 20.1604138579 1.88283317864 -18.4093145703 -43.5633408227 8.45300295781 -14.5771492928 -14.3234835573 -33.3855840691 -14.8467353024 1.91284470995 9.19018374212 23.237243325
COT
18.2275369981 -2.85589598796 -30.1627809339 -12.4522442742 -23.2785351016 3.48148107564 -18.8574483886 11.0506293226 -4.45683830001 -5.87065240177 -26.6517036125 -6.94716895304 18.7511019046 18.6335799753 0.380802044063 -32.7622175791 -15.1432557162 -26.5169244155 12.9836914528 -19.1094983402 6.92708605195 1.07573148025 -6.7265508726 -29.2219584545 -4.82510055877 15.7720785144
COUGH
18.8799962734 4.68960567307 -19.4153752873 -18.3102337865 -45.6962693294 20.1589817081 -21.3399097184 1.97835555893 -0.0780693795979 23.2873921563 -5.70878407955 -25.7559766406 11.9524223661 18.3223309989 5.31699524527 -22.7046286482 -22.7985765356 -43.1596696305 25.2653740473 -16.7658642071 -2.57236507988 -5.04353815313 12.0668499544 -9.37557065412 -23.5676946061 6.94862907019
DEATH
19.6746370706 -2.47709141121 -23.7562160919 9.38187474747 -48.8206450458 -9.35918672513 -23.4634099126 28.7427611065 -1.16037023988 -12.1194726787 -9.76325502241 8.7461533146 -17.0998851473 18.0320407728 0.807043904407 -25.7405839797 -0.472365333007 -36.2085858341 -0.63749911109 -22.5158140337 27.0096645917 0.933745311402 -12.182227239 -27.3109116644 14.6233877183 -5.6491821212
DIG
18.7526433302 -0.0525066646598 2.89436679458 22.7022762177 -58.3715037542 -21.3352013342 -25.7008262212 2.94700462123 -25.8468357647 11.9896547558 3.83409609332 11.4521066002 -3.61496324085 17.5343786545 -0.640421271459 2.00179884587 26.0968074556 -52.5734964926 -21.6204556356 -19.0507402095 -2.25297176184 -29.1777929534 11.408662762 -0.462569160783 -4.70094632502 10.0760326502
DIME
18.8122771297 0.764219037511 -25.4890583386 -10.2644196009 -30.0639011624 11.1694980494 -22.5549531709 6.16862200212 14.515287973 -19.4845954113 -23.73732484 5.33010543546 -5.27388158639 17.0878694995 -2.18764315318 -14.7914370093 5.84090098287 -22.191607239 -3.46792263799 -31.4933814664 11.8378785865 -3.17448116192 -12.1460308058 -19.3049215884 6.65198767385 -11.1661590099
DOCK
16.2101982054 -9.53806637742 -16.0580814696 -8.48532004946 -29.8816566496 3.71652601191 -21.6887036052 10.633115948 7.50300358902 -1.03256302833 -14.7972730186 -0.159924123005 3.10611515888 16.9232362112 -1.97661145743 -28.1247721993 -13.0138272696 -19.5754427948 11.0430584977 -11.7005470376 8.56347592067 -3.66290442351 0.90552921757 -23.4729734771 -9.20050806004 19.828521395
DOLL
18.8187959742 2.94033514978 -21.3100914887 -11.9897530356 -50.4507671118 23.1302228742 -25.4552958678 -7.60986813548 17.867556209 5.2161810115 -3.9976250629 -10.810876482 -6.46116100744 17.2679938871 5.67382801701 -13.3070172301 -30.5488857909 -48.8441165836 28.7417438759 -12.9467884959 0.132123669714 -5.5998905196 -15.6271488448 8.45540478877 -7.68696170993 -8.98305874981
DOUBT
19.0835503745 0.632299201799 -23.0835924425 6.6185437131 -47.2866196264 -11.188690263 -15.0967057129 28.4536112754 3.79446973553 -2.53384564211 -9.97506328185 -0.372356628692 -4.42922697865 16.9042506259 3.33285011168 -24.144049119 -0.390082662162 -40.7124550075 3.26669344982 -20.2848703376 4.12570224834 5.97255895025 14.1047544604 -19.8150311605 -15.8498413291 3.27241475256
DULL
18.8055312171 3.62481133953 -19.0514967325 -2.82646468726 -38.0650754611 1.00311419626 -36.1492214099 9.42331214742 26.3900482497 -0.294178865504 -13.7438495936 -9.22402456007 15.5264950217 18.7466815803 5.45080964605 -21.6163654339 -10.1087008123 -43.2078385733 11.414941873 -32.5547023657 0.169924942705 20.553582801 4.76000581406 -12.4833934286 -14.6254440586 8.53616125318
FADE
18.7221301729 -1.78900634051 -13.6838433612 15.5550970467 -51.3347255233 -21.5803489833 -19.3789232033 25.05379986 -12.6701472653 8.00187489784 1.53787035646 -1.72043242182 -3.80171800888 17.8088347524 -3.62471366306 -5.07102612967 20.8045617059 -57.3915227948 -20.9962352043 -17.8685750641 9.46012121036 -17.0074576068 17.1109444902 -1.02562361939 -0.50697184588 -2.26866988547
FAIL
19.4400903874 -3.34588274167 -14.0717658307 11.1351433132 -48.1671063719 -22.3766880611 -20.6898648883 35.0794976659 -5.3846144693 4.45054597968 -5.21223513371 -2.30197122412 3.5717234948 18.2277520459 -1.67788137234 -13.2728611525 11.2285380245 -41.2421757976 -25.6858625678 -22.4694724634 33.8902648117 -8.40031991091 2.28176161672 -10.2567612611 -2.95586311822 1.1114736893
FEED
18.4589422311 -5.46600327604 3.05701817059 31.0828663387 -50.0823280425 -15.5311252547 -22.4302499556 -4.665920452 -37.4265575268 6.13587825288 -3.6800730985 -7.99143160216 12.9159613138 16.2465696457 -2.00384454823 14.5915817375 28.5270145429 -37.1439964828 -16.5238727717 -15.9805791396 -7.15292889288 -31.6338636743 1.61050870633 -7.72350559498 -8.85180938357 7.60003350429
FELL
19.5921594329 -0.662625912042 -18.9888009582 -1.88625232637 -27.8010726382 -2.19483172675 -24.6122939108 24.2030273522 13.0431670751 -5.21878099063 -20.6606377162 4.6852222589 -0.608065420606 18.9381721009 2.90605160376 -23.3916976616 -6.99652374919 -37.5891061225 2.64410001567 -28.7467196678 20.3680278506 17.7186836358 -13.0880726266 -22.6215484844 1.15868965161 7.42749386801
FIRE
19.4122812329 0.354107769016 -34.2472013863 -14.9694782905 -42.379437448 26.7900723955 -20.001228888 -0.401803290707 6.14558572985 0.304751906392 -13.9050511375 -32.810236532 25.3448523512 18.3719505145 2.78651238369 -36.0104499736 0.995777455577 -32.7562169826 -5.31274627326 -17.9253961866 20.4051951227 4.35096426925 -18.7954564482 -6.3478260562 -17.2123487789 12.9225987519
FOOL
17.5668722874 14.9784295955 5.13830688904 -17.636062509 -32.4737892006 -5.89231463307 -6.20090216071 -23.7547477809 -25.0504443533 -9.99257294134 1.40132453906 6.57825886982 9.45657343543 16.5552203656 17.0214972987 10.7551601208 -23.2248460642 -34.6557864289 -8.21938942313 -8.1550181833 -13.777676514 -17.9068430806 -13.0285866113 -10.2480232621 11.3452895884 6.82826691511
FOUL
19.4415343452 0.203561262767 -34.2772590799 -2.8085543446 -36.6577365922 4.94996635251 -13.462613746 18.3152357548 3.26671952444 -7.88662591083 -22.4798143593 -16.2400558969 22.8837646286 17.3200227731 9.13806436717 -22.8677998106 -16.6380457646 -42.1640425607 17.5696560486 -0.54422526432 -6.81338501914 -7.25627835919 0.209099994743 -1.37997488803 -15.0618206512 -2.55300622377
FULL
18.0139387234 8.6911385158 -7.49265824606 -22.507412377 -55.4829477738 17.5235470293 -16.4650538437 -11.7118314452 -5.79966544102 10.0179087233 14.2309304364 -0.778516104198 -0.842802178112 18.4229238125 10.3934494118 -5.84755891605 -22.012700523 -62.4155781637 23.8719700377 -11.7559570381 -6.11036313192 -6.15725577545 4.29472826659 12.2374704916 5.01368899217 -0.0897752603867
GAP
19.3142649301 -3.72556915206 -25.2548235088 13.7131712702 -43.8064693004 -13.5161221425 -7.34734203955 30.1115542387 -14.1201469584 -1.96433833307 -7.81682904554 -7.73581656997 -1.42457256422 18.6174342282 0.0952973711759 -35.4651358481 -0.622157887162 -27.940545545 -7.53530767422 -7.33682196697 19.8237129366 -8.53548886802 -16.5214989992 -17.3324888569 -4.30030143161 10.1167826151
GUIDE
18.9163197735 0.0667544512842 -31.917977798 1.88678570888 -30.3284847661 -5.44267584637 -13.44547008 28.6083272077 -3.65132711488 -14.2216980625 -16.8087260148 -0.0617083704973 12.7759845682 17.7572177017 1.46522881233 -26.220867854 9.30772904445 -40.8558001369 -14.7821628755 -15.1614052383 19.3193303942 -3.24955222459 -13.5738223658 -4.77942352499 -6.09479003455 2.39820916625
HEAD
14.9892502015 -8.18025735931 -13.7841831597 1.51379498656 -35.1186883114 -24.3622120381 2.62668397996 13.2989485376 -5.31631228675 -11.5029284535 -3.6889829134 4.25378403337 -7.72230424303 19.1296217844 -3.3299103588 -19.5001638142 5.43749782831 -40.0169293217 -14.2314307949 -20.2586220631 27.4046484771 -2.3733472464 -7.12246294862 -12.377421672 12.505112095 -15.9052176098
HEAL
14.9364023242 -11.1763266016 3.66977378129 17.9351826757 -44.3039415083 -11.5187226243 -9.37567641632 -20.0090454523 -14.773292438 8.00818450007 -8.18333843947 1.41116616824 9.43520837527 18.5527093828 -4.41550068823 0.0124666276939 28.1465474587 -51.9114814238 -19.1200457405 -24.7235433647 -9.49305618993 -20.7780566477 4.86129462163 -0.512908997321 -1.17996057222 11.5697533504
HILL
15.3197146936 -9.57732669248 -8.64780758502 11.0761330245 -40.1084872671 -24.1943965741 -13.3642004792 9.78168162062 -10.7093170092 3.52596781556 -8.1367751093 7.64982178458 -10.5018587575 18.8748856562 -0.0931945316529 -14.3405108375 9.78989967118 -43.7630315808 -19.7509249527 -26.3471659942 25.1818945946 -7.05194578569 4.42912513378 -2.76920428868 10.3729241265 -12.4834990371
HOME
18.631578632 12.0356458299 -14.0865462897 -19.3692962631 -36.621836311 10.1841575784 -2.58757564106 -2.66883800513 -24.2767170883 4.38388970869 -1.85472883155 -7.93186881394 1.04067490117 16.3746024047 8.52106414345 0.627464877474 -10.7827833445 -38.3332486281 7.32407299393 -5.07829164592 -1.57237538337 -22.2169577459 -4.36804263661 -12.8706482302 2.99433836976 -2.3142028371
KEEP
18.8059562202 -10.6090739627 19.3074599646 24.2591624163 -52.9365100657 2.53731403709 -29.5390872134 -18.4535648824 -17.3293842554 -9.73036422518 1.34212293697 -11.8601360151 16.1085064115 15.8681854563 -5.80954200604 14.2732658717 30.4616126883 -39.2979093244 -8.48062739505 -16.7165212724 -10.4957147636 -20.6888848877 -6.86798813467 -3.94264423902 -7.8873831343 7.0117294621
LIT
19.0958271282 1.70853483517 -14.7375878313 6.06265475007 -41.2865377971 -11.0541589356 -37.3338289694 22.3660220896 5.05080985779 -9.61669523868 -10.2800538488 16.6255600965 -11.0686751227 18.1572504316 1.7942912041 -11.8058212862 5.17244201974 -35.6070485061 -18.0956596971 -32.9998484653 15.8969935597 3.12961948232 -10.7786033752 -6.53973960669 18.7020626728 -11.7465731264
LOUD
19.0288570248 -2.18763153343 -26.5789874518 -17.3280587224 -25.8058545611 6.27652982955 -20.9615294869 7.70920023638 12.2702207005 -12.9881045768 -29.4798978039 -3.55814011274 10.7749433921 17.1918674564 3.53148016262 -23.781963048 -9.32843447323 -34.0909322896 3.12677576624 -24.6692882196 -0.0627336664776 7.16141239285 6.55017273512 -15.9985488142 -19.3465890105 15.1518170184
LOVE
18.9863211418 2.50990666876 -17.6844144148 -20.6873922684 -41.6467732141 23.2729647269 -31.9400038204 0.924040109777 17.4053658528 5.01792502801 -16.388843585 -18.3400559173 3.1193397506 17.3137095252 6.92962132677 -10.5151772691 -19.1559414751 -40.8958146114 18.3381479681 -34.7134714489 -6.56413616988 11.6209558463 10.1920468279 -12.2198221603 -16.2620177736 1.50674001198
LUCK
19.7473353 3.78478214044 -24.8676379778 -13.7948067532 -44.7546954115 34.7381241902 -26.5531150534 -1.27842126998 17.4904043833 5.25826381356 -10.0476478093 -22.2945382328 -1.79479102925 16.9256783914 -2.03307936214 -21.6800483854 -14.3267648707 -27.2553471108 15.8433172725 -28.567900781 6.22181659811 13.8136783119 -1.18426290113 -27.0021650077 -5.22113145945 8.43480235537
LULL
18.1872173156 9.30100663461 -7.13401902 -28.2263938824 -62.432316093 20.4092331701 -16.6861484139 4.87894041776 -17.2601041396 -4.97420469163 12.6423897327 1.13567424436 -7.04799718049 18.1731575325 12.2438594563 -10.071476546 -20.6275128289 -57.5839021103 28.5661957743 -19.3956798419 7.39618671835 -12.3323501947 -0.665381207076 10.2547535933 4.58658767513 -9.01254261281
LUNG
19.0799073464 5.30907731005 -22.1054803839 -27.4541690029 -37.3473109899 24.2122734886 -20.4929258024 4.20230110655 -21.4897733886 7.83718467816 4.04811686945 -16.7553549788 -15.6354209873 18.1450253283 2.72191530762 -20.8593515026 -17.5348184323 -38.23104165 15.0294532206 -24.9758659401 -7.93655654529 -13.3163868115 11.0526660605 -6.1395025022 -18.6320085615 -11.5092697871
MAIN
19.0602550271 -1.94527627106 -19.5091189303 13.2180463244 -47.932617405 -11.112200898 -9.96370802313 17.0817649159 -19.1789110845 -12.27722273 1.79194296253 -5.77809673955 -13.5452745356 17.8845381996 -2.80244117627 -3.14944468172 14.8118796922 -60.2462573262 -0.219535051733 -3.14614232371 -8.6993143217 -22.9713754551 8.74972502261 -5.67338395513 -5.85545938449 -6.72605377209
MATH
18.9278143536 -1.71661039499 -22.4201679667 -0.285896252724 -23.6931612063 -10.6183152544 -15.2253726765 17.3931677812 10.7149537153 -24.2265438685 -12.3173162869 4.68533028571 -16.2679945327 17.2542552634 1.44329948061 -15.3164180355 -4.97481734153 -14.005568655 -4.23697171439 -16.171359714 17.6561084363 0.422788259348 -14.2382095238 -17.123246626 1.27007903941 -3.59796596828
MEAL
18.7262435309 -2.92633911582 4.35643422945 24.7518311562 -71.851689569 -4.83583521438 -23.0949811131 -0.412268350336 -32.6110246735 -0.916724222848 0.481947073868 -1.63407102472 9.38577965681 17.7120448002 2.27765629993 -0.322294188751 19.7355134168 -55.8819910126 -17.3318687793 -18.277596405 4.92829220062 -25.6433173589 3.68685278059 0.108903419234 -9.98732081687 13.1664308267
MILE
18.7005147561 9.31510177939 -27.0749997431 -16.3597021229 -35.3399885193 20.6461159625 -13.8907821705 -13.0081863139 4.19620659949 -6.19986106588 1.90187753787 -28.7162904573 -2.75734048893 17.968910259 11.283257409 -25.6068248625 -11.0039013766 -35.0844767371 10.4742602618 -20.4374311388 -0.0959375194147 11.8372810188 -15.8409607032 -11.1017418185 -21.0386106066 4.24488623172
MILL
18.6620546023 2.49134193555 -19.309213114 7.54600355566 -37.2638599525 -16.3161164644 -30.8093294489 23.6880106522 -4.75426553782 -15.3601280399 -4.43014675141 2.32392478577 -0.610534958932 18.3211756735 6.0808335856 -20.5355664689 5.94767199071 -36.5248214427 -7.99305202716 -31.7181607635 21.522310893 4.37036336477 -13.7417078677 -12.101611039 0.512980728093 4.0464954659
MOB
18.9936883034 3.37484737481 -24.8848799113 -26.7993494372 -30.3608371351 32.0573318276 -19.8372622397 -2.10743480777 -6.2139914176 -1.93593416372 2.40720155528 -25.4665708816 3.24149860639 18.0043552312 8.40861588811 -22.4916470232 -24.2520479769 -32.8522721719 25.2930543731 -18.7086211321 -5.32808458639 -1.64529364291 -2.82872625268 -4.2938939426 -21.9087550023 4.30496934577
PAL
17.8277260599 -5.27984101346 -27.4491517175 -8.27580681761 -22.990957588 -5.64498744965 4.09941716372 20.0816227562 -11.8913374945 -12.0418786626 -10.1173199565 8.17931663308 15.4294903647 19.0098123126 -0.799360431956 -34.2495782586 -5.03905205114 -26.0306604931 10.4843617273 -6.71336181242 10.697313858 -6.22249315564 -13.2025208645 -22.7699403887 3.15026657288 18.9377916681
PEN
15.3982526709 -9.42328497006 -5.57974268128 1.43063720131 -17.6225922132 -22.1705117915 0.273359872195 5.67734399653 -1.25537072959 -9.17707412939 -1.64177732999 3.63725909251 -2.50491106879 18.1453286452 3.58081086675 -9.91257038249 -2.13977306849 -26.6963125972 -24.2024388417 -8.04351730841 15.9120773588 -7.38354892319 -7.86495321227 -20.0277363723 16.837764523 -17.1476039491
PIN
17.9625083874 -5.20664346812 -7.94793459557 5.14249437973 -41.7024152201 -18.3468168632 -14.8532439009 18.5445443523 -8.59840568146 -7.02689664785 1.43489554531 -0.851064020822 -11.0241715362 16.1254283114 -0.407135428945 -1.96399032289 8.85309376091 -29.6494944317 -15.6482254547 -25.146008339 2.18340374249 -12.6477749158 -22.0510222651 -2.42743413376 15.9730983218 -21.2160246308
POKE
17.8399015731 4.92476573393 -17.726796519 -9.47614950619 -24.2384199364 -3.86677041866 -21.4542370834 3.19380736037 -0.92096300252 18.1078397854 -12.6111770061 -21.0896119713 15.8673522663 16.9482092576 12.7839463744 -2.45975346706 -14.9308784805 -27.0886616408 4.30071234246 -25.2364565989 -4.24440653008 -28.6776497089 23.3866015671 2.72874017198 -11.3825840857 7.59494612973
POOL
17.8514787033 20.3080380502 2.04664886677 -20.6551135753 -41.67278983 3.44683184765 -13.8991338254 -8.61919334457 -27.3450469916 -17.5207417253 -1.05309743434 8.04117290587 24.6324831357 16.8531253242 19.9625286674 9.44698663181 -20.4100073189 -49.7886061168 7.32897976325 -21.3503655954 0.624677099217 -21.3281580425 -18.860700394 -1.00133751889 3.47518702289 17.7152928015
PULL
18.437841973 12.623194363 -10.0314563882 -23.046259002 -54.5548760243 21.1065514923 -25.5458170452 1.53686990675 -17.7414190039 4.96373605665 12.284502823 -4.00051462429 2.94787761537 18.9028199378 11.3872409499 -5.91956937695 -25.3584977172 -55.8088275035 21.0713085134 -14.8614311842 2.07408096108 -9.69692439327 -1.94667703843 15.3891790914 -4.85477486809 11.310789
RICE
19.2135420569 -1.36143622115 -25.0603829915 -0.0752296656845 -41.5944892718 -4.15656397244 -17.1204917096 20.1124249684 4.24572196796 -6.87355778333 -26.6115207017 -5.85348623083 4.69298525555 17.5742106678 -2.73921131637 -6.02410507538 15.5139728615 -44.7378648444 -20.8115521137 -20.4369956606 14.7237249475 -11.8921644864 1.61561645275 -2.01539774434 5.86182462986 -11.5759070534
RIP
19.2491633163 2.16565879465 -20.4889262934 14.5897760082 -38.2287331431 -20.9855849388 -35.5178073417 23.7767452107 6.97976018977 -0.134777884007 3.79487909462 0.535201015953 -0.219741292654 18.5927668477 3.54765976354 -19.3178441522 13.3950455566 -39.0802101738 -19.8545712736 -38.3096723915 20.9009689233 5.80770054167 3.23611209116 -0.356525388875 -3.9561693478 3.58697005571
SAIL
19.0055380898 -1.69864988613 -16.8976777255 4.72885667508 -46.2433615964 -19.2158827196 -25.1241413038 27.1208611768 -3.30237222793 2.33782304641 -2.19848522393 4.99951737993 -14.2472450481 17.9251378859 -2.75907332628 -14.2071207864 10.0541421022 -46.6196522321 -22.0979959943 -20.3705503645 21.9223985997 -8.34096923167 7.41196957362 -2.72372110492 1.82198440479 -6.71556006299
SELL
19.0244230977 1.02395203711 -17.6617100729 -7.06784470491 -41.0974951625 2.6880015005 -36.459091738 25.1958449866 10.2480774451 -12.6670295715 -18.351295725 4.8902314512 -4.30627682477 19.0682378446 -0.211832644004 -23.7294193661 -11.2458395312 -28.3925639796 1.88216051771 -28.0940322366 16.2399600848 12.7281230957 -18.0953394827 -25.8899027806 8.05175729577 -4.92844123843
SOUR
19.5846479089 -2.80259364579 -33.9815865993 -2.9279902394 -38.4495577161 10.5041570304 -15.9323981546 10.5969933416 6.23345103922 -16.937001727 -13.5978413402 -11.0940118331 18.285496509 18.4795713613 5.90643259274 -38.1799773355 -5.25153407497 -36.7714737072 10.9543042622 -9.66200047155 -2.41965150172 7.54340325331 -10.3097943415 -2.51312047513 -24.2678513673 3.55877865412
SOUTH
19.3282968985 -0.64606193029 -28.6508814793 -6.04363346039 -44.1672452242 5.68603221239 -17.816850043 16.8067410407 14.0157716711 -5.29653662065 -26.0731911827 -8.30326301287 16.9250638167 15.7509647483 -1.19614820431 -13.6381463469 -16.18359187 -22.6052991242 2.97657093929 -18.805671488 0.058014669214 11.2209166558 4.6585090052 -14.7160999295 -18.2845354949 13.833560042
TAPE
18.2837312977 -9.31393121346 -7.60184866865 13.8216399665 -43.7207264631 -16.5826954621 -9.49776151567 15.8100648166 -16.8731440086 7.62232439037 -3.06210004148 1.3582242716 -7.13941925942 18.5449254 -3.49895552341 -10.8353079579 22.4182047269 -51.1444207681 -27.0513233272 -18.5119043796 10.3262296795 -22.476978406 9.11296306893 0.488146481375 -3.79922252151 5.91467304465
TOOL
17.0780865942 7.06635174673 -7.16383127248 10.184418687 -20.8784045838 -10.9054451912 -44.5912133604 -3.50632441065 -13.222872128 1.22712866544 -7.78660476361 -5.71043184651 21.9537889429 17.0599375292 16.0211030689 3.56076529831 -10.9062791602 -38.9240933138 9.12548522487 -25.2870241144 -23.038394104 -18.8143311591 0.591276900873 13.2433681174 -1.17709150378 8.88057783019
TOWN
18.7062258939 -5.82496724215 -25.4465487766 6.14471099946 -31.930225298 -7.52370474921 -10.6873539656 20.4963629793 -3.99914198834 -18.1536834575 -0.475480240016 -4.63464801179 -3.07256053999 18.0875992472 1.1716218466 -29.8073685089 -7.61622277982 -25.4858634057 10.5032913946 -32.8265411029 7.64783777825 6.4585173371 -18.7803182613 -8.0901546063 -16.7743697817 -1.61639244341
TUBE
18.0369073277 -1.28001323251 3.18047939881 25.7416587554 -35.8155933602 -22.5896225498 -40.0113606823 15.2881659302 -49.2741459185 -3.96130614848 5.69005947156 -11.1966658758 6.70850300173 15.6941222384 8.62870251774 5.87255351102 10.9661044194 -16.7559063305 -11.9142282783 -38.1076635219 -0.812485572988 -26.3098241913 -1.72157150335 -4.83623323676 -12.9251250799 13.7265037889
VOICE
18.3566208206 12.1256976936 -9.27200542108 -21.5207595965 -56.4530208638 18.4038213505 -17.6351620334 -0.0127593992421 -17.4563987944 5.45272247483 14.7759012317 -4.3273044876 5.22512847724 17.3762204656 1.75745930451 -13.2710501484 5.03461123145 -39.8741235779 -13.283255976 -32.9095070285 7.05253052242 -5.37484943763 7.51447313743 0.942285720436 -10.3410021935 1.31991179483
VOID
17.8252610065 11.9785150492 -5.95928610734 -20.8128234602 -55.3227240618 12.5335150326 -11.2696121149 -7.95386291651 -11.1912838823 -2.58820262656 9.01572165218 4.08790462688 7.80904966725 17.737769226 4.15161114788 -17.1620932316 3.80796719334 -43.3799269736 -7.1560968097 -35.5109113968 7.8030014864 -0.98413719304 13.8696875666 1.9359650299 -7.0749230233 7.81318686239
WALK
17.5820506065 15.6689060784 -3.19499211464 -17.7169429562 -58.3895981857 4.03948671564 -4.69624298289 3.47128040806 -9.78050426056 4.49736259179 -1.62132099426 -2.17335837889 12.0554583321 17.5596130807 7.51099574299 -20.2763004275 -21.5494177539 -31.9297276982 21.0032959904 -10.7370726156 3.2988362292 -18.3351351767 10.005867307 -0.388392380184 -21.6118127504 7.40679083164
WALL
18.6810012043 2.94091311395 -9.35423806895 -17.6690832813 -63.7272820177 15.6537639598 -1.2941084169 5.9644137795 -2.02197619869 -12.0313400612 -1.0152488735 -4.74335034996 -3.15832557993 16.9370691511 11.5796484737 -7.77872146297 -21.9269857172 -57.5812057733 14.9895939524 -5.56751770397 6.86119159878 -5.89700946141 -17.9274264681 5.12408550285 -7.69760892208 0.667114223011
WET
19.2853241205 -0.947242560133 -33.8325484972 5.45746457825 -36.9754988794 -2.96459551214 -18.8950497606 26.8363066783 -1.8686700803 -16.4821632001 -23.8012413076 0.487516755406 4.77528547977 17.8857267116 1.03440820072 -24.5379376091 1.70535904926 -32.516752336 -13.4669250783 -12.425916738 28.4620545868 -7.70242506797 -14.1127298045 -16.9866165844 9.93909248094 -8.66728240586
WOOL
17.7417100111 14.9584697598 5.02766356181 -9.30172159379 -66.6377226182 -1.09103114798 -13.2737853984 1.73562369337 -12.9381375585 4.6021774574 -10.7837812334 4.20691406273 19.7173326019 18.0060109752 11.5018666688 -1.05924298008 -21.3171614242 -71.5841727959 4.69973877927 -19.8672885099 6.36902426089 -23.8846210877 -3.82036759351 -8.5951476362 0.816170547052 10.8389419581
WRONG
18.8183279423 1.08654027702 -15.668895003 -20.2607921632 -41.9282139979 24.5872082394 -9.98902928018 1.0348821932 -11.1421625591 -7.1210967496 8.98317419968 -10.4638106071 -12.4521555923 17.5512617067 1.85631866533 -17.1452246983 -21.2599588092 -35.1856813333 16.6112628708 -8.91242633772 -3.00375489553 -15.4582164053 -3.56150422479 2.57378179369 -10.5250094774 -12.4487823912
