HAD
19.3115714368 -9.91566740682 -24.9169395558 6.08738638606 -50.6527617863 -4.14084093924 -1.39398127321 26.8057016401 -13.0444255373 -2.16889965872 -5.89844065056 -10.9174583266 -3.4332415943 18.9911052574 -9.3004928494 -30.3320176512 2.72051271788 -42.5491982317 0.0624525477653 -6.6913311167 31.0077481857 -9.35108468697 -13.765619952 -10.3876170087 4.19089657783 -2.64326157069
HAYED
18.4115513294 -8.91155056222 -3.21555764868 5.16828754999 -51.5309285121 -14.3038425606 -10.1484500812 7.91792279651 -14.847106197 14.2960922506 -4.45668766392 -4.96341274581 -3.62373011313 19.6786932827 -15.2027802055 2.66924729874 14.9997533975 -58.2690395766 -14.0795797639 -23.3823207662 -1.61478973656 -24.2336577905 21.6184590538 -11.0585471555 3.64487177334 5.37793584536
HEAD
19.1122621234 -2.34994437685 -33.593742912 -3.92445627952 -30.3837876474 4.63259825056 -8.51366673763 20.6011167034 -8.20846406152 -28.8528447958 -10.559660838 7.4022621233 -3.56063733334 19.5387357322 -3.65785119463 -29.9223325662 -0.00521055139128 -39.8016375635 -5.72962317688 -6.55366064364 25.3849582624 -0.896105588806 -14.4369146049 -9.14411230766 5.42988359398 -9.37783382517
HEED
19.4550231131 -13.0090823499 10.5778286082 26.2053372852 -59.3306855094 5.1777766565 -37.2877444224 -3.8277148983 -25.6575427305 3.69426015405 -4.476091276 -8.387903837 4.56714923487 19.8154216403 -13.8252924276 5.24532011291 25.4995495941 -56.3927589801 -1.97343804386 -29.1518729441 -6.16545231967 -21.3895588944 5.61491695936 0.370110762519 -7.07924169054 5.32013613184
HID
19.5283741543 -9.35710294165 -14.3247196985 13.4772005052 -50.4814175981 -13.3401977607 -22.1968383667 20.7532824748 -8.44923980146 -4.44681577403 10.0265344692 3.55985020008 -13.6996137002 19.9201078933 -8.72424223126 -16.0281868912 11.4704487664 -45.5101417874 -14.1048599169 -20.5827996601 20.7385790865 0.504725489684 -7.25330692227 7.84527712476 8.95287489214 -14.5261891391
HOD
18.6288875895 1.42901914268 -25.9577341912 -15.9314602892 -41.2555920667 15.9211577348 -24.2171318542 -5.64894216908 -0.474133739994 20.9439089619 -21.4218019047 -9.85567767735 -4.22827235748 19.3886308905 -1.60485493312 -25.9888098661 -9.40234146749 -36.4487453116 2.89234012748 -31.1109425185 5.41534452648 14.8572062461 13.1764183969 -17.7057823095 -12.6395406109 10.1638526072
HOED
18.1199624234 9.32008779978 -14.1436534577 -22.7138307225 -50.7805206866 12.9015172896 -2.65896938081 -8.05745573739 -16.5148584087 12.4640046959 0.3273916248 8.39491707308 -0.819464768101 17.6190483218 7.38262024192 -18.3964515551 -10.856090894 -33.7641976711 2.35454275431 -24.0479542217 -14.1520638588 -11.2886684654 10.9278424456 3.11625430555 -0.0578686204959 0.409350118577
HOOD
18.4658483231 7.76928901122 -24.9133810279 -8.08271364374 -36.0336365144 5.28822811515 -25.0880743645 -14.0715849073 5.55943875731 22.4207229655 0.246825556329 -12.7192041352 1.47366343312 19.2117823818 1.09677724192 -28.2010270632 6.18988559841 -39.7956549453 0.0898879895553 -43.0730274696 6.92062765713 18.3725764644 7.99395563276 -4.52874527979 -6.97238161406 11.2686568299
HUD
15.4089972903 -4.51553353251 -27.6697906438 -20.4023638761 -22.1517021619 29.1770593254 -11.9918192621 -10.186090308 10.5954775244 -1.86094091247 -11.5107859831 -2.24657544772 -3.72109198776 18.8094930612 -1.85675243412 -30.2134862088 -1.03092765094 -40.7720377338 10.9338787388 -25.0632205044 9.28001058517 15.0570137488 -2.9325130916 -17.8746071227 0.382719618514 0.351780656761
WHO'D
17.3009568941 13.5178115503 -4.1711214635 -10.5972474929 -36.4928053983 8.75324350963 -19.7781567821 -11.8504081641 -38.3283947787 -1.63808657705 17.3825238213 -8.81948866302 6.49943816385 17.7660585849 5.65377268174 -6.57341948312 -9.46463312081 -33.6984454597 9.08269680252 -33.9594143832 -14.1565801478 -32.2210852446 14.2248118769 6.32976732857 -5.16824427851 7.13670719378
