BEAN
18.4226921708 -6.97617815761 25.1609261838 -11.7980130643 -43.750110665 8.61456600704 -31.9220564727 -11.2019520573 -3.16394290792 -12.8920580047 -1.09806625778 -13.5493460718 -12.390881734 17.0267287313 -3.39149191664 16.2369127343 -8.47843565508 -40.7363698206 14.043228562 -29.7194225625 -9.21935285212 1.99673803247 -20.7537834007 -7.6016481144 -17.0801240935 -5.62702641319
BITE
19.6972458187 -0.0323242294345 -37.9944224505 -23.1556556514 -18.8239964795 2.35625285797 -16.4349840569 0.422315241602 -24.3175411721 -27.3115434699 4.05301367807 8.50403511004 -23.666507482 19.1433512173 -6.41504064247 -23.2275305167 -10.3026169369 -43.1305333887 4.67705422209 4.51083060512 -16.0797213308 -15.2739942407 -16.3445168208 -6.41289303796 -0.404203046609 -9.23994787642
BOAT
19.0845113904 7.96237889693 -20.3230289967 -27.5792983505 -19.6436490374 -1.36646128316 -19.3478658641 7.82411366837 14.3022156708 -19.8610163116 -13.4901035383 8.18462240813 -11.3828556164 15.6980816293 9.73943485685 -8.29809752365 -30.1201003306 -22.2989918928 -2.14434120688 -30.4979274277 -16.5835421373 13.5606090456 11.7743306037 0.0321135164559 1.62956507808 -20.4368195692
BOIL
18.2010112761 21.1012030178 -13.3953677368 -35.2349731113 -23.2062707402 8.83100455887 -12.2987088808 -4.71273303344 -7.89623958183 -4.22267973417 6.62563515141 -1.875352171 -6.96654328949 18.3683273939 5.29635907915 -23.4785387641 -19.8934589325 -20.2016934325 -12.9961187985 -2.63019854672 10.7042206089 3.18341206746 -18.5615733134 -5.89660070582 6.50189015396 -19.5197597504
BULL
18.698361676 16.192669367 -13.732689132 -42.9353659241 -31.7854926272 25.7924982721 -27.9307322132 7.25086728473 -19.4349988278 6.34357595695 6.49539534049 -1.78820087551 -23.9857737161 18.9177636393 15.7710916187 -15.0479533594 -42.4229439873 -29.4503898649 21.2748718363 -20.9750114495 9.50523113192 -14.962629077 6.2326375112 11.7265603691 -4.28544404648 -16.0280907225
CAB
17.7076986844 -18.9108195722 -11.9629140837 -6.85049590738 -30.8685879645 15.7807821924 2.79030085018 -12.7412586034 -8.9057715632 -11.2935339039 -3.53934544077 1.78699035661 -8.66193523235 18.9818285564 6.16131937336 -41.4323292866 -7.12784611325 -10.2495596102 8.42804065211 -13.9877078799 -14.0925503141 -12.4271790805 -14.5032484532 3.34504631206 -1.36202331593 -17.4534194794
CALM
17.1005043026 -6.87455650796 -21.9315411684 -17.5516115602 12.392318464 7.07458407586 -15.6703284048 -9.1287418547 -4.35764066511 -6.2082133927 -8.23943110506 3.92481987535 -6.1516793834 17.7737782555 18.2141022255 -22.3141447134 -25.6200072345 3.70579006307 13.3876315896 -6.4475291414 -21.7616269441 -27.1589230009 -13.9672910216 -6.37128032817 -13.4960290476 -13.2210078469
CAUGHT
16.7526037078 -12.7792494779 -23.1721350821 -15.7581313316 11.587227879 6.31034911367 -15.6331074649 -3.09110799769 -1.58594817406 -10.8975661968 -12.7371819692 6.69149803118 -6.75835956852 19.4775153803 5.90439273057 -44.4924004762 -13.390032421 -3.91372355096 13.2220890767 -23.4477296493 -19.7059524763 -4.05465978871 -8.3389173699 -17.8905768835 9.50494158632 -11.4005242726
COAL
17.2738775428 5.87980038479 -18.7872288111 -27.1975002751 -10.2041887637 -0.210833405771 -6.84279652863 -3.63396078135 0.656338866013 -4.90638004544 -5.5947158422 -1.2224342646 -4.87730638015 15.1638991596 14.5970105809 -11.0340815149 -27.3769416814 -11.6568215665 3.15843679051 3.29306487283 -5.71866874542 -22.4775759549 -17.8601182597 -7.74890734678 -1.94360142208 -3.47372922023
CODE
17.7315659146 -2.95497960444 -19.382636761 -22.2734974882 -10.2756974175 -4.80684638771 -8.48784242572 1.72878547463 8.34842773399 -18.6801952207 -11.5767237309 9.01573663696 -13.1048021061 16.3289778243 9.63020357011 -9.2493198374 -25.7473102068 -12.6740008706 -5.23367924762 -22.7028031026 -17.0125893001 16.4014161451 3.87611985386 -13.8992743449 0.776378248775 -18.6675858255
COIN
18.8124057373 13.4082068731 -23.4956134575 -29.8191518891 1.3785942331 7.82515203224 3.46441123001 -15.0592699492 -30.6561604749 -23.5896539634 -12.6605525437 -4.84619115453 -6.76574384817 17.0011115168 1.30106520474 -2.06148881749 -10.6192549105 -32.1042389641 6.8614761193 2.45837432424 -26.5072078827 -19.820064611 -30.9668266554 -12.4916540267 -4.51495467161 -0.671353822908
CON
17.2237765285 -8.42766393997 -23.3937100632 -21.3729871303 8.2743452879 8.56724642616 -19.9859419481 -8.95622711113 -12.4930698362 1.47846726708 -11.3879191543 1.33833684112 -7.92125397871 18.4518527623 6.63450002474 -32.0572996412 -16.1550541905 5.14110272614 20.5569170161 -32.9618415015 -8.51756535456 -27.7906401711 -21.1439964376 0.944487312641 -7.85207190494 -12.040287767
COOL
17.1790849162 21.8227084722 -2.22029125934 -28.3469736443 -16.96802742 -11.201939626 -13.1170554273 -19.5238322521 -13.0404116988 -0.282981835376 3.22431537424 -4.78169292315 -23.9177850042 17.5875770796 23.7109605224 0.389191110621 -33.6646200766 -20.2913748935 -14.1426378757 -7.29093410437 -20.8222388888 -10.5617448468 0.169908167277 12.3657129466 1.56463330493 -23.1567499505
COT
16.7328663463 -15.2808632685 -24.5816274029 -16.8977389669 12.3796811894 -1.2622507481 -15.3099916307 -6.42413474594 1.35893271303 -2.45469090345 -8.96237959601 3.1438715649 -8.28417600092 19.5493167831 3.99562619119 -44.2298031964 -8.10016994644 -3.48565716728 13.2591495435 -21.6388276681 -14.4129931748 -6.83458069008 -2.42527854561 -16.8261632339 9.98760064742 -10.9152969818
COUGH
16.6664898195 -8.74179952002 -24.1167779459 -19.2087682469 6.48008810473 4.81298326674 -18.7084055218 -12.3326927061 -3.92612331495 -5.23981164396 -12.8523141765 8.95651733731 -10.9111787776 17.4458366172 0.195139878523 -35.5409923183 -11.5059388112 -1.33962281325 15.6889177758 -18.1592492778 -20.3267120043 -6.64754143916 -8.24610490705 -10.9790749312 9.13990072758 -18.4349286584
DEATH
18.8938995729 0.17657416719 -9.53319756413 -20.9627109502 -35.8021302004 -1.35790525089 4.86560756139 -1.85784765487 -14.8524293063 -10.5003999832 2.22462525892 -6.51672413384 0.27435356988 16.8193261673 -4.46670653277 -21.617535307 -12.2714517681 -12.8571077426 6.73386281505 -1.89128708923 -11.5522560978 -24.3760399313 -25.1795999565 11.5479082105 -7.85566802341 -14.2254912377
DIG
18.9383378584 -3.37674393628 5.83216536394 -7.28268632025 -58.6566468403 -3.89252683636 -10.5465441371 -7.39786262357 11.0720976138 -1.25524921034 -5.84892253092 2.85964101271 -12.8506646441 17.6463836338 -5.14853556365 8.76120849366 -4.13397757691 -58.269698512 -3.95253847328 -18.0600603174 -20.4584811659 10.1861314937 -8.07222026249 -3.18459239435 2.49733116286 -18.7251849406
DIME
18.0364603128 0.468019012185 -22.4083512557 -11.454276992 -9.24681369895 4.7447866609 -16.8311215917 -1.12781865475 -14.9689335342 -17.6413767155 1.78870795729 -3.2093511679 -11.8620527293 17.6565881085 4.64784518924 -29.3083243252 -2.64495316023 -19.3438505593 4.00779536111 -17.50750585 -14.5121156539 -23.4236479107 -15.4786414469 13.7356931497 6.50689271166 -11.6787854011
DOCK
19.2535181443 3.90407345386 -34.7326772269 -23.211969607 -14.1500583778 20.5558896317 -11.5278360037 -12.7215866397 -5.5542678449 -5.30420241108 -14.7398937034 12.1288446879 -7.97595188506 14.6109021089 -9.89211505391 -30.015479358 -9.64095694168 8.45027680215 6.33577022738 -15.4676191491 -9.71550078303 -1.49013926225 8.13561551753 -16.8746531113 15.4015462573 -12.1978528352
DOLL
18.7684934501 -0.822769651483 -20.469232277 -22.7151827977 -21.2694293391 13.8705991355 -12.0548654445 12.3634562579 -2.89696518689 -12.9768765746 -3.67894863208 9.25582041971 -9.7735976137 18.7004369081 7.24417154909 -27.7433984336 -38.5306435539 -19.7106673766 32.3969514001 -2.30194270171 -11.0804048351 -18.4648812705 -8.60246088568 2.64618254425 9.22543667173 -14.0130301472
DOUBT
17.7416778472 -7.79908178635 -18.501027187 -13.2128303947 -25.0889963867 2.78999137834 5.61749525492 -6.31172591711 -8.69300412622 -6.46886023983 2.35692914993 0.278757853984 -2.96809749501 16.8691171546 5.38949759291 -29.7621866421 -21.5457616342 -21.6455098385 14.9352195061 -31.0383152473 -7.53484780709 -6.08954410049 -1.23374272651 -13.5250723227 7.35411380583 -15.4443778895
DULL
18.9581910231 -5.96328154952 -11.757763033 -11.0385670747 -31.0813585272 -21.4656679958 -3.74141853767 21.2388607487 -7.02542178578 -19.7592076308 -3.35543699139 7.3309030177 -21.6275093811 19.2389172084 2.45877025335 -21.7329642514 -19.3640106387 -16.918429877 -4.47625462658 -11.5064598653 14.8032755935 3.70241136358 -25.2537150344 -10.0769899059 14.7651235738 -14.57011746
FADE
18.9187846378 -7.40621823882 5.0539646958 -12.1260163909 -60.4019313877 0.0895840741131 -12.4025042832 -10.8823897718 10.332873631 -12.8051401981 -2.81421146195 -1.38925235178 -11.8449172912 17.3108349711 -3.11599906664 15.2119054321 -4.46260940516 -54.2995940912 -0.72056404597 -26.7208552454 -13.8747764761 10.7258976394 -10.6284020418 3.13159409826 2.4051929289 -14.5305187489
FAIL
19.5706613228 -9.32971952222 -10.7383983213 -5.38098370581 -51.4335072249 -9.49042467431 9.50880497235 -8.26585836296 -0.862083582064 -6.46106091784 -17.5346372877 0.746280002039 -8.07157385273 18.9339595756 -6.4884189005 -14.4984969809 -3.75027112321 -50.4722126609 -1.78682106976 8.71746688066 -10.4482531783 -1.69417281648 -11.3518782541 -11.808132397 0.548239868818 -5.24863974112
FEED
18.5441841235 -11.5484821877 26.5826201795 -6.13128798437 -43.6005723586 -1.47512360527 -35.082238487 -19.0119321523 1.23396493753 -12.2864025784 9.44576389432 4.32740181174 -10.7197262849 17.8190909056 -5.19581846222 23.7187569204 -7.00153527112 -52.9928389715 -2.79315532787 -41.2943586481 -19.9404300753 1.67683344005 -14.3157960599 11.4383541285 1.52323141056 -13.1782749782
FELL
18.7852216708 4.32869827832 -26.5903741363 -17.8867343616 -27.469616045 -8.6105514692 6.46203258779 5.8329565026 -18.9171856917 -25.0272623013 9.01337888615 0.298037545619 -14.0032833951 19.7297680364 1.94129707636 -36.0915788002 -15.6959439298 -6.7773941252 7.03842713187 -2.60364937268 2.49184762551 -10.2747370927 -19.6488166601 12.196644553 16.0231140845 -15.458335589
FIRE
18.7230123924 9.01779291701 -32.6937039479 -11.8297769793 -8.53431343989 7.79780871722 -12.6079597769 -13.7723895229 -13.627599473 -9.58241268749 -10.705370145 3.26469648255 -10.4046616863 18.155480457 9.55476087956 -21.4488527194 -5.95307382749 -26.9599308207 -19.414398549 32.5764741366 -8.44771904948 -18.9384460752 -4.14074684238 -14.8664910666 1.01077115546 0.843319639842
FOOL
17.9202930869 18.53680028 4.58075269654 -39.7391141295 -31.2290669467 -13.1858884121 -9.17212616187 1.07281710321 -7.10232269651 1.4231821459 -9.99523669327 8.10495107132 -21.238372841 18.0925187005 17.5826750885 -0.253108202942 -34.540212667 -31.2267107216 -0.728353685258 -10.3991781462 7.46739408781 -11.1121063847 1.37095070326 -1.62953322963 14.420237736 -11.9494856526
FOUL
19.9891626746 -5.04233431426 -42.4802664005 -12.3426521559 -12.7361845495 6.87878033248 -16.4645971558 -7.82712277126 -15.2009292341 -23.5087467182 1.55950971298 14.351853528 -23.2090842223 18.3464681937 5.15889684273 -42.7088641628 -19.1905013728 -8.50737530211 20.5449386319 -26.5556113654 -20.2562887488 -3.84224861687 -15.5129672789 -12.2589355982 9.15645170194 -15.4518044663
FULL
19.470248114 12.731139256 -17.0075031037 -46.8304547372 -26.4807795774 20.6996853567 -16.4297348279 7.00826191232 -23.430167461 11.5267234048 -9.47022465123 2.15960748777 -32.2287643963 19.4519183295 12.3150750504 -13.3634033428 -40.909869571 -18.4372787942 21.8494704771 -7.93972031905 2.67967098676 -13.7301846736 9.62577369977 -2.74402902718 7.48685199162 -24.6267006542
GAP
17.6060321653 -1.74924029669 -32.8736145954 -4.84023062241 -17.1552277483 3.65067702758 -8.57523701784 -11.982901343 -9.44834226068 -11.4893011862 -3.06398087855 7.4414071571 -13.1538229831 11.4605844522 -15.4372212301 -8.98832114608 -2.37665179708 -7.40713037049 -9.32022103376 -9.7292882703 3.68505558733 -10.9555634174 -10.853322504 8.71670039722 -2.45099955319 -16.7957052463
GUIDE
19.2105238173 -3.54644189699 -36.71120634 -10.5776813467 -17.7489415609 -1.02647092674 -11.6941725428 -4.14621254245 -15.9229200149 -19.1767222748 -4.14652028188 10.6791443676 -19.7500655642 16.7924740181 1.30080542873 -15.7088488854 -5.38882625825 -42.0385513984 1.78995986939 -6.46288939788 -16.6085654885 -11.4896028597 -12.4274759077 -8.97364839954 -2.06023779834 -13.3953414628
HEAD
16.214615095 -22.3086948195 -14.0589916446 -8.22149400633 -24.9948813434 18.6527493047 11.2433856328 -19.1978471367 -11.8333738451 -10.6029470083 3.37622661999 -0.729902116132 6.1071732396 18.8248723796 -2.29015314866 -21.4459877544 -9.9432170746 -35.8759091081 0.919498813654 14.5042301363 -3.62620515998 -18.0936509339 -16.9915967364 6.49494974361 -4.96275417532 1.44627691061
HEAL
18.3629497683 -6.79635067308 29.6977619074 -9.40747395964 -49.2172683942 0.774940291553 -29.9941512116 -14.7583417631 7.10583429826 -16.7985544987 -1.73088220081 -11.1817115839 -21.0454482413 19.0706458589 -6.64595660338 4.64953272453 -1.97730949862 -48.5971607982 -6.0891795705 -7.27903329707 -7.8485178675 0.146794154924 -2.9393903213 -3.64761444706 3.77938898172 -14.7564254354
HILL
13.0900872579 -17.0946145434 3.90150450568 -9.37354750795 -33.9598769706 5.57667937805 -8.4653715369 -13.800542575 1.09975452429 -12.2140540388 -0.80647120897 -5.94372802424 -3.89487321708 17.9641339511 -6.95306874988 -7.9459141613 -9.81314552055 -41.3716825941 -3.75164514159 2.37325737748 -5.82154941035 -6.0545213042 -17.8020648219 -4.47823210167 -8.91366935159 -5.38842511879
HOME
19.4536507379 7.60434225109 -27.261260345 -29.8277526303 4.21180703584 23.9617322932 -17.4111902732 -5.15878350685 -37.589093367 -10.543949 -12.4983550886 -9.63937947023 -7.41294648368 17.417741554 15.5540474977 -21.4869518616 -19.232367501 -5.68518319256 3.61477713121 3.07715213802 -3.07132848756 -25.2646384322 -9.59196420553 -12.6765140342 2.12460252099 -2.99030121162
KEEP
18.8730423529 -22.9109995149 10.5412979755 -11.0726131355 -25.8128976552 4.98258575072 -24.2290457341 4.21420326423 -7.67856979418 -1.19025198692 -1.57525217141 -1.65379716992 -6.12458791891 16.4904054481 -5.36212775431 22.0025668801 -4.97842706066 -41.0591918446 -9.84636332188 -28.2216052965 -21.0644994659 0.204221332994 -10.4390955521 1.71838717964 2.18830151735 -12.8322383829
LIT
19.8308761552 -3.95137578079 -4.50620936844 -5.65935692998 -46.8556012128 -9.85936161889 4.25033544865 4.92336493186 -1.78381120459 5.93219228208 -2.25837677675 -10.4232205064 -4.02158381117 19.6916525807 -11.5774112856 -5.69476664124 -9.55275885086 -51.9856110013 -8.57805095647 7.03384719842 -3.00360260997 1.05871614935 -0.313797488176 -8.43334689502 -10.4744239027 -1.89127581734
LOUD
19.4332653181 2.85361000281 -45.9458626 -6.26425150023 -4.88850514189 3.46872131606 -12.0296062618 -7.6485468365 -10.8911300697 -14.9923064127 13.4432037465 0.79847838609 -19.0729544631 16.8365047454 18.4045239501 -33.1223761396 -25.5053272406 -13.2885120848 10.1404451422 -21.2116088187 -8.48135216029 5.71364629489 -17.1506703044 -11.4275088921 2.31190690965 -9.80316744312
LOVE
19.3665353772 7.00197569551 -41.1253638449 -27.335791096 -11.6668586704 10.8161097786 -28.089726608 7.9822568542 -17.2444830418 -23.7292083776 -7.45267313729 11.5095959798 -12.1523610885 16.6299871838 9.97342308651 -22.9473833329 -21.0192326708 -17.5025550129 6.26510166881 -27.0959218287 10.2834976059 -7.17495442129 -28.6462715658 -7.18484404722 4.82456404732 -12.8521726752
LUCK
14.1104787695 -9.11725609365 -19.755580609 -8.71844292399 -2.96771431399 10.1834296084 -4.14189693301 -1.12187882367 4.11123565415 -12.6681816716 -0.404444156388 11.590821739 -3.74799009374 13.0088260142 -12.3901870588 -8.40445075624 0.735793243729 -13.6053654941 -10.2868091304 2.92866402759 -7.82576380723 -15.1182175758 -8.79333581688 3.43502561646 -8.83673058085 -9.53772845876
LULL
18.6102519651 18.1396995139 -21.2066492191 -32.4565428225 -10.0572915747 10.4261146369 -13.8110191425 -2.36920508611 -3.95691265482 1.35610169292 -9.64374350212 -5.79366066705 7.36392453942 18.7039763301 17.1767151313 -24.7664986896 -33.5283635448 -12.7504149727 15.3403709359 -9.76516981497 -4.70061950401 -5.63491292617 -3.26474439703 -0.255705571695 -8.9906377102 7.29827736944
LUNG
19.6200069275 4.42525184191 -32.2634998243 -26.1273082219 1.33994998835 26.9481289064 -29.139855491 0.198244462164 -11.126683329 -15.4224864186 -7.8972221584 -2.25570992306 -2.33995236395 17.476942559 9.61536844695 -28.3781458718 -17.7129407427 8.82507935999 8.60290180699 -24.0972355693 -2.53231472257 -14.9489734368 -7.63539781843 -4.17565163572 -2.00580258619 0.129731110437
MAIN
19.0208865102 -9.46629467548 8.10139144692 -10.0898968865 -46.5966858574 20.399178906 -5.63418136302 -18.5662925586 -1.32103588266 -26.369723087 -19.0283132118 -13.3181261622 -8.45710981131 16.5133532626 -2.74770019209 14.9582081142 -7.66043768851 -40.4720866452 15.6261224889 -5.18570231001 -25.6262188081 1.24511733182 -28.3964010481 -9.93330158427 -19.6693267952 -7.87332301083
MATH
20.0420693518 -9.13504806725 -40.7130373072 2.77194212202 -23.5406025876 4.56164176445 -15.1036577999 -11.8204915395 -28.2908529156 -9.69745234642 7.60313196292 1.7241497705 -17.0426342425 17.0280130411 0.541223185673 -36.586535206 7.65358657472 -7.11505067599 -1.16845762697 -25.3625387015 -11.2089685708 -12.8346888795 -17.728845044 -8.85147342832 5.48640730728 -18.6392341056
MEAL
18.3581111805 -8.64127565159 22.6051643824 -9.22984261501 -43.90260315 17.7397408443 -10.2234690307 -18.5063316128 -2.616139588 -27.5887023338 -16.5604810511 -11.2822064422 -7.27958898997 19.0479391234 -10.493187007 4.1852035626 -1.8949512226 -40.7399954831 5.73333648333 -0.679898586712 -10.8679856527 -3.52696345353 -14.163100313 -14.0420903651 -6.52786011942 -12.7278977142
MILE
19.1166131884 5.80516206296 -45.7278063673 -19.0507597488 3.73232265761 7.10966457301 -34.922293197 3.76206334474 -30.735955909 -23.5379757095 1.18641799229 -7.33041969725 -7.60370586716 19.180002171 -8.02053188917 -34.46486015 -3.91275857055 -24.9030405587 4.04348815503 5.44753321717 -8.63178022247 -28.4006338656 -14.7198727611 11.7202938561 6.067492919 -14.7236176434
MILL
15.2002925193 11.4979673547 -0.945129973798 21.3689055259 -23.4013210384 -24.5223322865 -2.7226253276 -19.5130428824 -17.6721582051 -3.1007930622 -17.9082598564 -18.2009823728 -15.8505236149 18.7675631625 -3.43455931709 -11.4408745475 -6.63597756446 -37.7748203242 5.98275092951 10.815301306 -1.6177344889 -17.2573019132 -14.0426777646 -15.7836455107 -11.4684340555 1.38322779351
MOB
18.3978911213 15.3829333773 -28.4873770249 -32.1606725912 5.08648746636 31.7542391486 -20.0154873213 -19.4397010791 -23.7290721366 -7.63871308542 -7.00710758948 -18.5220619292 -15.0528508922 19.0550987621 11.0434008206 -40.3069037016 -27.0527079936 -6.32281624515 26.9573841147 -23.3115894465 -12.9811319324 -3.6959660241 -13.980288319 -7.26044284708 5.57539872031 -11.8597035976
PAL
18.033324999 -27.9370036755 -16.5689427721 -4.44579241976 -12.317570301 13.0945455185 -1.15828214665 -13.0528787487 -12.7703071976 -0.599668432348 7.74958945197 -8.47000284184 -3.38530951675 19.4873462828 -1.44508657703 -42.0499616642 -9.29249138059 -5.95060718366 10.7347948742 -30.8382910522 -6.23483390408 -11.0405590096 -25.677746788 0.19690360957 -3.56502616901 -20.0918820884
PEN
18.3997954329 -24.1924239725 -10.4151400383 -12.1558754062 -25.563536849 18.2533529148 15.9452758276 -21.2012731636 -8.72450498708 -10.3120532927 1.77555486893 2.76515444846 -2.41565383608 19.0796780932 -3.4742409823 -19.6277175648 -5.43526386857 -29.7439232556 6.14465373683 7.53701760881 -23.4201104932 -26.0218051064 -16.9755649645 9.15992752199 -2.40234929798 0.835577210846
PIN
18.501432688 -21.5693912494 3.13191592328 -11.955061581 -37.6192506616 11.3941134945 1.52568541549 -18.0562784835 -1.59886064906 -12.6749124149 -3.54043961519 3.41266544151 -5.5247554164 18.0743232108 -0.154575483684 -8.80377568835 -6.44631448994 -37.9381524787 9.59485353371 5.69687648591 -27.8417128136 -23.5228992675 -25.5848023413 -10.7366481313 -14.601024341 4.05649671752
POKE
17.3656899902 -8.39371845004 -19.3236610228 -24.5165312814 -8.15832516249 6.01047650081 -9.76539138946 -7.14405442866 -3.78993797674 -13.1935504585 -10.4080123746 14.3973281776 -12.683871811 17.624950217 8.9909486108 -10.6621970022 -42.3090131813 -20.1718315709 2.28240966816 -10.8076483164 -19.8490719064 -0.770542239214 2.75113668869 1.11007571474 7.31242586429 -21.4455145092
POOL
17.3438152535 22.6752530167 -0.468864230882 -37.5114717906 -25.679628569 -5.2381230051 -11.8103493422 -25.6660189859 -14.3942294719 -5.24777563271 -3.79835279981 17.0609775849 -19.3512630883 17.9205763261 22.9231274664 2.21403315445 -34.9987182615 -24.425336465 -5.40987914221 -6.14800092837 -11.4089193456 -10.959641645 -3.10988548948 1.45972124467 16.2036403181 -12.2295448796
PULL
18.5812969797 12.910229589 -9.78202834607 -40.4870202027 -25.5586765222 12.4923469271 -12.9472058791 -3.38264504666 -0.842626810686 -11.9351498708 0.69434498229 -10.1311195581 -16.1410007257 18.9760074548 11.7943005034 -9.62493048329 -46.579929828 -28.8887400671 16.1316255538 -8.84360686552 4.26717894084 -10.4235812837 -8.84145256155 1.73255209197 -0.303634940509 -15.217331301
RICE
17.6500596684 -5.12465435709 -5.75870580916 -11.8217721314 -50.7307581415 -3.241593527 -0.0394537833581 -19.9523941584 -6.61917735347 -12.4272701079 -21.8760212191 6.90683676944 -11.2578659691 16.0575918876 -1.64786290333 15.6981617673 -1.04349820902 -53.8450469908 -0.837202235827 -14.6731229568 -19.2992692944 4.71045977813 -11.281975836 -11.126497693 -0.0463723530324 -18.824672445
RIP
19.4378872603 0.914885325572 -26.5269218191 -6.64628938741 -43.1998070365 -16.5403629914 5.32550316926 5.09717715916 -22.7483000447 -4.51317849956 -19.1233624082 4.80381411596 -18.1250387203 17.141225055 -5.41680197537 -21.8135957822 -10.5167204017 -38.8692886669 -8.31291687121 4.80250926276 10.9490663769 -10.3996959852 -13.9544223518 -10.2785973387 5.64926320638 -18.3645616249
SAIL
18.3538293355 -1.48988589148 -7.88002119577 -10.6617741148 -51.2449263643 -12.1226830669 9.42473084032 -14.9551690442 4.76665669493 -12.9413178309 -9.94002027188 -11.8772084107 -2.50300082604 18.7929429504 -2.08247466543 -12.0180565195 -9.21958635894 -50.0666290742 10.7321712693 14.5781796 -13.2841363996 6.31267895282 -16.6295953958 -14.1789149632 1.32273091232 -4.16575826381
SELL
18.1129264841 6.58912845697 -11.0111225671 -15.0197524146 -27.6586796766 -7.4192536558 4.18730080654 11.8165898861 -15.007646391 -16.6026950548 8.1605268303 -12.7943839231 3.14418560927 19.4682754745 1.55859426481 -32.724853039 -20.6593541075 -3.73859395151 5.61471659472 -1.94604317123 4.99108118241 -18.413216134 -21.0332300274 15.4956912778 4.77490374469 -10.0215573445
SOUR
19.4986895968 7.4793790187 -40.5870205894 -10.1988151579 -6.6457902139 5.02070558392 -7.53765957966 -1.57482024023 -13.8813062093 -17.253832259 8.76502450742 6.18445929689 -13.6797278753 18.1077814715 13.9108562148 -35.9720432169 -31.238657524 -9.9295243242 12.4561324504 0.316628563099 -15.8857252424 -9.76586789267 -5.86316719773 -10.7421563823 0.0392286731757 -1.44466453529
SOUTH
19.400193081 3.10069239967 -43.2002899811 -12.4713445024 -14.2169097464 1.48336929313 -12.4364371599 -16.9364091043 -16.5891755253 -24.1171589791 -4.19104693036 6.05934919157 -21.8604733467 15.9683639705 4.07814082816 -28.0252708089 -30.3395675345 -10.0571533244 8.3653191583 -16.2655365817 -20.7908734927 -11.0935524044 -11.0434749776 -12.7175379059 1.20981809277 -10.2462161217
TAPE
11.413760013 -15.4708724888 -6.64748007659 -10.2323861271 -12.8684216755 -4.82448124886 -1.7308603485 -13.5837324811 -24.7194932672 -10.980876245 18.3551609574 -9.14498451793 -19.0844311079 9.89369408775 -13.125357253 -3.16057062455 -7.68303354395 -5.65723565063 -10.2485846275 -2.0209413574 -3.52038297555 -23.7302693478 -11.4053366154 12.3890811189 -2.6642795122 -12.1097488974
TOOL
17.5108465142 12.9617646434 -2.1557630366 -27.1987469331 -10.7292815539 -9.46001743993 -24.8696835172 -24.5047783915 9.68709278561 -0.0901246120612 -16.0062282784 -1.78353532941 -23.0190026479 17.3235841794 16.7935622485 2.8845253604 -35.3223165251 -23.0718940866 -6.2974593084 -10.2487390214 -19.2107730991 -11.6611199169 2.5777435259 -3.60043071219 10.0724535387 -30.2897778425
TOWN
19.523587695 -2.80839960593 -36.0293636009 -2.37605994724 0.491706886531 19.3551784438 -29.0662112234 2.88550868904 -28.779790471 -24.8682044766 -0.286205184886 -7.81002186975 -22.5237457937 16.9315610741 12.3958833071 -23.894957979 -15.4598967114 -1.37864175551 18.6301519801 -22.4227288567 -7.15906405144 -33.5830066177 -24.6594695389 -3.04861313901 -7.73434911627 -5.73091912169
TUBE
17.5712644718 -0.18725974165 10.1677061253 1.51198501949 -21.5898085841 -37.9980026217 -9.84436674127 -16.3793315534 -4.46884767604 -9.69610632275 0.655202179448 4.87549301754 -28.2005156367 16.7038467302 9.78049877746 2.93987538241 -13.3450766591 -8.71065950807 -31.9233116948 -35.2468948668 -24.1208314153 1.14094236124 -12.0668604645 -3.28179918827 17.4667451978 -18.2856265848
VOICE
18.5524857349 16.0806367913 -15.7744845989 -34.8939003462 -24.8839054652 6.89241948555 -10.5050621651 -0.862482267212 -4.53671021325 -3.50515362809 -3.96083551028 3.99332116911 -14.8813572698 17.344357109 -7.83077297962 -0.349514019812 -0.0211265719835 -48.0941944828 -6.68718526829 -4.30401196616 -13.8834300702 8.38293715098 -7.0737595547 -9.21198027053 3.38732198379 -18.8772373348
VOID
18.1214824561 17.1943752908 -14.2346997397 -45.7618440604 -32.870964012 5.67661692856 -7.29641705504 -6.012918234 -12.4433004458 -18.6173989287 -0.896460186696 -0.286719399057 -9.445185282 18.4678630481 -4.05053945549 -14.3269759365 -12.211003876 -37.5107964533 -3.77343133761 -1.96788097293 -2.30721061887 4.22605397211 -9.61573366629 -12.9068641481 3.15944682881 -11.3221404248
WALK
19.4549701252 5.47821240296 -44.7687786118 -24.2505508619 -5.11672683802 23.2248286062 -11.8750825502 -26.7146320648 -5.68303965506 -2.24727582905 -12.5699514509 10.4384652426 -12.4152923913 13.6989319704 -13.2819001288 -30.7813846193 -5.77501330768 12.3233192378 18.4312329174 -12.2291641835 -15.3458864891 8.31173124413 -2.50040668527 -16.2841279883 10.1985192584 -8.21260843771
WALL
18.950168023 12.9278338907 -30.1580950154 -35.1797780256 -15.1720005775 30.1313877888 -6.78203957584 -11.538822535 -10.1108606149 -14.4149760065 0.351531026868 -1.83859606724 -7.08818392546 15.8526739355 20.2483476808 -14.8545430518 -39.29804691 -13.5986433378 18.6703370627 -5.53496256379 -17.0481469349 -22.7604528008 -10.6587251942 -3.10483411071 -1.57295156593 -12.7802702522
WET
20.0512247861 -1.71135997099 -34.3310481735 -8.16418882933 -27.748421005 1.358645741 11.1962411138 3.96846914256 -20.7561473778 -16.8257260513 5.82996291983 6.98069383671 -11.1253035011 19.1266228093 -14.2340209438 -28.2342715517 -10.9729961416 -33.1750961985 6.6187308559 18.0353030952 -14.0884883003 -20.1464695281 -15.0146076181 2.31907221106 -1.38926894821 -0.899770062982
WOOL
18.8572760654 6.79222316417 -6.57718215083 -49.7254708757 -26.5250410782 28.3795736072 -23.935658133 15.4778965622 -25.7325679071 13.1519410799 -7.40413511482 2.91997654167 -27.020211049 18.6797506155 8.80079193133 -7.03609400803 -48.5228466638 -23.866316731 33.0946928697 -25.0373216907 18.9228153248 -23.1548330784 12.1698171607 -8.46146746942 2.97975466873 -26.7797612033
WRONG
18.9189071592 8.88643497508 -34.0072572522 -20.3456051435 1.49509016801 28.0018175237 -11.1779609851 -18.4201320822 -2.97981585313 -9.46351319088 8.51350618051 -6.67024079808 -10.7449857822 16.7035002935 16.8569735408 -30.504058527 -24.3796681848 6.94258092267 17.4234178755 -26.2976468909 -20.1853955818 -21.5055740624 -19.5372033526 3.2710544046 -14.1292594339 -2.98694304318
