BEAN
18.3233331651 -7.14094232762 6.18990642757 18.2069667979 -45.820797057 -17.9390044234 -15.6322046568 -20.8302394671 -14.0539398404 -14.960246873 16.5894880864 -20.6579762902 4.03536221705 17.0794104608 -2.6425372743 9.78082181012 -0.599285683563 -34.1919572791 -6.17951457421 -8.76733427053 -38.2479733793 -4.63827330753 3.21401868924 -17.6681309195 -11.1915374771 4.26765898921
BITE
18.8482887104 7.43403580619 -34.8312114847 -35.1420710726 -6.17859447637 -12.0278398752 12.7315505872 -15.5913700408 3.67826381703 14.2542994053 -25.1538579115 -17.9968809113 2.26149071293 16.5825851691 0.0543510310382 -15.2109138395 4.90173492547 -30.4639549392 -35.2801729166 -4.25093207414 -5.0253295747 -2.14847058365 -4.58117854506 -5.00365001102 4.1383565306 -13.2408198508
BOAT
18.2484204758 7.79859271838 -25.7157504916 -7.64104317225 -27.1723311211 -14.6650826852 -18.1273078382 -9.77032272714 31.2021786022 5.6887313669 -8.80528028561 -23.7176831715 12.4605489613 16.9365922669 10.3626478422 -20.5536620358 -3.29883318142 -18.8679351211 -27.5442011446 -26.7080617757 -20.8425381876 23.9066905488 5.85817728557 1.81593266726 -15.0106990423 17.4583750406
BOIL
17.7104384952 17.095341302 1.12259091088 -31.2707976069 -50.3506518915 -19.0219332395 13.7338271051 -24.4070742767 6.7797540002 -15.1684538934 1.66971407172 7.3452607372 14.1120413661 17.9591928438 12.8123622691 -12.8747340578 -22.0531387659 -33.6561053311 -4.69150022373 3.75450597771 -39.7747893001 0.169210957626 9.26537389558 25.1270958436 -15.6209042913 1.97785263717
BULL
17.0830717836 15.9087255845 -3.54647433844 -24.6638870703 -27.3683107752 -10.6971726799 1.68683250134 -40.4805119531 -10.7941195419 4.77293836708 33.2384472107 -3.25055447875 6.14411057993 17.7759797943 14.8554866414 0.525216964224 -29.3299611348 -29.887088762 -12.7284147917 5.82265977772 -37.7986931654 -8.67870589959 -4.52445051725 22.9663211845 7.16281298935 13.6194534492
CAB
16.7961563474 -4.72687649273 -16.1931591504 2.51883600542 -33.4548438965 -27.996795092 1.51510040979 8.11001167198 0.916989741171 -4.73527192145 -5.84156585765 -0.31153832322 -9.34151471293 18.2473977698 3.01501769357 -25.8156383304 -13.1789720862 -20.8769987303 -28.3636494388 -5.17507585813 14.7642654258 16.4908197007 -10.3800085983 -10.5392810517 -13.7786738874 3.69245625257
CALM
17.3272011149 3.7336640777 -21.9375408795 -31.6443454592 -17.7339832766 3.45035058581 8.09929887975 -7.06656947894 -19.8638154118 3.43129318286 1.58533540586 -14.6761420113 -1.77679128629 18.1726976188 16.9875576333 -21.1576058193 -33.0211175139 -24.0671373439 0.460279959633 19.2005536822 -16.5930979146 -23.1020762178 -4.83371871991 1.63450264866 -10.5052338685 5.18576354153
CAUGHT
18.1825921212 15.5237197158 -16.033586422 -32.041710713 -17.6849262423 -6.45746023339 8.2675153409 4.77487666262 -8.47146287969 0.0887246345853 17.2853487691 -7.76108405871 -16.6779738017 17.9547891019 13.0621793305 -20.4486228738 -28.5741507561 -12.9900128217 -10.5063061224 0.248760422574 -3.88129106899 -2.31224795909 17.3201459001 12.7922301667 -23.1497184294 -11.7211800973
COAL
17.7051850369 13.6686240489 -6.33236081552 -28.8248944724 -36.3933066673 -4.3412922865 8.18851585804 -22.7477628281 -2.05286126213 -2.11911488218 14.560443277 3.9192849498 4.77123434642 17.2791053074 14.0174180812 2.25900019869 -33.3698446191 -41.88236173 -8.80372931668 7.07564939516 -22.6328011418 -0.213819049685 -9.67138764814 3.15639065576 12.3143927079 9.07567749745
CODE
17.8893513026 10.6680887406 -27.2811064559 -1.68563689485 -17.5228264719 -35.9106053072 -8.12015154191 0.244353188388 20.9171042513 -2.42599372976 -0.88942301345 -9.61402411606 -1.34017465994 16.6624026182 14.2114706164 -18.73878651 -1.55539855522 -10.034475455 -42.6741665569 -17.7595765822 -15.9776531998 14.2627043355 2.13956443022 3.23588252962 -6.70101056202 5.33745474305
COIN
18.1926232423 14.0036436344 -13.7857330677 -18.04268217 -39.4355580286 -23.5388375293 16.8003101927 -1.73651791621 -18.5894982559 -9.37679922941 0.69704780332 -33.8964904878 23.2563107646 17.7094256191 10.0659335157 -24.1897500456 -7.40870942908 -19.0287370505 -11.9863703353 -11.1917959988 -9.59713339787 -19.3543705216 -5.13506089233 6.94027683218 -26.5822220647 6.9175926755
CON
18.699918918 15.7368819158 -22.8728360544 -37.674230076 -6.53225997201 -5.27335226006 8.40691063954 -18.6087415631 -19.40050038 -0.828503100863 5.42964755063 -17.5602065837 -7.16229849565 17.2434965978 12.7527340623 -13.6714612976 -34.5959881336 -1.26398716254 -2.39758593252 -5.54607460381 -22.0689201227 -11.6783586984 -5.41415638173 -1.45431797894 -17.6468655627 -10.3065826125
COOL
17.5102155436 15.5701933252 -5.37471480325 -20.0373100288 -35.1729429419 -16.9992967865 11.7960796585 -35.2695310774 -18.8469514678 -13.4405822573 4.776868527 9.52005199566 5.11411005245 17.6120258383 15.9217177784 1.86620218718 -22.9040330183 -37.0879014838 -15.7851219375 13.0232038646 -27.3884807433 -14.9860947501 -11.6196484625 -11.0751912116 14.59796498 10.1052532624
COT
18.6655259112 13.7975888863 -21.1180267178 -44.5871182805 -3.28708020362 -8.54983410833 12.7084162981 -2.74408355553 -9.41648877698 10.7382872576 -1.38054958648 -18.3595967022 -14.636434524 17.1634221496 11.4657005493 -16.0211204376 -37.4584706201 -7.39746607028 -14.1197595034 3.6074583456 -3.17934660963 6.24851412113 6.82449294187 -16.374093868 -18.1507129172 -2.58892009335
COUGH
18.605071831 13.4048787965 -20.0944464763 -33.9756420827 -26.7713254321 -4.67120284212 12.9514995457 -6.68866194623 -8.6605149322 6.27579003398 19.1133887975 -14.9245763923 -15.7929547058 14.3537941474 -0.679806020946 -15.4925771456 -24.4373600172 -16.3275976079 -0.98713483889 7.77750685889 -4.41550296184 -10.9609391243 1.9088850776 -0.193300307517 -6.00606386611 -4.63077226253
DEATH
18.2181574245 -0.444269432127 -13.4413397107 5.94546269011 -42.3666221815 -26.8256981684 -22.8331396795 17.4242007964 8.65146134733 -3.08709025759 1.75669664891 3.7927137196 -9.73384379778 17.9304822197 0.63894088934 -17.4432684819 0.226914609642 -27.749410332 -21.7496861974 -11.9334860231 10.8099540312 17.0846160051 -5.35825696399 -15.1324658805 3.44750140057 -6.22208595674
DIG
18.6945255637 -7.29738000388 -7.92875584944 18.2994585471 -48.7803628378 -23.6128103196 -31.9793273532 9.57788272911 -10.3515049859 -10.2096187358 16.8321636289 1.04447167618 -0.753853487057 17.4487431508 -2.08747245135 -11.3336569818 18.5349739475 -41.3128370151 -27.6413242377 -25.3746924969 6.29250850037 -13.6511800428 -3.76222915917 11.0854050657 0.635816719689 -0.990830421498
DIME
18.8309674359 5.40128048976 -31.0612753173 -24.442746641 -9.46185357152 -4.03735994539 -11.1669159422 -5.08758281027 7.30200385946 -17.1906806948 -11.7251984382 -20.153286935 6.93887200985 17.9836326602 5.24633051902 -29.6198355975 -15.2560184101 -3.25617777422 -14.3728959968 -15.3668257521 -2.27073992622 9.69245412449 -34.5644958279 0.428817788575 -14.8327270822 -0.00484626274802
DOCK
18.3182207864 9.31336050788 -28.1645604677 -23.3132051824 -15.2557849192 -14.8061546679 0.345713954385 -5.43700908312 15.7040980552 15.909523282 -18.9400379719 -24.1114098988 2.40775694186 17.7769690423 10.0825921538 -28.8105555474 -30.7939571292 -1.4328650648 -15.5990068466 5.87335326493 -7.67612524052 6.67733949006 13.6797932147 -15.1589196081 -21.2060917271 -5.08383036401
DOLL
17.9763560141 7.53900213789 -20.1667157149 -28.5661470362 -28.0001134717 -3.59753572896 0.363040780063 -7.56992320261 -0.359296178799 15.9663941585 7.10701043094 -20.1226441629 -14.0605593741 17.803163355 10.8800709627 -12.4841537592 -39.7829050564 -24.468226608 -6.41717598369 19.0452131472 -8.19443749399 -15.11513734 7.35915573748 6.23205319233 -9.13183409143 -3.64253594883
DOUBT
18.5613555206 3.40241796053 -28.842223739 -1.89374465602 -28.3391504296 -24.0301390912 -2.25032485687 16.368177379 14.2356498615 -4.22130642932 -16.1286815757 -7.4258434055 -1.38771726638 15.4363126811 8.10992127501 -15.1973050151 -32.3680914161 -17.5057576549 -8.78757916226 7.03393337351 -13.7620874257 -1.9218287644 16.1683131585 1.77329546372 -13.6104451558 -10.0865898431
DULL
18.0046440501 9.10063544836 -25.3717738821 -15.6748194562 -21.9998988151 -16.8830622654 -23.8455215494 -14.014043377 3.95868403972 11.7048037591 -12.9658172561 -8.83852164141 -7.40924556497 18.2138201952 13.3523671535 -27.0089278808 -18.2510258016 -26.5547969665 -8.79836275988 -21.933578755 -21.4762419844 16.0412038698 9.77071739419 5.9602589884 -26.004864835 -0.896622652983
FADE
18.5535411748 0.541246116889 -19.67744596 12.5679464335 -32.5516315614 -34.7857499571 -16.1283305884 8.32295073968 -1.703650265 1.08865234744 8.13844656924 2.45126165308 -3.3282641164 17.6374463101 -1.9529370976 -10.5946928497 28.8650437754 -39.9211779599 -34.4278244854 -8.56363597611 -10.0030523101 -12.0101514823 -6.81733805109 23.2938575472 -10.5926378392 9.37311814017
FAIL
18.1088165331 5.08234967496 -21.4752983601 6.69467569359 -37.3268693369 -31.4787332292 -17.9507938066 16.0014691446 8.72820046644 -2.12300218395 10.5136770671 -6.046547555 -3.78758447355 18.2867826448 5.33322747523 -20.5043798 3.190565126 -23.6743077495 -41.4699058081 -6.0172156263 5.61593095635 10.9839893909 -7.42200962005 14.7997834513 -12.0732638883 -0.537337270614
FEED
18.936232211 -11.3502043759 -1.84150424892 31.5975647028 -40.8030412258 -19.6464909561 -26.0138482884 -9.11061292512 -22.2429072471 -21.7583138492 18.1647686627 -15.9235739671 9.96622208847 18.2572072116 -13.3921260972 1.32947444043 33.1476580812 -38.2509416607 -22.9825177088 -16.2758881087 -17.3868924711 -23.2162224354 -20.7305383335 17.6691187353 -18.0868569631 10.0981613767
FELL
18.1359417599 2.50378689421 -19.5192686814 -10.9475181964 -27.8195031831 -15.7161912277 -23.7146026336 1.80211919708 31.9744598723 6.54092343206 -18.1208995719 -6.85676147434 10.3102239319 18.3962935564 3.04978989519 -21.5286007992 -16.8965656629 -25.430811842 -5.29345552352 -25.0910356486 1.13774373842 29.2898706492 6.35241816805 -17.5352222564 -16.3270974087 9.0648851485
FIRE
18.5176436685 7.66553100496 -26.3397693069 -37.4617686078 -5.59734430057 -7.59487079661 5.56612621567 -6.68790913896 3.70167483313 11.9099521571 -22.6374725251 -22.2002032213 5.80603696641 18.3704290502 4.89111759482 -27.4850800909 -26.5557037351 -2.14692816797 -26.3525902207 3.95144221272 4.41877202373 12.2009749133 -1.31363264491 -27.2783873211 -18.3122563316 11.8515109013
FOOL
17.8831765108 16.3303512695 -2.22272918458 -22.4050042808 -30.9538081641 -7.32833014231 6.92461314344 -34.1642204486 -11.1344473411 -5.74882136377 20.9231319636 4.51056003544 6.6602596342 17.7938074245 15.3400375788 1.02272270558 -24.5769109441 -38.9481895711 -17.1945340724 8.16982289092 -34.6779567183 -11.247854735 -11.2833595003 13.0573454002 2.6125355167 10.9927789637
FOUL
18.3855694078 3.0117723913 -25.3271903458 -13.3003118379 -17.3192436236 -19.9712044252 -6.13308283718 6.26906667276 24.6837237082 4.94210301518 -27.1493411068 -7.90252674369 5.16517276659 18.7604259484 2.63857899565 -27.5531917723 -25.0358501076 -10.2052243534 -19.1784873236 3.35598340427 1.25345177918 20.8717571615 4.98548995176 -38.768459532 -8.86523158473 9.40261985461
FULL
18.051979008 13.048047058 -4.96444356199 -25.4877342667 -36.2985961664 -6.69300878726 6.51167720865 -34.2867830672 -10.7385483563 1.12707382733 20.6844791956 0.68821032779 9.23624842676 17.3419180132 13.6278573778 0.694363165302 -30.4491024123 -35.9247449132 -13.7079575096 11.5411350967 -29.5938596839 -11.3046196888 -3.47863635862 4.7401716866 8.30863684733 11.3733279562
GAP
18.7882652443 -3.70358429802 -19.6109088239 5.76019539765 -43.2322540076 -21.1101938841 -10.1353340652 22.042496699 6.78113284418 -8.77909667922 0.248097460962 -10.8483862242 -2.57275726116 17.9882782999 0.517276216397 -26.6792632605 -10.5525107281 -16.8112039314 -18.4738226486 -4.43182085973 13.7751942838 5.98464855913 -9.34757265366 -15.8888633564 -17.0838028321 11.4137853279
GUIDE
18.539650308 8.55080950037 -30.3324908045 -22.3261371928 -6.04776574985 -17.5421603353 2.60221237458 7.49754086235 10.7742014258 -3.86515723306 -17.9493345164 -18.1130466394 4.5084131172 16.8874195388 9.4373010319 -22.3973497949 -7.96062958842 -13.143268342 -28.6134783418 -2.70458710177 12.5350206874 12.151565135 -10.5103978736 -9.73531426289 -6.29221551229 -3.98530821851
HEAD
18.096271788 -1.96700708991 -18.6959300773 1.1605519067 -31.8870835932 -23.3277232975 -11.1585566947 8.46929253442 11.3404840739 -13.0229770734 -11.2882630811 7.22546940703 -11.3736917887 18.0056815912 0.330400177451 -19.8835020051 -0.402717122661 -32.5069554132 -23.5367802847 -20.8518932039 14.0520459376 21.1510632558 -5.03475316462 -11.3796344048 5.68208884527 -0.105412568153
HEAL
17.6540013238 -4.45128408201 -3.36182716937 28.3704436047 -42.7327709873 -32.0186482477 -18.1028713954 -14.268848933 -18.5692278229 -16.9503342671 21.0348025103 -17.0579644113 8.61054056396 18.2076268474 -3.15235856871 -8.28787161134 20.413697574 -33.0215261533 -36.5152483351 -21.3756983468 -10.7283357555 -4.5393277773 -18.6654370838 31.2982100152 -14.3099630822 10.0423584356
HILL
13.2102166319 -17.2144334103 -6.79059495381 -0.32322775148 -24.0511948496 -9.54960795318 -14.2113612747 12.8774873662 -9.76819145387 -13.848721917 -7.49146877099 10.8763912877 -4.3620759297 17.8417958001 0.73827988328 -14.6047783952 6.45245083413 -34.1836493397 -26.4668522503 -29.6320282572 -4.60683531977 17.7716857564 -7.31377457931 -4.87613419196 12.038727412 2.52126117537
HOME
17.4114583264 5.71656679711 -27.5061697992 -10.696581361 -16.6302470729 -4.98131244954 -16.7249293614 -5.35523914634 3.01765593078 -6.09086760989 -11.4289938388 -24.3422008263 6.12841915576 17.7517576385 10.7736776432 -28.1534843417 -5.13712066417 -24.4941095945 -4.18026530768 -11.491834182 -18.2166382433 -10.5054905326 2.2836012058 1.54057700975 -29.5681456661 -0.190501284156
KEEP
18.5836185863 -7.70904627308 5.35428974659 32.7944053933 -44.8197153216 -21.2621378119 -16.3608376953 -18.3384540535 -20.7411509362 -22.4873634882 17.4660487108 -20.612242702 8.24230323269 17.6887853541 -8.64097826285 2.9728621007 26.5138706902 -37.3707935825 -32.0405089756 -16.001250633 -15.9000823607 -25.3860733935 -18.4327802182 11.4766855807 -16.7794074006 5.43771704115
LIT
18.3437809193 -0.978669834637 -14.0572107212 3.07605609652 -29.6053770467 -20.334718758 -35.3070260457 4.79550971911 20.1390818918 -3.84522583648 9.09800446941 -13.7937268696 23.0513320389 18.0840031353 1.11275077729 -17.2338314301 1.23146491906 -37.9142522804 -20.5219406264 -33.6061964961 13.9083671319 13.3768269915 3.73750157319 -4.6152863304 2.41145328473 9.55172830014
LOUD
18.4334655471 6.42964712653 -26.8671110336 -22.6887060001 -20.3128468308 3.1328347995 -18.6955305445 11.2456978376 20.946085787 -11.1332832346 -23.4294138466 -19.6419007124 19.3246313215 15.6613377951 6.75464242297 -12.2702815376 -29.7793856613 -16.6848919132 4.62478875879 -0.542590790045 -13.5312920027 2.14059557867 8.84679117112 -4.86734369128 -16.1372767838 -3.87767619725
LOVE
18.5239456015 2.0348153672 -14.5546178665 -23.5092851713 -37.6825645191 15.9104268971 -13.1540613209 -18.3244248112 11.8734127898 15.0650287169 8.74340387657 -32.645095102 3.39948416076 17.3387831981 11.0447217623 -19.9142743444 -27.319744409 -24.8648334116 3.42060980854 -9.89821553058 -18.9795402299 6.69683814135 18.0228001125 -11.4341907317 -20.9548620082 -3.97840199823
LUCK
18.348714869 4.48975434066 -16.7047483962 -28.9808989636 -29.2344222804 9.27986256492 -1.87229403555 -17.8886863495 9.45935265973 11.9497096548 9.43370362019 -35.9601521276 3.03917679699 16.5493561126 2.14508475694 -15.4243706555 -22.2740605447 -15.8864955088 -8.78964931515 -14.1852628156 -2.4214862503 3.60315534902 16.5710380235 -9.07633080567 -25.709519563 0.869245047483
LULL
18.2687715649 2.66585361831 -3.79296792695 -37.9907809082 -47.770769862 12.0879566028 -2.91803147117 -32.8613667865 8.9517767792 14.0595995976 9.61781748319 -20.1433336807 -4.93464263552 18.517450366 4.04598002782 -3.97025511684 -31.3335746759 -41.7548293582 13.8839851034 -1.11806325356 -22.0288652437 11.6582758637 12.2350905837 12.0686642478 -15.5449423833 -5.78366184555
LUNG
18.6322561095 10.7878617299 -18.0904558678 -34.0275792939 -28.5846408523 13.0760288389 2.4200329025 -18.3263874821 -12.6186573163 -9.31559975787 17.7427462991 -30.1713449134 8.04180703692 18.1986099617 11.4754137719 -27.2162677689 -27.7706728879 -22.788793794 3.33859376001 -0.147100974191 -25.9872610672 -25.9476115416 0.785016301653 5.71961885092 -28.3134991233 1.81964652682
MAIN
19.3853223307 -8.79999132777 -18.1557376622 9.45295304627 -42.257746428 -13.8968126744 -20.474048205 16.841869621 -14.3232544328 -23.2285777262 3.61359810665 -12.9100994288 -0.179849347442 17.8105534055 -4.30411693068 -11.4479293162 16.8834272928 -42.6481153982 -24.9636961777 -2.80587238384 -9.26183917589 -19.589060694 -14.8761242807 7.95297068251 -25.8047549275 -0.254830626651
MATH
19.1437546499 -3.78507953294 -23.6220078724 2.28257636544 -35.0648668959 -2.68735035576 -9.17407728316 11.1116519109 0.0311469798215 -36.2499417791 -2.40694528578 -2.70598384886 -3.63748917187 17.0053972894 -2.90160622897 -14.6368704532 -8.19042208549 -15.0858793516 -9.49746292606 0.49460215622 8.16227946436 -5.67441021806 -24.0771344696 -13.8054163845 1.02000321688 5.06833976906
MEAL
17.8161452553 -4.21315925567 -6.29842055506 19.5057346698 -43.1093102949 -32.5801811135 -12.3024459257 -11.109766787 -7.23021708147 -23.2862151066 24.5635035544 -17.6764675043 7.8904459935 18.4009235329 -3.929286108 -10.0105151787 17.2249762621 -32.6221640204 -36.648945675 -15.9275344438 -8.78028715451 -2.09921973237 -16.5332469425 29.8514696048 -12.3722462545 9.48677509449
MILE
18.6462631413 7.03613101918 -34.3598113359 -26.5370174507 -5.33042049915 -4.21840889988 0.460153261884 -16.2222216076 -0.467005789434 -1.04771138079 -20.44125639 -11.5577822668 5.8076785579 18.6574226585 8.48278460874 -30.6920612018 -29.5014234977 -0.970892526474 -5.82921203046 0.464964412585 -11.9260351275 -3.08475902782 0.361895989589 -17.1268178838 -16.9389460568 7.03139923106
MILL
17.9553268719 -1.87950022914 -16.7147030365 6.57597551022 -41.4921061719 -5.03877779821 -37.3743941034 10.9184630002 11.2276593185 -15.4516272142 -11.9743793083 -9.52211571107 16.6977708113 18.7110467344 -4.46377339728 -16.3644223244 -1.39658413981 -36.4004061076 -4.39742866843 -29.4029208489 10.1727924396 16.1105400956 -18.1527249093 -12.929406888 -17.4822806935 22.8382133979
MOB
18.6289700654 7.22809530892 -26.1448583018 -40.232433585 -13.2116401455 8.73238758563 8.22286818525 -18.4156909775 -6.60753833078 7.37064811513 0.92227112865 -26.3959401732 -5.73713843934 18.2219355728 9.62289051049 -22.469614747 -35.2743328081 -12.2736804472 -1.26728525236 11.3649815997 -14.9872716697 -5.47226566586 14.4867405546 0.853352360476 -25.7865636856 -4.00279131613
PAL
15.5904953433 -9.51390863398 -20.3264571909 -9.52474051187 -22.277591193 -9.13487865572 -0.502152106445 9.27076369326 5.14086639561 -21.1219129051 -13.2367594791 8.96061818173 -11.4372950965 18.6619503347 5.03066112728 -31.4966235363 -19.6730463085 -11.158124376 -19.1594629184 8.42296450438 2.41636215102 21.1809819233 -7.6014910971 -26.2920254849 -5.13523601527 9.06880055017
PEN
16.9651522268 -10.7818986664 -10.413911389 1.91911939553 -31.8011390952 -10.1114905995 -11.802388424 16.8915967326 -6.61766753743 -7.28560409027 -5.04905409387 6.64238681967 -7.00387010864 18.6776019739 -3.43159650816 -13.2533470791 1.47154599748 -33.6486035573 -13.0612839525 -30.4731914661 22.0774487317 -9.33151321972 -20.0272791202 -2.64388425316 -4.82915474373 1.14816877537
PIN
17.9403526991 -8.99799752567 -6.99054321866 5.29324665156 -31.3942466666 -18.0883293529 -9.22610748184 3.09323157371 -13.1016055162 -6.48947187409 -3.54698689384 -3.54527163032 -5.97675409105 18.2321192941 1.52576492104 -14.7099736046 -1.52138855325 -23.3166992569 -23.4155208152 -11.4935973001 10.7700384464 -9.00484475321 -16.4995255909 -4.48501899956 -3.05469819663 -7.38959511138
POKE
16.6461568529 -1.84007155108 -27.3464036706 -8.88448321905 -22.0745636043 -9.23563880404 -10.1376936515 3.46443868069 8.65887881021 4.49905461217 -13.268482692 -9.03475249453 -0.527534471813 17.5018619022 12.3232248874 -23.6637975185 -7.86929780491 -21.1037230648 -15.5044286288 -24.7679352097 -25.0513530524 6.50803186227 19.7425925867 11.7308071982 -25.7684776136 1.20015063619
POOL
17.6693766797 17.2703936113 6.17958256665 -27.6192926845 -30.36825238 -15.863552828 4.08120787616 -19.5974786399 -17.787360668 -4.01503833233 -10.2806506766 16.1776845013 13.6542673377 17.0412349878 14.9971977606 13.28293441 -31.4180216264 -33.5505048637 -17.2374632023 -6.84505651839 -9.50412469044 -22.033373221 -6.46012613327 -7.87384620538 14.9178439697 22.3201921646
PULL
17.6772246063 12.9518646034 4.08123765675 -28.7239656047 -34.7033002461 -10.9256326377 1.87180866989 -30.0872625863 -8.78458404775 -11.9025554746 15.7315806206 8.94613237413 14.9276867645 17.3352625258 12.4620693655 5.27550482833 -33.0673181676 -37.0572439512 -10.159439193 4.37771952318 -24.3610993335 -11.9038235126 -10.6086759219 3.48343986264 11.4466273553 16.322580686
RICE
19.0707274798 5.45480893736 -33.9509594278 -19.9582860191 -7.65130288498 -16.807735464 4.27933961493 1.5411326644 15.5890432747 -1.66193105327 -24.4661996182 -16.3497701813 2.81400472159 16.7746249639 -0.0201262971141 -17.038889909 0.642882350333 -11.6964347119 -37.4236833855 3.50277519434 5.42431796319 0.0371054056642 -5.4802479779 -8.26750411728 2.63387513595 -14.013148971
RIP
18.3481466727 5.78346662504 -20.4763560295 6.41947243087 -27.6480642472 -21.5397378507 -34.0307136616 10.7752345049 10.2456916212 1.2637521297 -0.151799423167 7.51752715236 6.28105833272 18.1169488415 5.34141834788 -22.9376176653 -2.64742386839 -28.2074082662 -24.1040927458 -28.1039211748 6.87370069745 17.4664805251 9.75021714746 -10.6884216946 1.95666700757 3.84346045653
SAIL
18.6106693508 -0.204653685523 -23.6956165895 13.8411923587 -43.1261076906 -27.7703818384 -27.4600014296 19.7761109215 7.66597558113 -5.47585345546 12.8667281857 -5.64887611368 0.84463276621 18.2202671072 3.46341835275 -23.1567375754 5.79297490681 -30.3411195548 -31.5425488624 -18.4355117778 13.6786947848 16.7092676021 -10.1858706823 15.5068433725 -9.60250003666 -0.479161246401
SELL
17.7098888268 8.05620756136 -19.6417328995 -1.92303686048 -27.5051139588 -28.3761072644 -19.2449601773 2.13543986507 21.4099526993 2.68340247507 -15.4046630241 7.53208646238 5.32471988959 18.2515879533 10.9807003176 -23.8664615756 -19.1811683025 -20.1362688422 -16.9502158415 -6.59931891596 -11.8192632476 24.6456093816 4.54033484006 -14.6907174576 -16.5914332342 7.89229787105
SOUR
18.7069500117 3.92299628559 -30.1544973643 -18.8796770741 -13.8746541756 -17.1189118705 -4.08086658171 9.10947996055 17.4301140535 2.58235398829 -30.6892739413 -9.46093668702 7.92430578326 17.877722099 13.6860306707 -26.4595236333 -28.6504331507 -9.87841530136 -14.6100660792 2.8346257813 -6.68538732911 5.45596335241 12.6635766128 -1.91593823537 -15.9685467718 -22.9070001967
SOUTH
18.2481784164 0.881932850525 -24.0126329986 -14.1097582399 -22.0516889956 -23.4456457711 -6.13266698601 12.5687278086 21.476142634 -7.73213020161 -24.1637627175 -7.56468335309 5.3694717101 17.6141232025 7.94774969958 -20.1212294229 -39.5152677016 -9.79791423777 -6.47018040248 7.32195891478 -3.95832001405 -1.62718616395 14.7899640226 -11.9488071031 -25.6641442445 6.87094831885
TAPE
17.9861553934 -1.55906930299 -19.2404519802 7.62183265514 -45.2159490672 -29.1355671642 -8.51355530526 7.5197905089 1.11540285122 -2.58056505856 5.39061401869 -5.43113334626 -13.2060363675 16.9417984779 -2.09301523971 -4.43352888694 18.7574333423 -39.3335616073 -32.7227037948 -9.35489725365 -12.6792346723 -7.89252778338 -1.71096710149 15.3576597085 -6.99143088931 5.54362081578
TOOL
16.6076411756 -3.51134827503 -14.3870841159 -13.5556974745 -6.79673408607 -3.94890660049 -23.3119571189 -23.606855771 -0.267617804624 7.78992288859 8.43171479752 -7.69287450147 -0.0796911165709 17.6701746914 13.2656263627 0.406957370338 -19.4570005135 -31.1537726026 -12.2558721548 3.82003371153 -37.1487096795 -14.2975391838 -7.26718622661 19.1685061627 -7.635983934 11.9584037811
TOWN
17.8406585008 -1.7162802772 -25.3402826383 0.728603599295 -25.6978621043 -17.7198337615 -0.375169105163 13.8217982168 -9.7961706901 -14.5809397584 -5.96796286989 -3.99476215686 -2.82199333442 18.0179415435 12.3031084235 -26.6470882284 -19.8709515804 -12.4717772356 -9.89581960083 -2.65585454738 -13.2496838876 -11.1769889921 -1.64864300552 -4.50849818915 -15.8521412328 -0.0111961275593
TUBE
17.7842287321 0.789267766191 -11.1801254216 26.7145020661 -21.6284412578 -32.7648672097 -30.4043940365 -5.52554781066 -14.2637375978 -28.3981997077 16.1995889732 -10.9718303833 12.2408203193 13.8900511331 -2.77012555161 -6.48970221416 -0.166788370653 -2.16332407681 -15.5062490377 -24.7102738331 -7.26948966314 -1.0008978152 -8.27680941862 -5.94200365913 -2.13323879765 7.17443465058
VOICE
17.3545564443 17.9106094432 -8.4869153731 -24.5688543702 -37.8834203259 -21.8927001076 9.28250802103 -16.8258841555 -17.3240062091 -7.25537545823 19.1557968296 3.93256620573 13.2812519432 17.8539008903 8.19768753373 -21.6278628845 -2.18165913752 -18.6484012028 -28.1260436717 -17.9726687823 -14.2557587073 5.77946196284 3.87932923722 21.087351522 -14.6586684366 4.23531125192
VOID
17.6640467598 15.0494553517 -8.48717009035 -20.4229477166 -38.9938695023 -11.2734022384 6.75972034144 -22.5169170811 -13.3027746644 -4.24511041232 20.1136955593 -1.80648984212 13.6240875439 17.200989678 10.0370990268 -9.04840175455 0.190490487023 -25.7689964965 -29.7426701974 -10.9938920373 -12.3069810399 2.22398095073 4.50071320878 19.4145113367 -15.565667711 4.26053577589
WALK
18.2076838172 14.2897126947 -10.2081081547 -28.9737484271 -45.1274297238 4.53249856483 8.02689741983 -8.11484523704 1.87997343829 -1.69404542246 16.7726818876 -5.19222445507 9.69290528339 15.840684035 3.668069224 -11.1152820161 -31.0981575345 -20.2347772609 5.40133809337 0.800651280843 -8.75970516956 -17.790706207 15.2733113301 12.0172079044 -13.6737375137 -5.11131663125
WALL
18.2851493344 15.8604034295 -7.4415494606 -36.5055609272 -37.8218006121 -3.60168724263 15.5190342473 -7.5769124663 2.06541182857 -9.95118387283 19.7986243199 -10.3180593581 1.69945059551 17.2191271199 12.3034527151 -6.3834116551 -41.4300857543 -28.3910382979 -5.39542722858 20.7690630556 -10.5847796712 -3.50900808152 -11.4368094298 12.8465483896 -17.7292930337 1.63130864468
WET
18.6523137309 -0.866821005576 -14.0881201567 -9.60291312427 -27.9552123313 -19.0429276845 1.6683121604 2.34831924405 26.4176314398 -20.6705596787 -8.36889881081 -12.6974111372 5.05983654678 17.3610443741 0.793176145494 -12.6459731234 -7.96184298772 -32.0734761986 -22.5928881717 -11.2482150275 21.6490159756 22.4455574607 -18.673815606 -5.719661482 -4.09978043367 -1.69342268566
WOOL
17.0895729038 14.583618111 6.45901813761 -23.8342530652 -24.1430018659 -23.6994211577 5.55316075724 -24.9103322164 -4.73232036286 -7.08970801722 4.97003733677 11.5497485332 13.2878778319 17.4704369328 12.2081081635 3.51403222471 -30.7656188802 -29.5852152507 -15.2984196593 3.95290920943 -21.3450814148 -9.71572913389 -8.33255244493 1.93829368305 17.0537180414 11.7384936669
WRONG
18.5339952669 10.6189826604 -29.5869186398 -27.9665845417 -20.6391570314 -7.03620078241 16.393381962 -7.64948237902 -19.2661407582 -2.19075226383 9.49918142225 -8.02421044198 -20.4580297346 16.5182448423 12.3212823798 -21.2726863641 -26.4083757852 -9.17005519301 -8.10356227416 8.32650771764 -14.878581946 -20.8203317945 -3.04092154079 9.91163028279 -13.5648547603 -9.17097668036
