HAD
14.4576049805 -12.1939169671 -19.1838435211 -5.50946992613 -13.4069035403 -1.87656470299 4.2168661495 10.2082779194 -6.55164332735 -18.5975794887 -4.96789442602 8.56220411634 -11.3832352038 17.8339222342 -4.69559648268 -18.6950033928 -13.8298157452 -21.9919775349 -0.382851503882 -1.98349330442 30.5333167939 -10.7667314577 -22.4380494429 -17.0010486635 19.0600380686 -6.83643620763
HAYED
18.8515419921 -7.97821549821 -7.35638537009 8.0483801166 -48.0927739748 -25.5035975611 -9.05085504717 14.1216896792 -8.97504524082 15.5280394125 -4.02126477733 -10.0052291012 -8.56588237277 17.4372567837 -3.07435249278 -0.568539942491 19.3667919775 -52.2148685803 -19.1941159331 -24.6148787567 2.95936644315 -30.1268416839 29.5957373189 -0.726529228248 0.0316183870096 4.64986406379
HEAD
18.9140945492 -1.47306932455 -11.2661269866 -10.4808448118 -37.5846423798 -25.4078607752 -0.623958114819 39.4447936003 -6.81384027926 -10.4925981058 -10.6892600263 4.11169624003 -20.1066538284 17.6848079842 -0.220739129745 -12.217026134 -4.82360862757 -40.3866504652 -16.9990452075 -18.0945308488 38.291649201 -3.03854588509 -4.27236683904 -13.8347046067 11.0876451825 -28.0173311734
HEED
18.953865314 -8.91340832843 8.62870339581 35.0280408203 -60.4625243132 -0.476322822812 -30.3606556757 -16.9774556117 -24.7166812252 5.93122414398 -0.761423520759 -6.61616808091 18.0634170529 16.7180281713 -2.50589932009 14.0629895916 32.5702082465 -47.2522201341 -4.73461132132 -25.3675190505 -11.4027616524 -34.025777224 3.17631310082 -6.61329373297 -12.2677857298 14.933014172
HID
18.6467693699 -2.97611376803 4.0310966706 8.75408610254 -56.2536170761 -16.0332696327 -28.7949920471 14.8762829665 -4.41393212044 15.6565196531 5.14318546527 3.03958200472 -15.1649319486 18.046091268 -3.34777436273 2.51539733473 9.12830551593 -50.29714124 -16.9730996996 -32.7097597904 22.061632479 -9.47161094081 13.608774864 0.0403518931126 16.3878374864 -22.1698601315
HOD
18.7999715673 8.72982742486 -23.5372143573 -33.7017197531 -22.3085313445 30.2395403453 -12.1660722918 -8.36864062073 -3.45193274317 7.93627823791 -28.9901238769 -1.98664566373 -1.6939304281 17.7469697317 1.84374923888 -24.2238867408 -18.0057404213 -29.0805425398 24.6348764968 -16.9639615243 5.51596230665 4.62485366406 3.72807289985 -37.1565070899 -0.0149415963298 9.81415122697
HOED
18.1512750366 10.6010199953 -13.6339371862 -21.1255800691 -27.8034894569 2.94941561685 -38.106627987 13.486141343 6.15767015295 27.6156582847 -25.7242629201 -14.9548550575 8.91533874422 15.4360164456 10.685363773 -2.64536063984 -1.82821823791 -28.6089304234 -2.30066635857 -40.2204263642 -9.8584812259 -10.0266201958 32.9028792747 -10.0188875931 -14.593910278 11.7483782712
HOOD
18.3016550355 11.251739493 -16.2176376742 -13.9766449619 -31.2308139923 1.40993886204 -35.361452175 -8.10819216034 1.23377673305 42.6613543708 -11.1128971607 -13.5434376341 5.08733435794 17.0993739868 6.0187949238 -10.174180278 1.01650470664 -35.8015084864 -10.1634069521 -41.3502314841 5.65581781848 3.53248781939 17.5343239293 -17.554191471 7.18328670729 5.74766593504
HUD
15.8063349342 -1.4614630284 -20.7880137326 -18.9507511823 -16.8239814314 23.9854426635 -17.9654378539 -3.07678346214 4.7679264859 7.19799056648 -25.7048780207 0.847611833588 -2.30032405183 18.1619961332 4.77114457837 -14.8138512234 -8.39148961857 -37.3472145046 4.86862381767 -26.2769806548 9.13512357693 13.4040281099 15.0134451964 -35.1140641126 -5.25422335327 0.397832645679
WHO'D
17.8205594008 9.18638293735 -12.8109735065 13.5174891301 -14.6259354348 -28.2918799798 -46.5003712566 11.0572961248 -31.8689345642 9.65505126649 -10.791608264 5.50376650388 22.9105161902 16.366297663 7.15213456151 -4.81352354268 20.4973330435 -22.7130431173 -18.7676232767 -51.378504964 8.86765945763 -27.5647921488 0.165034705939 -0.804853125321 -7.36326789882 23.8429841196
