BEAN
18.1584154354 -5.42261484054 16.9945937747 16.3428523164 -46.6675124253 -11.2344582658 -14.6213992016 -17.0902250931 -22.8589019713 -7.91747662061 -3.5825399755 -9.89737914001 0.351073717169 16.0306959788 1.85368788175 21.279269041 2.63591886902 -38.2688091293 0.510744070185 -19.3916596774 -27.1219938395 3.0747094845 -11.6182556697 -6.8635942413 -3.57269268233 10.5524884531
BITE
19.3403800901 -6.28456245951 -11.879910103 -1.9624859854 -44.7262942774 -13.1528212455 -13.1329963607 6.97806377248 -8.97399651023 -11.9134066633 -8.84663277539 4.51567089078 -13.9943960934 15.321485257 -6.13505025139 15.4695100354 14.6570198724 -35.9772011464 -10.1242377443 -13.524025862 -14.3628400918 -18.2477824915 7.97560343661 -16.7771330064 0.589998513262 -3.57108312662
BOAT
18.2405022387 7.39385803308 -8.21804086892 -15.3973757235 -44.5737508082 10.4072168962 -15.8865057206 -19.5358518738 -15.3770776221 13.6630548855 8.74723261652 5.1115946174 -0.398149931747 15.1703248654 11.9806379779 -4.08943583113 -11.9564256615 -23.8337096331 5.60273698914 -17.8273198208 -17.7840292976 -17.9064060441 -2.58096049695 5.226037732 -0.961840427234 5.5705380849
BOIL
17.8578080706 18.9840826642 -3.24488178188 -22.3104970577 -49.3655406986 7.00303406577 -7.59726331288 -19.7414904592 -1.91329262276 -6.54997228086 7.73848788369 18.050075713 -4.31591515409 17.0198398566 17.3661933898 -13.9515514984 -7.25900919933 -27.3093003164 -13.4045458225 -32.5534340132 -1.18630923311 8.18797289435 -1.94183986922 -6.51550291036 -0.904749484419 -2.84197440012
BULL
17.3840033515 16.2942024942 -1.13879204439 -23.5348418793 -55.8679056544 0.537842096157 -4.23662148236 -24.7238233087 -5.59887010346 -7.78639897653 -3.47635600877 31.7117387165 -11.557632588 17.8931109805 17.8412598815 -0.966521495076 -16.9908339078 -49.0561562184 6.77202965553 -3.06267521807 -21.2016733419 1.87713627597 -11.2009553076 -0.168912230021 25.4259864784 -6.58182443121
CAB
16.3957403291 -14.7482700938 3.54709866016 -2.34352062802 -31.685584999 -8.82739976202 -3.26115062477 -5.44951364898 -0.0887069252109 -2.34534223752 -3.29143255399 -1.66531342015 -6.81444971831 17.2763319523 7.63728167338 -5.16431384715 -8.04428132172 -38.6392389268 -10.6966867058 -9.91382335363 8.22205506303 0.0265283031498 -24.5954582103 -4.78006025017 -0.797257267665 -14.0320646835
CALM
17.977459715 18.2187105744 -15.4699586271 -36.3866197358 -25.5357788791 12.9590210476 -0.895867587388 -2.00511801317 -14.9271414917 -9.69837072619 14.068999956 -14.2037605701 -1.11953949538 18.4672000497 15.8155252874 -15.5991247101 -35.2877842584 -33.6066344874 7.17758995721 0.796344435017 10.8031862733 -23.7324461289 2.12451601041 -1.69435754297 -3.3442235037 0.711114442086
CAUGHT
15.6472766756 -1.08266071157 -17.1591022037 -21.7262329021 -19.1404987608 9.92331573518 -19.9224766948 -1.82713299579 4.98968612505 1.92551665615 -8.37481295812 -5.84442752525 -13.0560322618 17.8400171019 3.85564146452 -25.8219410659 -15.8504076109 -25.2240761285 14.9122159577 -19.1178158241 -3.86878655796 11.9891331791 -16.6187521603 -11.6336644547 -3.16747240126 -4.53290389147
COAL
17.3660024733 14.4737846804 -4.45579640966 -26.6334221137 -46.6641521006 7.00246635886 -9.59405638283 -6.53554897548 3.1588452161 -16.7379225184 3.70544458034 6.70884481255 -2.75053531739 14.4245964858 16.2500017834 8.64770687945 -16.5032788085 -31.0275473241 -11.7486336223 -7.14901382014 -1.52037535027 0.956006340841 -10.0489112868 -10.8278332622 -7.25110317671 0.508800784255
CODE
18.5630479998 4.1145658553 -17.07364039 -10.570809268 -34.9676681975 5.4101467616 -30.9599693915 -9.93557137421 2.58413196641 20.6833901114 -8.40600365282 -6.55691635977 4.75713006164 15.1835385905 13.7751379638 -1.08382364037 -9.68281758228 -29.995277419 -5.12753264792 -26.786746798 -17.0474429221 -12.6323250935 3.53823017889 0.196917442427 -3.08350898223 2.58150893627
COIN
18.117201602 9.25069596636 -9.45682538497 -23.0417677718 -37.6505501618 7.99034371109 -11.6268431347 -4.83551671021 -10.7768840747 -12.7531178374 5.31880344769 -9.12373979509 -6.24314722921 17.0553137071 1.30641943292 -7.31345761399 -1.09846485527 -32.8528795265 -7.598094799 -20.4565974581 -4.47705998068 0.513405072399 -14.5780398895 -9.93374009282 -7.07260389649 -10.6143217328
CON
15.5683422149 -10.9535740973 -15.8878343929 0.552581845188 -16.5260642206 -6.60403087485 -2.03525902903 1.39263406212 -7.50244019524 -11.5473492767 -8.59123397513 -1.22057870299 -4.20127886303 18.0145772219 7.3068765768 -25.4451120278 -6.07090906885 -23.253896342 -0.834544847704 -22.2210725135 7.42709811523 5.07613241733 -27.8591607147 -8.68196239499 3.48134808609 -7.62782828953
COOL
16.1991325954 -12.1527207721 -13.3352359898 -10.5544634611 10.78289799 -14.4120371265 -34.1645531069 4.29022331938 1.86956664539 8.42422682229 -16.6089468793 4.11320356009 1.92562281094 16.2961708743 -10.7657574285 -15.3044838539 -8.79133707508 11.095073369 -5.99812465303 -34.0445868405 0.423801442126 -2.74735855443 10.3291158794 -21.7419800836 -5.15412910948 -5.8977220066
COT
18.6029525549 -1.06878585791 -30.3133970607 -9.07096352499 -17.3370726127 -8.48112255434 -1.55273315809 3.36515783392 -6.49798108114 -15.5646485283 -16.6570096654 -0.38979221934 4.93491857536 17.1863418473 4.75755004557 -21.5821087 -6.51202568705 -14.8950737111 -3.00707396319 -12.3384332559 0.428321900204 -1.95963667618 -25.0718802597 -10.2165114159 7.89111426259 -6.73636196627
COUGH
15.9491911636 0.0863077984372 -20.0454296345 -20.4497657348 -19.8794717253 16.5346901638 -22.9243737513 -10.5980391831 1.72449331495 5.66625591282 -9.40901271566 -9.42885241666 -10.05845091 17.1381175235 9.44282539262 -21.7463021253 -20.5129970015 -32.2574972021 24.3995943808 -10.1891935348 -18.2003920377 6.96529646783 -14.5615539843 -0.505126231541 -13.6221514445 -8.9200090631
DEATH
15.8813808455 -8.83268017377 -3.9522098547 -5.78376079638 -20.3654278031 -13.2498168972 -7.3649691622 5.23610995792 -5.96971993035 -10.4001617728 4.79912779208 0.436840713736 -13.6445948702 17.9519526819 -1.11814479385 -8.7048269643 -6.03444912053 -18.6518251889 -9.89684458147 -15.0480306661 7.57135492462 5.22640245809 -32.7402927179 -8.2494696922 11.1560016207 -19.1064039421
DIG
18.1234503829 -4.09402012025 6.98176241243 18.9264452339 -45.4936853695 -21.3144501651 -18.9365361257 -5.14202439693 -19.6039451784 -1.72757501432 9.48194377232 1.3204972077 -8.81516015795 17.5807579579 -2.19512816828 6.74418333767 20.8974964364 -45.5328458346 -22.5147086915 -8.30700389611 -16.3709495199 -15.8770116492 0.20970653239 5.72413900337 -3.18186740392 5.40847844613
DIME
17.7902538353 6.6575770428 -20.5200843963 -5.94826882798 -26.4578688503 -3.96684006499 -15.9544634696 13.3388819634 -2.54017264382 -32.0465264216 -3.38751905798 6.23783814843 -14.6792597888 16.4469694572 6.84835086964 -8.14501406092 0.285410585701 -33.5748335165 -8.57789791262 -16.303154461 8.27919445813 -9.29392286243 -23.9058911799 -0.13705179625 -5.55950985785 -21.6073780274
DOCK
19.5566021981 -4.83266636709 -28.3726453506 -7.99855561848 -26.8464217009 0.0157043475482 -15.7630078126 12.299972844 5.0783439061 -26.8212136506 -10.0046606618 12.9582505807 -13.8030774875 15.5178294558 5.25193111961 -19.5617098449 2.29258577517 -10.2658117607 -2.38089866517 -20.6986572074 1.12246717633 -1.7683407469 -36.4216152759 -11.9651816553 2.97840721403 -10.508674509
DOLL
16.9344351792 8.70285247703 -15.9477989599 -15.0150380709 -11.5805640113 6.62751038612 -5.49683567726 -9.13416452494 2.34299324543 -20.0768373269 -8.98583144987 4.76768965877 0.781998134074 18.1373147956 16.5703330211 -18.4371482586 -32.3963801736 -17.4611037586 17.0559232726 -11.1839901054 -13.5045726559 -5.38437991271 -10.8723941693 1.08916026574 -12.4203625329 -2.22594971189
DOUBT
19.1149119606 -0.266634433555 -16.9167873753 1.52507227815 -36.5175187812 -8.0874818323 -8.68538332074 18.5068409841 1.3278438578 -17.7567028853 -2.0208462191 7.49495002764 -18.5710730431 15.7059285986 11.6483136777 -13.8187813336 -12.1934793449 -25.870197893 8.55590917669 -19.4926694915 -16.110531826 8.69642518558 -4.98781770346 -10.9593650686 -4.54858186818 -5.74585751343
DULL
18.6139201922 6.91505454603 -17.8131599271 -12.3826885928 -26.1243052032 -5.83729209709 -19.8152534764 0.822128569357 29.2552684685 5.82625257301 -20.325256561 -0.690641589046 -6.30216107213 18.8276167911 5.59856937477 -20.8278172895 -19.6433999656 -30.5678627055 5.37473815448 -13.6298359337 -8.73050273125 21.2541051459 8.61684713851 -15.4003909633 -5.55572121563 -18.1507453035
FADE
18.8835073438 -13.2196412865 7.46363615295 6.25396323347 -49.9883404628 -22.9185870253 -8.89508735097 -1.407211747 -10.9923066775 10.7771474663 1.34396822347 -2.99410931465 -11.6061912527 16.6488798885 -5.53309737825 18.69381734 14.6381514403 -49.7895228994 -7.97783266753 -14.2604974482 -11.2714697209 -20.694128146 6.29209674179 -3.80840066724 -4.00016470118 -4.79254376602
FAIL
19.4546964982 -13.9984920084 -5.21843331768 4.05436592335 -42.4901353846 -25.3621181804 -7.50857931872 12.9496324602 -2.48416206483 -1.85037645907 8.33280963028 -1.39555182764 -12.9366578852 17.9045419567 -9.86122683315 -1.39609461307 0.520736640362 -40.2329750811 -26.9454663711 -2.75785705434 3.6725890072 -5.40477953112 -6.9160746522 2.6537245023 -4.19305401999 -14.9616595593
FEED
18.3569291768 -11.9185177706 17.1490261102 24.8287713944 -41.6323853418 -1.14996013772 -16.150378402 -14.1715135336 -26.8451585444 -11.462322483 -10.8574426874 -19.6330418343 -3.41497663109 16.0781884172 -6.85950818875 27.7466258926 9.09761506376 -29.264059242 -1.15136570927 -19.2130049537 -15.5570536859 -18.562667547 -12.4573444104 -12.103626438 -7.80177523519 -6.85743370526
FELL
17.8817049048 -1.68292528589 -16.5883177758 -7.67682036694 -31.6440281401 -12.7553835318 -22.9026070248 16.3014174937 17.9844403971 -7.99350391191 -19.0472984872 9.88282469515 -11.5223875163 19.1499402897 -0.773740915855 -23.1407239273 -13.0150884411 -27.4253747809 3.48246642728 -19.0528493022 20.1768117248 19.9456357064 -17.7164028261 -23.6435751237 8.51306402337 -6.39724189392
FIRE
19.1424419859 -0.995252702828 -30.4596938066 -14.1345245943 -23.1533935875 6.60285156481 -18.6986654748 -0.507851639993 15.7207242264 -23.91700941 -14.2669340045 -1.62054832386 -0.175620833482 17.1358748406 0.609529727877 -16.7946226934 11.9996497699 -38.1328763467 -22.4152640049 -7.3992469726 14.8869013453 -20.5190284321 -8.5595872544 2.0699011265 -6.49653992728 -14.0396365282
FOOL
17.0626766125 16.1900546626 8.17959730715 -15.6313326811 -41.3603880591 -8.58451853966 -10.733880576 2.46929702281 -9.42424556603 -13.5946342528 -2.64862314597 -4.11518129307 8.14700283221 17.4385785508 16.7149742837 11.4226194386 -20.8661469447 -51.4927594261 -3.7981259194 -17.8638206609 -4.14882896283 -3.5819380516 -18.7086229629 -10.7388169036 0.106607865838 0.558341193638
FOUL
17.5639751924 2.09313711401 -27.2662494828 -12.7877981862 -25.6859325105 11.0258056717 -15.6790109094 -4.21325102022 11.6384194925 -18.7093655317 -15.9820010484 -8.48347901563 4.19716136681 18.9283212548 6.6282782273 -28.3829455487 -23.2685452484 -22.4314226443 23.9642286287 -14.2054101338 -9.030360419 7.68618750405 -11.7537924733 -5.71338247884 -10.901100811 -5.4207946774
FULL
17.7586346202 13.4806881206 -2.68246130149 -19.2365079177 -48.7072863403 -0.412549035707 -0.823968042917 -10.5547312044 -5.06960280192 -9.23357817354 1.68463011582 15.9609545906 7.40950008141 18.3146932282 8.67381794179 2.6184700487 -20.0603063453 -56.4871610971 -0.525269809994 -1.23947081709 -11.9735615791 -1.9419556454 -10.4713638161 -4.86800386506 16.8816653845 5.44646032929
GAP
18.2955042913 -1.87462522917 2.85301317394 -1.52936059176 -45.4731504789 -9.97243754479 -6.02417266649 1.49279536644 -12.4656599889 -11.6249910554 -0.50645736359 -9.25492217136 -9.70121478083 17.2964895508 1.06176948653 -9.1108103756 6.71006331841 -27.5059661414 -9.38736325198 -5.75858378029 3.20188743633 -7.40093515399 -35.4367077044 1.03640446192 -1.59169707432 -19.9082362342
GUIDE
17.4785340695 8.87690364749 -15.3791300796 -10.4052152836 -29.274160038 -12.8930240399 -5.39038105728 10.1380322042 -9.87084385657 -20.4876511167 -4.17526157762 4.5577586556 -18.9206209025 16.9533148688 -0.159554225795 -2.19849982596 1.9946143395 -41.3945857087 -14.6867877178 -7.48737787752 8.08600173171 -16.5675718299 1.24957008735 -11.1528945823 2.82184343411 -23.5598298638
HEAD
18.4571108803 -5.70580890915 -6.45506073789 1.43853102284 -45.9751367205 -9.50573500583 -7.14946265426 13.7017112395 -13.1871447422 -7.0937272631 -5.86772167779 -0.652809663684 -21.9265661277 20.054807039 -11.9371327785 -8.24830480734 4.00650934044 -46.5438643444 -17.8027300487 -13.945576924 21.3364306422 -13.0947170683 3.10093439257 -4.62817762059 5.69977312501 -31.7243082017
HEAL
16.83780431 -1.56505874446 17.7864558599 13.5245483872 -44.0313791016 -10.3162194855 -17.1850788237 -26.8651670639 -14.9621765598 -15.8633037334 5.60144890561 -25.8001760488 -1.97787885126 18.2930998458 -4.73574069024 1.49674512065 28.3982921148 -45.4086460573 -20.1998743844 -17.365702548 -16.5616075605 -15.2004578857 -6.88133155912 6.06762095687 -7.19099249358 -4.08687560267
HILL
17.3001527096 2.43568252716 0.898030673323 0.733513363455 -45.0213761954 -20.9508995011 -9.68010769417 0.673055039198 -11.2102729395 -4.0317443522 -6.83233848629 5.27556446704 -26.9440794634 18.0638894741 3.80044511476 -8.52370401064 -6.38757916362 -28.9401409272 -30.3307070641 -18.7766214397 17.6807457661 -6.62561870674 -7.35461864958 -5.88988165888 16.426233588 -24.5336870176
HOME
15.1192481625 6.67253864719 -8.62931953298 -25.634454707 -25.8854054866 12.1440883829 -3.5671335464 -9.21152331262 2.36877185142 -18.4110026955 1.79288405471 -7.70084894126 -6.19885272553 16.2956696525 18.817652219 5.24440011138 -10.4396873169 -29.1906257363 -9.03367793712 -11.0266236581 -14.2554002488 2.03685827982 -15.4797863265 -6.37914906296 -10.3716573714 0.0241966737327
KEEP
19.3209298082 -14.969731343 20.8354671695 18.5669424899 -39.592157095 1.25750336285 -23.5480292747 -6.80445696742 -29.507296959 -8.49903945498 -4.32494367774 -16.2868547998 -1.19022770217 16.0205042886 -5.5303670021 15.2591060279 22.109052248 -26.747665028 -8.01434223601 -15.7282062685 -10.7619324384 -22.3114933601 -9.60050616394 -1.56784703932 -10.4990333049 -3.41508192668
LIT
19.0475347159 1.29247597708 -10.4990190992 9.27353811785 -38.3875931139 -22.5995326072 -29.7845408036 8.28299982647 -1.58357909353 -9.95538780384 7.70181946781 20.2909180026 -14.2771109744 16.8679539528 3.92551798701 -0.591877289803 14.0570897094 -35.6329505778 -21.5979437386 -26.1193255694 0.107997549785 -9.82693475215 -13.4615213619 6.54699163015 6.81431026602 -16.6672608801
LOUD
18.7124306719 0.264939474499 -25.5857311542 -19.3599754424 -22.9254837508 13.2166464828 -19.9524714322 9.85972571722 2.543611874 -8.44100216084 -30.1044302631 12.3955510892 -1.96332917267 17.224152367 10.8389208356 -20.606431506 -25.1105147955 -27.0969971452 14.2668375285 -17.4019880429 -4.9728232978 9.80305956281 0.19187766733 -10.3505681176 -11.4136464916 -12.1210386802
LOVE
18.6671377199 11.6971588208 -16.9804809183 -30.3288280556 -27.5379000252 14.3062915449 -25.2110108009 -10.4008181723 22.101926591 -9.33595390184 0.791361708963 -17.9648430491 -13.1068341952 16.0092968719 16.7921258028 -7.18725038411 -22.2445610886 -30.0304237291 3.53282106626 -24.7132487056 -22.9316978872 5.54006190565 -10.2070584618 1.28178462186 -11.07431835 -11.8532904077
LUCK
19.286725975 7.65576024438 -19.0164684918 -31.9136398416 -27.4872897467 11.6832983168 -19.1962259556 -9.7982057932 9.51441670722 0.162162122354 -11.1937829137 -10.6579615812 -6.77275153525 15.7960327655 7.5630884717 -8.20431494753 -10.9504313754 -9.41103586834 3.36415916464 -14.0626995101 -22.0859327714 4.41057158758 -15.4773703029 -17.3293027567 -4.19099567671 -4.19417362622
LULL
18.3147750151 19.6743405189 -2.68144873884 -40.8076511187 -48.9077030042 16.3734139408 -12.9935118753 -11.2612816157 -0.377851126885 -20.5227211911 23.3355408513 -8.45165488795 -13.7863915245 18.155451833 20.0300752967 -3.74637749807 -36.5298384418 -41.2082741629 15.1741822851 -13.0534379228 -2.48159026507 1.35603164395 -15.3902350814 23.9870970568 -7.95741457539 -13.5671027948
LUNG
19.0252411592 12.9223334165 -20.0672743768 -26.2881422429 -21.2377247268 12.8120869756 -14.2006866033 -11.0956337952 10.5645222488 -5.96722287612 5.30778209536 -20.5535592641 -14.6740603929 17.5646165527 15.6772641915 -17.7338909844 -24.611401174 -22.1980070589 17.2177768453 -26.683789828 -9.41264759269 8.58591495757 -8.96939866745 7.0888241328 -24.8155363259 -7.48883504052
MAIN
18.3751552718 -7.24602191533 1.80974789202 6.45641462902 -52.0956830837 -6.50019757459 -8.2305376425 -8.18962337005 -11.5469552387 4.47415654058 -10.1647626405 -8.83244698331 -10.8219084021 15.370149273 3.87060540754 12.0624675338 1.33706573326 -46.1946621849 2.91969536622 -18.0386067294 -20.155457279 -3.66057487296 3.64684611966 -18.3152741998 -4.38062341881 4.23177605458
MATH
18.5917190427 -1.52822967269 -17.1136293848 2.56138522119 -32.8359128784 -12.079972065 -7.3182645615 12.7106244265 -11.744478109 -23.1061021023 4.12936152898 -5.53174084589 -20.5141154689 15.9477568237 4.40147603706 -4.79255207383 -0.479951463808 -21.2227426123 -10.8439879862 -10.6829145291 7.78722530977 -8.4687322686 -31.5727485684 -4.05709794236 3.36163432449 -14.9160946012
MEAL
18.7557798246 -9.68143484777 7.53001040918 19.907546016 -57.8307061438 -6.41435284148 -15.893345911 -16.9596611831 -17.7863390379 4.50531985232 -8.07787356526 -8.24582870413 -4.69321287878 17.7898003183 -2.18700590093 4.61450263367 19.7412247218 -51.5753683942 -18.9065457147 -16.4742687183 -6.58447678088 -19.1862880508 3.80962803415 -0.0960426205568 0.02121746881 -5.44129749476
MILE
17.7377486802 16.7650840321 -23.2850818926 -21.8124372876 -15.2050385503 9.88335355873 -22.6821617267 -2.9847052463 12.0462558991 -20.517606251 -10.3370981657 -6.43147931591 3.39071520665 17.2032362111 11.9197319933 -10.9107347198 -9.42236662393 -32.7701837346 -12.5923764297 -14.345301396 12.4909260439 -8.43357075376 -16.9125234664 -6.54242888271 1.70554316523 -17.8831337008
MILL
17.8199403823 4.93632426681 -7.28460183057 0.917387700381 -30.7181657175 -13.5196229632 -31.0198304131 19.1443875675 -11.8395834271 -8.40423134738 -0.222294521004 15.470128466 -20.9926563414 18.288462095 2.64660184668 -11.7396310838 1.20072076094 -30.4214766886 -12.3289729911 -34.7692861713 16.2767701129 1.47722999126 -11.1849168691 -8.80489932276 16.6254172447 -17.7494000974
MOB
19.1103603545 3.92669945363 -25.3428051616 -15.5921575701 -14.0037931567 17.1700497812 -20.6798721853 -0.929443196015 10.710397328 -16.4921735511 -6.6513755863 -4.95301852271 2.43609819296 16.822705882 9.11232395142 -20.2301557234 -19.8367864746 -18.2787687799 12.3123580362 -23.3750059968 -10.1537410921 9.72610563732 -24.2593871187 -10.4616552708 -5.54679437533 -0.750948523455
PAL
16.5171713719 -7.80461188277 -15.6397180603 0.0253486095733 -28.6018984471 -13.7211103753 -5.66381182175 13.9982569213 0.992020587485 -14.5109734624 -8.46104118443 9.12634461606 -10.4150286669 19.0307192167 -3.20273663185 -31.3368273599 -6.17041247376 -27.8096243013 -6.70033217737 -10.3810903752 16.0377699254 0.983670311328 -16.7508145223 -18.6304837676 11.1954249615 -10.8306421235
PEN
16.1709374629 -4.99094317226 -4.29917185 1.42711614702 -30.7902613599 -13.0591153956 -8.75676759362 10.6487841878 -7.59522074334 -11.6759599229 0.375457324273 3.38455263821 -15.4761736645 18.7844013486 -2.63713496521 -12.0203370541 1.21168831039 -37.0992914329 -16.4578277921 -14.7839321668 15.2932183971 -16.5609447375 -13.7451868331 3.36543072947 -3.69043161719 -25.9112975481
PIN
16.9214634266 -5.09077655966 -5.65132904612 10.3604710206 -39.9387196024 -13.1593764851 -11.2718919273 6.06289520368 -16.8941438262 -0.808628567469 2.17941707682 1.66896502664 -11.2751253358 18.9266526556 -4.91710134811 -8.58780427872 13.101829116 -47.9066574905 -12.6308397494 -18.8127422032 9.50794208542 -21.9416978148 5.25971277781 -2.18410981711 -4.23465492352 -21.9934022559
POKE
16.8047292658 10.4926807647 -16.0063920109 -15.6390975327 -33.7477193449 12.8853622175 -12.5915074114 -14.1591855255 2.81301045398 6.96101020411 3.97669012454 -3.91155825511 -5.30946258067 15.32306885 16.9128639006 2.20116798169 -19.0590270032 -31.7676143355 -3.06390922906 -9.65284381389 -10.3000311176 -18.701460201 -8.39614094714 3.18166112102 4.68264896378 4.92946311343
POOL
16.8605161563 20.4638631465 -1.06219523282 -17.32278012 -43.8291385587 -5.68019160469 -7.72719772751 -22.0760137243 -11.7260416114 -18.8827613158 -5.31292724136 10.8532576949 4.88626004175 17.7356144657 20.6738702348 -1.47556178603 -12.4523442289 -49.3446517834 -5.63709434377 -7.30379723763 -21.8710711996 -10.1025894242 -23.0014373192 -4.03312801388 16.6877855903 11.2440758988
PULL
17.0264602149 19.7715488446 1.19862234744 -23.5264855164 -57.2382049707 12.0784559599 -8.43401292342 -22.6482472452 -14.4229569549 -15.141051276 -3.28090300131 17.4349528572 -5.0935923486 18.0711902767 11.8544714636 2.36299531625 -20.8495359726 -57.1945045147 8.22203231899 -14.9212475442 -15.197860623 -9.43417846449 -13.3291297953 -7.3225880911 23.3938452729 -4.61120731777
RICE
18.2197730179 -1.47662725888 -6.10650614857 7.53807892961 -50.4361646981 -11.9560107643 -11.5354812596 10.2861785193 -16.6071405778 0.587208921974 -5.27236939147 -1.41090303419 -11.5287983427 15.0993290374 3.00116392399 14.0111700606 18.9479212043 -37.4695353994 -10.3346056787 -2.55829232333 -13.5631181407 -15.7726872664 -0.439583321718 -14.0131097886 -9.66940719253 -9.72703603119
RIP
18.7830263802 4.39484041253 -19.6835403374 7.86882677609 -31.6263917809 -30.4025065706 -23.6116204478 12.9686740555 -6.01531242385 -4.58323647607 3.37423212609 7.89226848245 -12.0484075061 15.3899543731 4.5200809065 -4.65511409707 10.1355925695 -25.3053184158 -30.7574604966 -17.9976269436 1.17066090309 -6.97100039899 -12.5700107125 -7.63877572446 2.89333260274 -8.18917722509
SAIL
19.2368201227 -9.60242844101 -8.79614407087 1.94455735722 -38.6906792517 -22.2423608259 -19.4931784822 13.3985738044 -7.83947764184 -6.17647998078 -1.01828757171 10.2866861543 -23.7018831944 17.4867298681 -5.1781113827 -7.17307310685 6.34156617756 -39.9244817061 -16.3875522745 -13.2046799985 9.53826270084 -12.1285483622 -11.5390103908 0.511795473861 6.27851711529 -23.3133749698
SELL
18.7185255181 -2.01454103164 -16.464235139 -10.2800264632 -25.9987998466 -8.20202063179 -24.6062865098 17.5362902052 14.2522401408 -12.1826195133 -16.3918699431 15.1928991714 -13.537788074 18.6802703161 7.98535227044 -28.4543025202 -17.2475107817 -26.788105057 3.38689946484 -21.4369701043 3.35371164397 14.7982496137 -16.3215404643 -17.6740389063 1.60320918829 -8.71301056801
SOUR
17.8265578396 2.40989183093 -24.762685633 -7.92619448201 -22.5142478798 -5.09071406192 -17.0416522414 6.95946134763 6.60404818376 -23.6215319717 -13.6984315934 7.03232060005 -10.0518202224 17.4005915405 18.8450920575 -21.3606294137 -17.7137869699 -34.3717053479 3.48489352288 -4.73939391778 -20.2044034244 -0.769023386638 -4.64538860647 -5.35322633705 -7.48456495809 -9.69883511623
SOUTH
18.2883953171 3.11870362897 -18.9261684078 -10.3544979453 -21.9471886068 -3.95914906514 -17.9681737547 11.4497210948 8.04424748931 -26.8014217751 -19.3029062086 8.78326087138 -14.0996786436 16.8592028853 12.9119855781 -6.03844194869 -21.6107212488 -25.3976863432 13.1986061186 -17.8395971483 -16.2307722861 2.21519477759 -7.54521119096 -2.42253205281 -13.9352554352 -20.2039680157
TAPE
18.0998386312 -3.3537535906 9.93782700181 12.3614227078 -39.602478119 -28.4971967877 -3.7420750028 -19.3821826426 -12.3263107305 4.58778208674 -5.42359624632 -1.98535307282 2.97034275195 17.1067346048 -6.46677158051 12.4896167514 18.1757293444 -37.24361881 -24.8689045301 -16.9789549297 -15.3302639243 -28.7321775693 11.1542016245 -9.6467503661 4.18702725803 3.53762356839
TOOL
16.762269953 19.9488552231 0.26708740207 -14.2246586303 -32.8577418025 -2.97934469884 -17.7804614551 -23.2853777684 -25.2378499379 -1.65785294201 4.47673350513 7.24219864291 4.36939026143 17.3864146598 19.1855171713 0.67624404073 -16.565134511 -44.3196923725 0.397869557415 -14.4564694567 -20.9171281458 -26.9502323353 -18.3776638799 4.62408625195 12.4649385414 15.7093614728
TOWN
19.208205135 -6.56978847149 -24.1414668141 -2.01100494265 -27.999131091 -3.08320554034 -14.1736775022 18.1794494646 -3.03516356051 -24.7895470303 -3.93137750863 3.33757867375 -14.1817278632 16.884393676 10.0562977954 -21.5254830796 -10.3196907683 -23.9618881477 4.75249173108 -19.0736851308 -5.03401098302 7.13892786411 -13.3768059862 -6.93844242392 -10.1410261413 -8.23760681035
TUBE
17.0861889185 10.789716152 -0.980370118461 8.97326160032 -13.3414932008 -30.3026987239 -39.0895251747 10.1713309015 -26.3766099604 4.66503558292 -8.52949590795 2.87926126303 6.76302813055 16.2936748804 16.1662444588 -1.26328119671 -2.96424393321 -14.1431955444 -10.4885056894 -30.6877264208 -16.6972168784 -26.0636178049 6.47363822331 -8.42505834158 -6.42455558356 13.3357797212
VOICE
17.8429126264 12.4177809206 -5.37092713161 -23.439263259 -41.8936635636 4.31144379233 -9.01191367988 -23.4930913495 -2.92759214977 6.92890104156 5.56485916985 18.2728756986 -14.4787281284 17.7387991383 -1.41327629585 -3.39104247114 6.61419863362 -39.9224176308 -19.2363857476 -23.5316747022 2.41655684407 -9.4627651052 12.4010585684 -9.19308247963 3.21945383332 -10.4344600066
VOID
17.6885994378 17.2162719805 -5.92276870592 -20.4416526667 -44.5668422017 5.40259386045 -10.135740907 -20.860001115 4.86284394276 0.673227067883 8.5182838734 12.9893072311 -12.5328000106 16.8601800253 1.04581698502 -4.01231050162 11.4454463356 -44.5573840328 -16.5494759356 -17.5625973383 4.1899312442 -9.32383655385 -0.349208274206 -5.75047776719 9.9775222599 -13.4122716685
WALK
18.1358562969 15.0390010631 -5.34131758483 -33.0301703154 -43.3255759349 14.3747782099 -8.94823174917 -7.25779667527 11.544601512 -27.5978037207 20.8474073168 -15.4744817757 -9.62634908981 17.187233398 13.0781790458 -12.3014075447 -22.57989661 -18.2749921011 25.7319107614 -17.1192661758 -15.505959155 2.98504506422 -27.1117597909 6.15798371349 -21.4214462406 -8.61212261125
WALL
15.9675781662 8.44208099821 -5.65025932002 -26.9184263813 -41.755740205 13.8473581191 -2.18748873923 -1.31925143263 8.28777202057 -26.7681440848 15.8097409528 -6.39535607116 -4.53238430625 16.454236375 21.0538285207 -8.86715158353 -37.8909866551 -35.4481438244 14.5980039805 2.23859842579 0.661459788567 -8.58709883645 -21.1037714465 12.460913754 -10.6825762106 -6.63581431937
WET
20.0228260801 -6.0030541235 -16.6062928305 -1.66245357854 -30.1696324744 -15.0321107096 -12.8823717609 13.9620029988 10.3161067127 -18.5171436881 -8.74301451505 12.0719596172 -20.4084614108 17.3959385311 0.327907170364 -4.06532481969 1.21749281554 -27.8677711357 -24.3107722112 -6.67957729663 3.45622237543 -4.22078690422 -24.9219392789 -0.817229465615 5.85515111231 -30.633429633
WOOL
14.9029687103 25.7476952118 11.1940819134 -19.2540832229 -31.9636745203 -19.9294032045 -10.9329431264 -4.98951717235 -5.7919147042 -13.4483399789 -8.79909835586 -2.46055619445 -1.01121149522 16.6426637175 27.9747615233 7.79609327138 -25.655923664 -35.0645326353 -17.3677387023 -8.06071245591 -6.29894749091 -5.45387016828 -16.1164113565 -7.58931609767 4.38267766253 2.19297599709
WRONG
18.4788656829 16.2630477338 -31.0277129381 -26.9749469212 -18.2419161461 8.28989466505 -12.3841582568 -17.62753357 5.16614316543 -4.48877861491 -6.05641374363 -19.9469700419 -6.22611665339 17.1410320749 14.4176930238 -26.0226143167 -18.8720104527 -23.5443964052 16.2638606892 -18.5856489592 -18.5232837672 8.22163333643 -12.2553879034 -5.6787298381 -17.222619682 -12.8381940799
