HAD
15.3733218409 -9.40733975589 -27.5188048069 -2.37582118677 -20.8276156024 -14.0853227141 8.79298468741 12.6435725039 -16.5710081594 -17.4066064708 -4.67454040347 4.07996368904 0.905068250904 18.7479126045 -4.15896571782 -31.0125841046 -6.97340302683 -30.2435807819 -10.4183793062 -7.72751503938 23.9739500238 -7.00341642134 -11.7418684909 -18.4476996862 9.82856963846 -2.58332089279
HAYED
19.1114780099 -8.88901711245 -9.6388487307 17.3017022824 -57.4824187919 -18.5068249095 -17.7607705615 12.3100521386 -22.8522021181 12.2515278381 9.77437153535 -3.8993721117 0.669549536255 18.1978876053 -10.4149959825 5.01479966616 21.5440423433 -46.3999845647 -15.4925081139 -26.1078939477 -0.401705459541 -34.5239794404 11.5115519487 4.28553533254 -6.96030473732 10.1322744111
HEAD
19.0438010029 -6.88139867351 -20.7180342538 2.29073808157 -42.4990749164 -19.3440509233 -7.18855968265 30.8509798208 -8.67430778269 -4.00207169337 -4.52975022182 3.03231391258 -13.6235501267 19.0859242198 -6.4427227888 -18.2811309287 2.80139026991 -42.3602871682 -23.1691074384 -19.9008848067 30.3855834438 -8.92869254534 -0.561336329433 -2.46960052668 11.2559842627 -17.2184179984
HEED
18.748665081 -9.86612621537 28.0129520043 18.2543134939 -44.6609231034 2.18377236008 -30.7024170087 -3.35056115887 -31.030419551 -1.20729987868 -0.525715155344 -28.395327103 19.1519506464 16.9469190411 -5.91842867612 25.2453304489 20.063911449 -35.4073353781 -2.83540055817 -22.9968334918 -12.5407586691 -21.969298296 -3.49303508286 -2.78144623746 -17.9049532654 6.45411279936
HID
16.9970110317 -10.2418735441 -6.50033816996 14.0274578336 -39.5962154967 -24.2623982986 -15.511286316 10.4098121299 -27.5295453986 2.64701312277 8.92810999529 2.50302750324 -6.22956483446 18.661267599 -5.12509099694 -4.93129719413 18.4579855655 -39.0094103412 -26.7787492465 -28.0093455309 14.0583704928 -25.0172809479 5.48700464915 6.98978833114 14.5888891875 -10.360033504
HOD
18.2020586921 1.54386293669 -24.7150046256 -41.8587716974 -20.9300156758 17.4092751593 -3.81338841313 -0.746319702856 -15.4135882785 0.790381392796 -8.40036772018 -18.2268289659 10.4911405164 18.7599458443 -0.827819812022 -26.6537616229 -23.7775969546 -27.0662821452 13.0687389065 -9.97297247089 8.03097408987 -4.74971009169 8.6619906518 -22.4041364333 -6.56822335008 14.3042970103
HOED
18.0162742207 10.1875867353 -15.4791239763 -18.7032622298 -44.5664394888 6.01119450918 -2.6058941085 -21.3166614861 -1.058368506 11.7219157391 13.1124273185 -7.88729675574 0.925781516418 16.8168254005 15.335309771 -7.08868072488 -11.1579754216 -33.1855547444 -5.16803947474 -10.7674788847 -31.0250360681 -9.1917091455 12.1234799975 14.0906616209 1.11059760184 -2.95016535601
HOOD
18.1177859367 6.23325113413 -11.850812389 -15.0918716161 -41.5343216555 5.44689938729 -18.9053131812 -31.1992441439 -4.01741975557 13.9507786193 16.4952207019 -8.47439372974 4.09902487878 17.0434896165 3.39934901762 -7.35118601092 10.2256770521 -29.2303032551 -15.678491473 -32.94836475 -6.38592222572 3.10346845813 1.81415991031 -1.16042847195 -2.67435945557 11.7714346922
HUD
13.7473028344 -7.34030491363 -17.165458726 -24.4846747602 -16.8415379231 8.3428147485 -8.74919765849 -0.537612078655 -4.31600916415 5.17369259229 -12.0642215398 -1.36242797881 7.73936164715 18.7769107235 4.27986704452 -25.0235808454 -15.9678807717 -30.4654670891 -4.27075567597 -16.6029994955 -0.975996393933 14.0673793657 9.65082945305 -13.0779221789 -4.69797683469 1.13901383822
WHO'D
17.1760933552 10.9378661375 -6.98355071214 -6.868964451 -22.6355033715 -6.31686156572 -18.6232161334 -32.2719490196 -24.2360060649 6.74878922924 18.2995442189 -22.5606437213 12.285542709 16.6101122194 14.8102496818 0.824579390057 -4.04620127937 -13.7115906745 -7.49818853748 -21.4248961785 -29.2641371054 -25.9603563717 -6.37143082213 21.0418437549 -20.4611059426 8.38806899076
