HAD
19.0359090265 -2.62192850266 -31.3895457571 -5.38078726403 -18.1497410374 7.46541219921 -17.3697256179 -6.30796455702 -25.128687026 -8.1977986168 1.19165765779 -16.0863559451 -14.9794451051 19.0779711402 -3.1583916419 -29.2991851926 -7.66083199164 -19.1485142677 12.2805723633 -8.20011138365 -13.5288347471 -20.7379427005 -15.2613981007 6.31668254174 -13.413465614 -20.3143875645
HAYED
18.5846550812 -1.86797101579 -4.19843890525 -6.30602649725 -53.4464805083 1.70674757166 5.27486668723 -14.4793506051 3.4526598424 -12.3354987272 -10.886336005 0.111763044571 -4.78780038507 17.9281519902 -3.39054956562 8.50203791555 -6.80290056873 -49.8743393621 -2.13140467693 -13.7287092419 -18.3063608275 13.0032660911 -5.04808380932 0.837471569497 5.82451128372 -12.3787638528
HEAD
15.6170986297 -22.0403183782 -11.5504917794 -2.34000360059 -28.9386726611 -9.6623729106 13.3620223912 13.4483968559 -6.12402143449 -6.38692996523 15.4520042336 -23.2764166661 -9.92419017526 13.35710712 -22.0443200736 -13.8574039053 -1.10655206201 -13.8913589743 -6.93133254073 4.64438867245 8.73857070525 -13.7311182756 -5.62745640861 18.9080508875 -14.0773574328 -8.18668014671
HEED
17.884467468 -5.43204313873 21.3123269362 -10.6076778205 -48.5929807597 -3.63829536567 -26.426832907 -13.1187109271 3.26545404766 -6.13662172341 -8.22891466998 -1.37187817898 -25.6586011117 17.7376321365 -3.1181670272 20.3085001569 -10.9992635204 -42.7272751668 -5.05815099729 -21.5886866715 -13.9888592352 8.60651197581 -1.27910423099 -0.0922581515948 -0.115356334666 -20.0957181767
HID
18.7541609483 1.15428400256 -9.11415616967 -4.4954963072 -49.7102979378 -6.84226509592 10.7083313708 -8.67919586414 -3.92252281119 -4.11497074891 -13.0184431297 -17.3719760541 0.816162349522 18.7698217162 0.140136576436 -6.67793374192 -6.86620313383 -47.1749102454 -4.68298799654 6.68486443154 -8.30979520146 -3.26491087383 -8.81933292528 -5.87687151037 -19.7631336148 3.64445382841
HOD
19.1286356408 5.32228630303 -36.5286076117 -13.4697103399 1.17348356872 8.78276565891 -25.4346485658 -9.09034983875 -3.96058927547 -11.5851468225 -18.4343868432 7.03944809265 -24.8535475361 18.6948893722 1.95667815929 -29.0448118122 -11.5569869028 -12.8963742589 10.0743824038 -11.3222740012 -10.4103292613 -13.9127864502 -18.4944200867 -2.53597593474 6.43069526212 -27.6491764404
HOED
18.5232608093 7.47953929671 -8.86047688998 -36.6003266014 -21.5533439827 3.24029835944 -8.61742210965 -13.2576337831 7.92815372666 -4.86994750048 -26.4765594531 9.48808963476 -22.5253616011 17.3458208613 5.74557896936 -10.1936427857 -20.1495052213 -18.6768884176 -4.47764647971 -31.6689958226 -6.14433812815 10.1452912338 -4.57442404716 -16.6949916353 6.2191908855 -20.1172950907
HOOD
18.9127140978 5.90812772368 -27.7028152844 -20.373521908 -11.2589304947 -16.2848060862 -19.5911612483 1.52304040262 7.57999157855 -17.673016698 -28.0256403596 7.43791967435 -14.2016066171 18.7126228042 0.582352227527 -13.6377147671 -9.52497993193 -30.3410727067 -23.8480250549 -0.432465481504 12.5793761455 -6.54207782914 -24.3573766839 -0.269920498565 -0.798385562592 -27.791579412
HUD
17.0909196439 -8.90725369386 -31.0443882636 -14.6640751133 -4.85297871426 6.71034925717 -22.82714792 3.872430947 -2.40212726135 -11.0744137115 -9.55418008077 11.6441878851 -14.349296233 19.0195839973 1.71372511025 -24.3820641482 -21.3693823301 -17.0089556913 -10.1068349528 -8.28912733232 5.05393988924 -14.8530999281 -28.5899208244 -4.34797732155 8.03545206587 -19.3264260357
WHO'D
17.8389233126 11.3145840271 -0.429846394711 -28.7493671274 -8.20275050892 -25.1953509687 -30.0132852612 -10.1453020034 23.2733027865 -0.822632884641 -19.2934807507 2.35983372088 -14.0448392747 17.633752591 4.79197983339 -0.144359013526 -10.5400248336 -25.3633918123 -26.3872100315 -26.3691135191 -4.06255634061 12.9883236835 -4.29971499839 -5.16385362419 8.41717565027 -30.8327792539
