BEAN
17.4982909679 -2.66698069941 29.8274047047 -0.658088698516 -38.4780042223 3.99536940474 -38.1789640868 -16.6774387194 -2.12602948809 -11.4160571216 -0.948860597963 4.76906044949 -14.788198186 16.0022392412 0.104776300892 30.8155872705 7.0994921694 -30.5210677211 15.9070382861 -44.3825077055 -8.3277138289 -8.68939872178 -17.1232397183 -6.42499865087 -9.30148582902 -6.36609865954
BITE
18.3268726766 1.33087856577 -27.434851729 -4.60088893123 -17.6222470801 -3.3826509854 -12.3425071345 -3.82795662969 -16.8285149176 -24.2611349092 -1.19996289257 17.630626591 -23.7893251346 18.1859375966 -3.14833089263 0.324787327659 2.66851676359 -45.8448363377 -9.9285663133 -7.7738304428 -21.7971043008 -4.84536527876 -18.9396248081 -3.80555558528 -2.44119665125 -14.7844349878
BOAT
18.4441167507 12.938691584 -11.4524443598 -34.9936443362 -19.2476478039 4.08106913739 -26.440220237 -18.3008516233 15.0528206429 -12.6144499186 -8.6699549166 -6.1178669112 -15.8178792646 14.7429874734 12.5819679309 5.41476715563 -17.7528572132 -13.019965289 -6.17036728611 -19.8214742247 -22.7540813559 -5.89119228038 2.72802271639 -0.467500119609 -8.57639184571 -10.4516306393
BOIL
17.8779956635 18.1246138869 -5.62404264906 -37.7274547343 -29.9824203775 11.5442184737 -13.1153181833 -7.19479411949 -10.6515192323 -1.97098850057 3.42147395651 3.31512739752 -17.1909423215 18.0212532985 4.76605631693 -16.196381776 -21.5077991551 -27.3620291404 -16.0429917208 -12.5720905679 4.60051154874 0.365444231184 -23.8852862371 -13.6736734083 15.2094082074 -21.0302309643
BULL
17.7694569166 5.53415851722 2.21312281147 -33.2656390083 -30.5992330438 3.09972316064 -29.5097708746 0.573157155755 -9.26157544752 -16.0109582062 2.87763508055 -26.3900974728 -6.45676017432 18.4189462324 7.73838117807 4.99820572011 -37.6633533982 -28.3976122426 11.1343315187 -17.0995131802 16.692844306 -12.6037202897 -6.00159781478 2.34783050792 -17.1257183064 -6.01274277528
CAB
18.3658809284 -9.06169098614 -14.0996373063 0.800608839993 -38.9868468531 6.35899972538 4.69756888104 -16.5594226394 -20.8992395656 -12.6862603289 -11.0181530254 1.16390729312 -14.0815548073 17.967329553 2.08314760804 -25.013746907 6.14822996482 -19.1306057806 -11.1858910141 -16.8716963761 -7.34180742415 -22.1925361441 -24.7095258013 -2.65230302931 10.319094151 -27.0100946786
CALM
17.3165174416 5.93649205239 -22.5928325586 -22.2102930289 0.485209071895 22.705141088 -25.4641575547 -18.0095596772 -19.3012868449 -6.1771416342 -3.41743795242 -8.30239903711 -3.67349118844 17.5181569725 13.7137718038 -12.4607288199 -31.887258339 -7.74057907011 23.4422816631 -20.1503169996 -5.70436366969 -58.0462674283 -0.287018615098 -10.2301320938 -3.95279739711 0.612418412072
CAUGHT
17.3584188987 -9.9268843492 -25.2412865335 -9.98027280696 2.3416504513 -0.0738154474489 -9.3237980618 -7.94706479501 -2.56923990211 -13.8888898717 -9.6269566806 2.14449347239 -6.55880956661 18.1768381305 8.95766683144 -29.6258213661 -18.8847354578 -14.9101359144 3.41344686742 -22.5613901429 -15.7229009958 -17.7901167078 -15.8723668488 -18.5584985203 11.2639298203 -12.0958454257
COAL
17.0950663204 6.15966282586 -1.45807644119 -44.098067886 -22.9376757803 15.9962235019 -15.8366916481 -7.77864123513 -13.5913981778 -6.59956452935 -1.54788115938 -6.1318605052 -17.0291446827 16.3917034772 14.2004436582 16.5030648948 -39.2904982519 -31.9872546449 5.09679833997 -18.3679010501 12.6864811936 -26.144807631 -11.5624882609 -3.42946834504 -8.74979591687 -3.21275072757
CODE
17.1330083219 3.91603357716 -13.6890762594 -17.8563929644 -11.1456938562 -8.30246547811 -16.2625180101 -11.6821918268 11.8542316916 -15.975203746 -16.4590949506 1.66803104853 -14.6518984019 16.2096890666 14.7982981504 4.8112839437 -18.8927296136 -14.275563065 -3.38798644168 -29.3020904018 -16.9906279357 1.22725539803 0.666139993509 -2.26095412359 1.08232822323 -22.3944999538
COIN
17.171784419 14.6517480376 0.85285935799 -36.2836267079 -19.2625312557 12.2535806168 -12.3553798176 -0.0191255698007 -30.5881708636 -12.9917370913 -7.61341153809 -10.5260823966 1.86201220994 16.9969155072 -0.84664712821 8.96062423489 -1.04189947498 -27.0212840274 11.8774445648 -15.6824589108 -7.55824246333 -26.272251339 -20.7606012751 -6.30179053758 1.66049111336 -5.46037187239
CON
17.7981690597 3.12967842486 -23.143451056 -18.1553517529 -2.36423686576 12.06819237 -33.475363862 -8.26414686982 -23.5982050943 -11.6413000832 -10.1096484552 -1.46085945582 -2.67736168546 16.4464146616 7.74941978835 -16.4448944986 -4.62591398471 -0.243406126301 11.484230271 -38.2077491787 -2.41279441623 -45.7384681665 -4.1908163317 -8.05869530073 -7.90145485773 8.50276171775
COOL
17.7376015983 18.7257114656 9.2945933353 -33.4709847396 -30.4651633023 -9.84150325922 -24.9875051759 -15.8773438828 -25.5270239889 4.00676631797 5.85068098865 9.16843759986 -26.5621546942 17.9466574953 19.9779933443 11.3594604379 -25.4582194643 -26.7299641581 -6.5663243357 -22.2374272583 -9.89854759653 -18.9725451536 0.624251317005 12.1433923385 11.600996418 -16.8165517221
COT
17.7108145202 -5.24080828472 -23.147680056 -3.20252225977 -5.79521901971 -4.0675570261 -12.6709856393 -6.74061217819 -6.06538445422 -25.679161448 -9.557814022 14.4278629362 -17.9140921806 19.0383224355 8.25986294045 -27.3711603143 -9.00277041201 -11.7735842941 9.56165105588 -18.4647633195 -14.3021161034 -3.7499044918 -13.9207812254 -20.9309087542 15.8807438139 -13.4089110956
COUGH
17.6908141659 6.91635541297 -20.156186513 -18.8835129987 -9.32516102239 17.8411685094 -20.8263250644 -16.6290248671 -4.35136438323 -14.3981514186 -9.38579928368 1.09722230685 -11.2212244852 16.2534231434 -23.4341470565 -21.4050309615 -12.30786 2.09630712071 -2.04585890521 -9.36966969651 4.11626634089 -3.65543552539 -3.93764389487 -1.83420837852 0.150921798366 -3.13640666027
DEATH
17.0460142449 -6.87531627849 -8.17239155925 -8.64710937968 -27.1813182096 -9.06294472318 -2.65976477233 5.00110908892 -21.2692095117 -20.8734242055 6.42307925442 -11.0204328633 -6.10878508972 14.5226472226 -23.2696006705 -13.3335830116 -5.26425735513 -7.88798593778 -6.75052807954 -14.1505259036 3.89647638103 -8.76569050873 -7.23819228002 6.17222941383 -2.92630996872 -5.82194564894
DIG
17.939120225 -1.91157862266 12.7218900275 6.23118830001 -53.9552360739 -17.4126307648 -8.37038998327 -23.0377007403 -2.77940991811 -0.147245364847 -9.00437887245 -0.218266316609 -4.89336232622 16.167532085 -2.45169861515 13.5639068986 13.2458855934 -41.7483283794 -25.3492166752 -3.77753092295 -24.2465346032 -11.3482948888 -1.88459892503 -7.94856712697 -6.69698579719 -7.46321252836
DIME
17.6300010944 2.34368324584 -19.3098514873 2.98921128751 -4.57953725208 4.32489047683 -34.3615250654 1.30675240116 -26.8603511654 -27.022878405 4.22584541577 0.221826901918 -12.4194926656 17.3940482852 -6.46622740643 -1.8527694575 15.7445439328 -29.6046244352 0.372045371428 -18.9114668288 -11.5103469035 -39.1110250903 -17.1922364484 -2.9613545699 0.723380313539 -5.40104176336
DOCK
18.4435630066 4.90923972662 -21.4440839998 -11.4320686825 -19.5981471562 -5.43808176573 -17.131509408 -5.73828762265 -17.9184259715 -22.4325798003 -8.42766246411 9.677823954 -18.7742064997 18.2775493555 7.7377371779 -29.8414112093 -10.3793413951 -5.28069611044 0.200612145331 -18.5303436238 -16.1022776728 -14.4801859679 -6.38401331509 -26.7745727206 9.6418318722 -9.24330870551
DOLL
17.8684448088 0.542253157226 -9.28583820347 -19.7947652834 -14.3089305114 7.50032320459 -18.3330643107 2.95652698273 -3.76863729305 -24.7814706846 -5.60343884968 -2.03812117459 -4.8753591354 17.1788288416 10.3658074763 -4.29387555061 -26.1458701757 -25.4172179133 25.4621942571 -20.417867721 -1.10537140892 -16.9566360832 -14.8557495933 -4.28497547791 -7.42866471358 -0.774676982998
DOUBT
18.5909010832 -2.07220037658 -27.4801940376 9.43058650092 -18.0212026518 4.20209308151 -1.55044358098 -10.8500377006 -33.0360395478 -12.6045253034 -7.38082499427 -3.62857935792 -16.4048594763 15.5063142678 9.54250830214 -7.15743014212 -17.6574568196 -13.098251455 -0.185920108732 -16.3051746961 -17.9855681921 -16.3112021087 -3.40083780084 -5.55723041287 1.05431118609 -14.2187176432
DULL
18.6022620149 0.458024302102 -5.75499668313 -11.9388710946 -39.5896606031 -7.98673850851 -33.7016084355 30.6298667888 -1.60202262693 -20.9649910393 4.27650069892 -2.30116978996 -19.5472255707 18.0086557142 6.51718537251 -16.1102457506 -25.1930307462 -27.3078205163 -1.14855708927 -39.3634064932 11.71320396 -4.0668949003 -27.2470956258 -14.2547000349 2.7129258822 -14.8884488225
FADE
17.5531813349 0.718923019439 5.95076544982 -2.32720408604 -51.8312227806 -6.86527038389 -0.565943214755 -11.6966026139 1.01834098079 -12.2056619319 -9.9092081961 -8.72789403942 -10.7942410469 17.5833433037 -4.85502321856 19.6559675747 8.50836303154 -49.570668141 -6.30436085271 -16.7398725886 -21.1765255225 13.673996592 -18.6289744293 -0.546740671588 0.483517816853 -11.8881246062
FAIL
17.9145518257 -2.34573145367 0.733326548312 -5.13856795456 -52.673808879 -7.9342307239 3.43727467512 -11.8357830969 -5.79254374059 -12.8675330551 -11.1425521017 -13.9248275412 -5.97964182616 17.3816593836 -4.37880620012 1.40986786846 1.15192668088 -59.1705342786 -12.6021415721 -4.28793788055 -17.7535003937 -12.163200937 -19.9947089475 -13.3161325157 -12.4771796671 -13.9872815124
FEED
17.7361814947 -4.78371884072 32.4609637721 2.82386659295 -47.6005163205 1.97955087281 -40.5803524323 -21.8231579242 -2.0387698557 -20.6148509447 3.64694221879 1.22968089589 -19.5664757136 16.0644341696 2.5388849361 33.093829963 7.48482090405 -43.5738734893 5.7064488907 -41.7517202051 -15.5425612684 -4.3781338055 -19.5917577875 -0.707005947134 1.12583975443 -18.8927580927
FELL
17.8510210953 4.39581998751 -12.5833257358 -8.70948093033 -20.3323661205 -5.62697891448 0.258664356154 12.4168475895 -22.1438956035 -35.5854579198 3.93981575615 6.4248401195 -20.4397243727 18.3435693279 3.74118021098 -18.912591904 -14.8418396621 -20.1428821929 -0.866611301887 -22.7589344372 17.449631248 -20.7359750209 -41.3227667234 12.8286645466 12.4244843309 -16.0274071343
FIRE
17.9981214659 5.24084245134 -31.2528017861 -0.868271738777 -7.79346585185 2.6429752652 -16.5546390711 -11.8750960593 -17.2019770044 -21.0545498467 -9.19376202426 13.9092405612 -21.0633147132 17.6100004103 -0.406485249386 -11.1248193789 6.35821578563 -39.4929560313 -16.1181068125 4.48789073331 -3.863793257 -33.4940566755 -3.30444651948 -17.9046034043 -5.43673153111 -11.2337824864
FOOL
16.9924051756 19.9484511752 10.5685995424 -21.9431856297 -23.8845579551 -14.8382130368 -15.8953955954 -2.00839214351 -7.96057965045 -2.47470755164 4.63659682962 2.58743047508 -12.3791090646 17.7153280381 20.2878280986 10.2235965207 -26.1718622194 -25.084375293 -10.624685139 -19.8713508676 -2.11094643417 -19.2613500615 -3.14335775282 4.75173857213 9.29971821173 -2.56960486865
FOUL
18.4307290474 2.48039706654 -29.91715145 6.16504268209 -18.1823413904 -10.334123754 -6.27581613899 -14.8020699937 -30.0290327349 -21.080152207 -8.48068962442 14.2337060927 -24.490613836 17.2026769392 9.39217890562 -18.4433697437 -8.8973843784 -8.57072113529 13.3112555582 -21.4174034386 -18.0502088057 -9.49652891634 -14.6799700426 -12.8966224829 11.0765361016 -13.7397155131
FULL
16.4833994755 -24.0262399366 -20.8064004251 -15.8715600632 -5.92650763333 0.0628640100851 -11.1721100391 5.08589557287 11.2317035218 11.7649969863 -4.11433381815 -7.72641659617 -12.903266045 15.6486875699 -17.921931024 -17.4992157423 -14.380497249 -7.89740356365 -5.09170356185 -15.8822509791 -2.4642560452 3.61537202983 7.12319107811 -7.50848108587 -7.28646009064 -11.4464384843
GAP
18.1692560577 -12.0886758937 -6.71181546877 0.85850836087 -35.6831686183 -1.410591231 0.156839116897 -10.6227489564 -6.95875660648 -7.38692623048 -10.3570687433 0.773202926767 -5.24102177644 18.0942943979 -1.39232704532 -26.2131773921 12.7919481973 -7.51799677645 2.35804410164 -9.9845625754 -13.6971415369 -30.8147402569 -17.1984306734 -4.99729518378 -1.96497876103 -20.9978730344
GUIDE
17.7300536083 -0.139092949018 -25.3929091728 -5.54539341907 -19.4380456263 -3.32637588897 -4.41215729728 -19.69846576 -8.28228122936 -13.1840059415 -5.3631829503 7.81426567002 -17.7166967252 16.9970762842 0.633270123644 -10.9887781023 10.9688312186 -33.2489534761 -3.29390041007 -6.23088541669 -15.4020205954 -18.9374101168 -16.8539677954 -9.15482232555 2.88153780439 -16.5330873073
HEAD
18.7505689744 3.05758607898 -8.71812799254 -8.37133666631 -36.9609869964 0.600264999781 6.61499237353 0.292895060004 -23.0751093827 -21.1681940538 6.71918817045 4.2489983375 -3.07466004549 17.1962901253 1.7788158455 -2.75434914107 -4.18121774666 -35.155086871 -12.2616120547 -3.35084064228 0.610902967098 -24.1416517159 -21.5152791934 0.364070389028 -17.7859309117 -5.91140010998
HEAL
17.1971296479 -2.22896016453 27.7687117895 2.13904590578 -46.2983192629 -0.183717061749 -32.8700899377 -19.8261376405 6.61420421568 -13.4142157352 -2.9079172913 -0.111386868266 -24.1407993798 17.6167317414 2.20947954274 17.8457494524 6.57239359855 -47.2207287506 -13.5258417712 -25.0185091144 -12.5023796701 -3.04815580815 0.91257468685 -1.6274270041 14.5467209326 -18.5891899794
HILL
15.5164363574 -13.0965395717 -9.35156737864 -0.00817351160757 -31.5433599783 1.99325386549 -3.3910861898 2.04364737129 -20.8128354049 -20.1985997364 8.96374011601 -15.3882113919 -1.86291068519 17.8254299653 5.86849626982 -2.82717321149 -18.8331142802 -35.4689801085 -20.4544623015 -16.7116849568 11.5743589501 -21.4170201098 -29.9199124135 1.46548199951 -16.0957865842 -15.492504225
HOME
18.0484309897 12.2118679875 -10.6303406093 -28.7013708299 -9.0124001132 22.1067048191 -19.2901194276 -4.83113351665 -45.9476528117 -1.89636258805 -5.6632964399 -5.46142202032 0.405862392947 16.2223465514 17.7047742337 0.0823641192119 -20.2511087487 -16.9098092973 -1.02266371216 -2.79865592694 -4.40905168892 -39.9457782592 -18.6009903069 -14.6256074448 2.10961780243 5.85959923872
KEEP
18.3338199279 -21.4611270897 14.8134925774 -11.1180331061 -29.8888358463 1.81888761352 -24.4697032252 -5.5909485923 -2.37095162462 -13.9273664571 3.34410118285 -5.47735322261 -4.38554474377 16.5309354607 -7.04226737845 14.9720363035 7.2640618303 -28.7629682382 -4.3101954898 -24.1892091585 -3.89255304489 -11.1940419285 -9.58167727994 4.3389480583 -5.03757355188 -9.51880588236
LIT
19.1284935458 -3.28707455225 -5.85538123513 -7.07505378943 -30.0406544014 -19.3096902157 -5.11058093848 17.4565817977 -32.0178671556 -5.68059765277 8.67540179504 -26.2534121438 -8.36115933562 17.4123568058 5.28582733541 -0.828052234846 -12.0804592672 -35.0040507246 -15.6289734868 -4.7041459344 4.47743370296 -19.6286037762 -4.69403997189 -2.4196652366 -20.7288624275 4.52254418859
LOUD
18.1141323928 1.00154200537 -26.5138365049 6.79921038511 -8.73752262712 -1.7449663975 -21.9462502347 -3.63916796876 -28.1381982187 -24.7744797096 8.8329790902 7.16416545035 -22.8229149672 16.7994150728 6.51198259173 -17.4257513268 -7.96649996963 -9.27241491469 6.24146025431 -37.5884732846 -3.65456814953 -14.5733701315 -25.7780947816 -10.0043335153 3.35122375061 -12.6664935183
LOVE
18.3049265292 7.4209669711 -8.96880047383 -29.5774212311 -14.1697879125 7.99062032628 -31.6294269483 12.9882183508 -13.2283506801 -25.6008625844 -6.40881684831 1.95651317298 3.62126116042 16.7226022166 10.1197252059 -6.77686114523 -20.4698539125 -11.6543779106 3.17239743729 -31.9886296037 12.1705344925 -8.03521980302 -32.2419101942 -11.7256198294 1.11424287211 -5.07361679555
LUCK
18.9421763093 4.61607225038 -19.339291196 -24.5055618722 -12.0505964791 9.68774903855 -27.1889601427 15.1323697098 -8.35047770536 -26.340742675 -13.4038736355 5.18810898103 -0.135340852625 17.8505134847 7.089667848 -19.554314963 -12.8564107376 -16.2286209295 -0.221136259609 -24.7008327563 -3.17998029254 -5.72720539419 -37.7082862605 -7.10045547906 14.2144024154 -20.6779329598
LULL
18.2332728211 15.3658145448 -3.99529231121 -42.0049951765 -22.6869329605 8.21307713302 -22.0953029473 -3.96074636957 -20.4292180531 9.41604094589 -1.71867034389 -10.2433040044 -12.2160780983 18.3309755082 17.1494528139 -5.41485206381 -38.6697388291 -16.4979001418 11.9716759123 -17.9110201252 2.92277742549 -17.1278512962 8.58552904318 -0.686778466988 -10.6904009619 -8.21018543315
LUNG
18.322517395 10.4348616951 -10.9241000439 -41.347889825 -6.91992234337 19.1431117392 -36.4801679801 -1.09475965861 -48.3546698714 3.43976150508 -21.9028077738 -4.50285145152 6.21931353285 17.217296002 7.42574402707 -5.03277023023 -26.9191379941 -4.97119865598 24.2899459252 -34.07818231 -0.508072591336 -57.5152367864 11.0632961599 -19.1827893938 -4.46241363542 12.062456035
MAIN
18.1908718649 -6.30540817208 13.4711713757 -2.31506962051 -44.7444197494 14.5871314745 -7.89777697254 -17.7839109619 -23.8742307764 -19.0934889471 -10.0155581643 11.3906461221 -0.253842481544 17.5590797762 -9.82269186108 23.1214969089 8.40540742126 -46.8359873906 22.8386175951 -23.8086727335 -27.5460089361 -8.72954067743 -26.8505501598 -10.7141384486 6.44380845447 -11.2388231905
MATH
18.4838166952 -10.7185380116 -11.9793272279 13.4233750566 -16.5606525339 6.46069619288 -7.88028132416 -11.1387136879 -43.9677782461 -9.29266537465 -2.36151321161 -6.39846635554 -3.1975421719 17.7854959332 -4.47617917785 -17.1931604577 13.984644733 -13.0789210839 2.98508795271 -22.3952100964 -0.801599816573 -40.6303709639 -15.0847374221 8.65654710111 -11.0380332379 -19.7156256351
MEAL
17.3578681027 -1.98506422334 27.4114792485 -6.96623442909 -45.4357301292 11.2405667852 -34.3786951197 -36.381230458 3.46437521335 -20.1625263422 -13.4983156591 0.48500238071 -20.2923646642 16.8819784847 -1.07707112706 12.5846759577 -5.37842525739 -46.809978161 -8.77237515448 -22.6809517713 -19.181805728 -17.9096519144 -18.2010753284 -9.30198405096 -14.668775446 -15.3798258808
MILE
17.8959884974 6.04030065343 -13.4447314498 -16.000532211 -4.39574448448 20.6941254815 -41.3609360237 11.8193837685 -38.4943441865 -12.075572955 2.00842076058 0.689922834355 -1.03653323469 17.4705437297 -4.34285663771 -12.0275783004 6.03760092606 -25.8022074455 8.62434673397 -24.0378952843 1.26941365469 -40.6427246279 -26.2141488782 13.1352601989 0.15056382727 -12.2422591544
MILL
18.1037207826 -9.20164225281 1.45673766924 -12.3026516434 -35.1484202718 -10.4358010187 -6.79817327845 -3.41079182611 -47.4767132817 -10.3040917286 3.22204016755 -19.4359716434 2.75750252551 17.349900563 -3.37834476508 -1.98703282247 -8.20634426609 -26.1428071856 -14.3213126149 -11.7696911398 20.3686714621 -43.5594529099 -27.737542135 7.85976431887 -7.63922206119 -10.7832815659
MOB
17.9059151117 7.99060080569 -19.0753538379 -20.5815559603 -9.14214965595 18.5414909643 -45.8253610856 3.60815881697 -42.4188858669 -14.7735742988 -0.177721679923 -8.52766018085 7.24900557418 17.0571126889 9.33391289566 -13.1850123057 -21.4446100809 -5.0591919696 21.0106523374 -38.7871190935 -2.28569593205 -36.7700053056 -7.47566953584 -2.8743772921 -15.6518767022 2.1872908745
PAL
18.290546337 -7.74981752372 -25.3842142532 3.1398913046 -19.3542096956 0.0493374834689 8.4932230938 -7.3152295792 -20.8685355066 -11.2251895217 6.75407294572 0.38545777238 -20.1239231405 17.7286969291 4.36344252043 -25.6956113951 1.42214826862 -4.94640518108 3.94269534115 -22.3705103966 -14.3421635015 -8.47325947961 -24.9407762934 -8.42830234816 11.8692323416 -25.0804262195
PEN
17.3909066919 -13.0970429223 -2.16067421254 -0.62565652301 -36.7098712845 4.22541379009 -2.17672611286 -1.44305411778 -20.7675380485 -1.30852705566 -2.64257708442 -16.1880040681 3.35575202795 18.0025956439 -6.59761355679 8.25935998554 10.2766926542 -29.1220757173 -6.46216633174 2.31969335957 3.62060244128 -52.7578290225 -7.49706112896 -5.75309870031 -11.546192909 13.2494332085
PIN
17.2707291204 -10.5750026433 -1.08041012944 0.0803173638724 -36.5359879564 2.10200692096 0.777693326722 3.90137043328 -17.7290407721 -4.51149544031 -5.87039563753 -11.8547717772 7.31836699583 17.5343702729 -4.13196605509 8.272456899 0.606593110464 -27.9149387583 -2.37441432465 -1.97476609576 0.808640097953 -44.0994905882 -13.17259408 -5.86267241335 -8.15743966399 10.2380735533
POKE
16.8643942681 -5.42004145155 -15.2880375829 -30.3115910882 -6.72377156924 16.3331800176 -25.5936868427 0.333107499993 1.39738079244 -14.553742127 -0.571499999949 -6.53963463153 -9.21480395649 16.8929838459 13.5936302643 4.25253729999 -29.2774634353 -17.6269457187 0.270323932597 -17.2048374587 -12.8914692273 -16.3101270905 -4.2809703439 -1.58434656345 -3.25478095946 -15.1883711326
POOL
14.5754837352 -3.99242248647 -20.4393341958 -12.0120768274 -6.40094050578 -8.04743776007 -17.2322379896 -9.52087959582 4.57760313302 7.64783566935 -0.766847997574 -14.1083679165 -18.503787535 17.0337347099 14.6382136607 10.3269730373 -28.5575495785 -20.7249731706 -3.34257836485 -21.8292019483 -14.5720726149 -14.2119720894 1.52086216525 5.27737572178 2.15029071919 -27.5881445444
PULL
15.6826719552 -11.5727173865 -24.5147243839 -14.1153548343 -3.57010598172 3.43779879815 -12.7393909023 3.61703950733 -7.88785522343 9.27045914224 0.129223225012 -6.69849559968 -13.2781918172 15.3615287031 -9.82155746753 -23.1239524454 -16.307902411 -5.57340307432 4.16515806961 -13.0133500979 -1.04010268215 -10.0394268966 1.82330545437 -5.65638011688 -8.14093221635 -7.39631275488
RICE
17.8228087393 2.83001645097 -22.9163162112 8.43931023358 -17.305461668 -10.1152931166 -9.47331433162 -7.47122001722 -32.9320275317 -14.8531966495 1.6979100708 6.67107620856 -16.9708275924 17.2363120349 -0.158699756122 13.1738148183 3.66724346276 -46.2222928029 -15.0292723023 -4.87456724584 -23.0234304525 -0.890871489143 -14.1552646109 -9.9559112957 -3.90632498523 -12.665762546
RIP
18.8467798633 -1.48119849628 -8.09037177148 7.16890610487 -40.4785560511 -26.3191583322 0.749130747113 3.23093701 -16.0540279198 -12.2175057266 -8.42811872063 0.961393764833 -16.4060078082 17.7095867782 10.4316536702 -8.22017122949 -9.87833536706 -29.3018391519 -21.1175477968 -10.7854781653 0.622820788492 -8.68070840028 -18.4492893215 -8.12427528081 1.75966932307 -26.1565596444
SAIL
18.274237552 0.942796711482 2.77958726806 -11.4975886209 -53.2852783655 -14.7970371713 5.30984305369 -8.43144523703 -6.05097448684 -12.322500665 -5.90669238847 -15.382395084 -9.14044785688 17.4154231121 -0.976887521484 4.26192798475 -1.88570043005 -54.4904152275 -17.3218346846 0.951037490831 -7.78922054568 -2.02357799105 -15.6853545944 -11.0132213432 -8.38334834969 -14.4362934558
SELL
18.3832243025 2.95381194386 -6.68285511979 -9.53492704658 -34.9296658092 -4.53164073746 -6.95908004461 10.5543410259 -29.3190810941 -20.6641972946 9.82957180378 -13.5723341015 -11.1398382687 17.6899614187 1.39768942768 -13.7344578163 0.385456117456 -20.4492102989 -5.08857503169 -11.6763774135 11.2090101967 -29.2321601272 -35.7061751191 10.6076554883 8.45052236397 -8.57333305014
SOUR
17.8348625591 -0.239563993071 -24.1117667945 -1.60955631171 -6.89470511169 -3.31066814007 -11.0735324228 -7.21658439069 -30.1424793238 -21.3967145369 -0.724936196109 -2.03059660962 -19.4591501749 17.7683322318 16.7481012942 -22.3207961838 -31.7552121562 -18.338757299 7.18824080945 -11.1771276432 -16.9589685155 -25.3917824008 4.5509894605 -19.0041846776 -12.6540816068 -4.31548228509
SOUTH
18.2220848379 3.37208068628 -28.3774425462 6.57413721186 -9.26358222686 -8.16905692358 -4.71280926832 -14.8130837629 -19.6878342633 -22.2181453924 -6.52364572558 -0.798651566963 -24.9425044535 16.9346378823 15.0058997982 -8.0367731804 -23.0391843411 -16.7487431407 9.02778273135 -22.5303130796 -4.99821196073 -18.2908733803 -10.6684310556 -4.72780400327 -10.1278575187 -12.5057147949
TAPE
17.9874420581 -9.115207361 0.224900582584 0.144567975015 -50.907192838 4.4218335235 -0.0547847653117 -12.5537976611 5.17930842639 -15.349680527 -8.03839211224 -2.48008830957 -8.61219206412 18.0905629151 0.109920473755 12.7970125721 -2.35817470929 -50.8405633813 -9.41805414998 -12.958180215 -25.1398064605 10.4763558018 -13.6767138452 -1.07227369349 -2.53800318343 -16.2466999767
TOOL
15.2440536856 -10.0172213493 -15.6701636653 -6.36276269978 -7.09982026117 -11.7282308075 -17.2599356248 7.67374259526 -7.9016720847 -2.21837905325 -6.67922163017 -1.89673564286 -11.7475256903 16.9102264989 17.0747581775 10.9642825411 -21.3782923589 -21.8654083328 -9.03692884946 -27.4715662505 -16.9376957723 -16.3393533333 4.09908569962 5.10210933982 7.4059431432 -17.6706304065
TOWN
18.0199671328 -12.5592377798 -14.4671327445 7.11677991425 -26.4902377117 5.43640747322 -0.686743358818 -6.59902867528 -31.5778176757 -7.98529829553 1.81441290442 -9.05167465148 -8.44307431225 16.7331692341 4.33991628025 -9.26040599727 -7.74880303101 -8.40845889263 14.4073847806 -25.1501934771 -1.69331583805 -47.4000728612 -17.9191288641 -4.0083030494 -6.74086685792 1.41308938584
TUBE
17.7186541071 -0.698453350298 11.7277942305 4.65105790938 -39.2518177813 -33.3882082811 -22.2330376756 -10.6570136977 -18.7354628618 -0.692206175432 12.3988317946 2.93842274679 -20.4180644832 16.3772171504 6.52471951542 4.85863900855 2.02340835049 -20.795221987 -29.207851281 -43.0839677499 -5.95009862274 -7.62839317555 -15.7073933079 1.2262147386 18.0828458492 -23.1642429104
VOICE
17.5855373289 14.4114995175 -0.755595311171 -46.6570478222 -29.5048679033 7.21892223384 -21.1980750774 -11.1418823711 -9.40970305505 -3.65376718737 -1.39910389562 -6.95837223693 -20.3554866873 17.3798325056 -0.269374602197 7.60821719861 -7.81098521398 -39.5688800976 -16.7691774017 -10.9359852281 -16.7719360405 7.773708662 -15.5888358328 -9.68002733904 -2.05009661576 -19.0140455219
VOID
17.4684930421 19.1353760615 4.51957995847 -40.8231985708 -33.6560587802 6.97542973629 -14.6712645232 -2.64835453214 -18.6839487606 -5.49216691881 1.95957207511 7.50685496139 -13.8844569298 17.2640528883 1.75454207233 6.86962605071 -7.78942982067 -36.6481931558 -19.6377323289 -12.3196451239 -8.81623888309 0.939640605256 -5.57856647878 -11.3010304497 2.36624362011 -20.4653302572
WALK
18.4475228435 10.5173517715 -4.05467810111 -37.8748576403 -26.160114531 16.1262590223 -10.6334686705 7.82015823147 -23.0128566052 -16.8145192822 0.585875003248 -4.325511128 0.330305947062 16.9587570257 10.1233835943 -9.62712495866 -31.9487627918 -9.36912311674 24.2519620328 -18.5899258275 -15.2328557198 -11.5625087805 -16.4775006494 -0.730452423317 -16.3089424234 -11.2974555876
WALL
18.1889374047 14.0466740862 -11.964868653 -38.7915870648 -29.2617650082 27.7345648057 -18.6207585275 -8.79140141292 -14.4157685248 -17.59394137 8.06815149571 -9.77782476277 -4.24726096667 17.2609468026 16.0694634425 -6.57199252331 -36.4622895026 -26.60549795 32.7072105201 -16.8423300344 -3.59277844174 -23.8404622463 -12.0027192383 3.21360139995 -9.57669628446 -7.13104964744
WET
18.7760400504 0.842144734869 -12.4585040475 -4.37380844882 -42.0892745063 -10.0639343468 4.74237811251 3.53645353836 -30.9745434558 -23.452100264 6.36637191554 -11.0743389979 -9.95222485643 17.6558142937 2.79919296135 -4.24376586187 -5.51500090507 -40.145678233 -11.8419720199 -0.749022535421 1.41917760959 -24.63685033 -21.9258984065 8.33703010735 -22.0038815651 -8.14541733942
WOOL
17.516318273 17.0670334353 5.26777744622 -18.6343471032 -30.568524992 -5.89771645977 -27.5011669585 1.85197124992 -14.5523399388 -3.25635871847 13.2691232032 -4.56417450683 6.30394650425 17.1869927486 18.1485084277 7.18364573327 -22.3421462891 -27.163035988 3.89975783128 -20.4256446185 0.70693863533 -16.2579196605 -8.03082105408 15.9196262153 -0.615713955975 9.31832147342
WRONG
17.504947792 3.72125476435 -12.5159852135 -14.6215277826 -10.8731945974 25.7740835053 -27.9297394101 -12.7059005263 -27.2483137896 -9.83725800947 2.91931949601 -7.32122495049 -2.3574485838 16.9641003001 8.2654439168 -9.93408570634 -14.1585886957 -2.12558711031 23.897814978 -27.7857928196 -6.47635970754 -37.961573888 -2.74986838011 3.62351608621 -11.4661851107 6.13757232812
