HAD
17.164850345 -9.16604575583 -22.7587986704 5.70318262777 -44.3575793873 -4.49539676024 -1.50902857266 28.8564032403 -12.2431944156 -12.0578887833 -2.79656530058 -7.3590221594 -8.85614565373 18.3369517935 -6.30437278932 -17.3794329149 -4.37187375702 -39.6788675883 -7.49056167232 -6.08564423595 35.6910832877 -11.0257688924 -15.9617051361 -12.6479372591 -3.65127653955 0.162988891529
HAYED
15.9186461912 -14.6501624193 -6.93870751227 10.5541529839 -52.3978130103 -8.00576636237 -8.5894040592 11.1101218531 -20.7764283222 -1.98293689513 -2.38524301648 -5.87769723589 -9.18608435794 20.086260346 -17.0455853887 5.87960135759 24.9816583028 -60.9024869537 -8.17526646815 -30.7394316425 5.59144377431 -38.0729229662 23.960745752 -1.76746353466 1.73324500492 5.34258199436
HEAD
18.3430747346 -7.26154950873 -24.0243844582 1.0438891573 -47.3629116719 -0.888828244065 -21.4842893192 36.3485360109 -1.06891496518 -11.6991989774 -16.3230168267 -0.0096056616153 -7.26472556033 18.9102071933 -2.05600728316 -15.9993939722 -0.891759680389 -44.9602814097 -5.37016297027 -20.2432153996 37.0662125953 -2.85755598065 -7.85775352131 -10.3435872523 -1.52351653275 -9.37739923355
HEED
19.7204714309 -17.9912491877 28.3536119817 21.9829424094 -45.6963074561 9.58890894958 -44.2703788393 11.2475279567 -51.8942724198 5.29241629025 -6.56000468169 -17.9999086483 5.09317845822 18.3156333209 -12.8818006823 22.7261728651 17.9795109159 -34.1857328035 -0.714512421204 -32.2974117757 2.20353147871 -40.8122408619 1.08852535307 -11.0398862746 -14.4165985551 3.73497375424
HID
13.6079369788 -16.3873808655 1.64652533342 8.20929258034 -45.3225994891 -9.3668071518 -17.102152499 16.1560943631 -23.4265007886 6.90236106332 2.76255988697 6.37122975249 -11.092732296 19.0591733121 -10.7115245815 6.70316181705 11.8729913825 -47.738628546 -10.6720678741 -38.2187471473 18.769498932 -21.4943476377 9.38605822167 3.08604005551 17.5838884081 -10.7957339716
HOD
17.753786591 -0.524575221659 -39.0768947249 -14.2408818774 -23.1010486805 30.1931179949 -11.9751003076 -0.334969384317 -10.5248730846 -3.15925408861 -18.0179165604 -4.30735784034 15.4398517636 18.9516952644 0.333966740674 -38.9491868814 -12.899920116 -29.8760170595 32.3894329332 -14.8880085676 5.15601007354 -4.2178783499 -8.02778753305 -17.1467586094 -8.21983081146 20.144348999
HOED
15.3148149369 2.48423080026 -21.6253193647 -15.6990122904 -30.2652614013 9.66597229246 -14.1580648324 -1.81447575943 -11.3471545208 21.0243113675 1.59313767044 -20.0774214365 1.05109924291 17.376312614 6.88407029692 -11.8882552184 -4.36903212935 -44.5233971319 6.51780358857 -30.1505890935 -6.78394513121 -26.3583378842 15.7985388152 20.8573970293 -3.22735488199 4.0579217986
HOOD
17.9200639579 0.154487725671 -10.8746669007 -2.18664496986 -37.3995666894 11.4287490548 -39.4846995972 -5.18025697122 -26.0369168084 40.3592262923 5.45793817969 -14.9689240179 2.31497247301 18.583645079 -5.72000347455 -10.6102732487 3.99430674449 -32.3679107444 -0.497641319614 -41.217342135 6.65068292072 -6.57456629834 21.2511251173 0.482506353685 -8.05388305792 9.70184357231
HUD
16.7135944143 1.38195315758 -23.3337060628 -15.276233827 -31.2973713679 17.687261008 -21.2537268809 11.099571895 5.87897334276 20.2252798471 -27.9897331364 -16.4979043434 6.27561747013 18.1823507994 -2.39413170196 -17.7973780059 -2.46056436654 -44.6957591059 6.25115518074 -31.8143135301 14.2737688567 12.1460751929 12.1197446472 -21.1463640959 -13.5723219145 3.43104827047
WHO'D
17.1889355322 8.33381344778 -4.82766677177 -0.336109607047 -38.2092806681 13.948889047 -37.8789431272 -7.56980498779 -48.8265247079 5.10346477083 23.6718337234 -9.83419033251 6.55519798501 17.3964400183 2.99825461683 -7.98968742323 9.23528052093 -33.5765083589 14.2525673882 -33.795758838 -12.587671959 -40.9469674048 -5.01954421621 21.4375901512 -13.1952222893 6.58505653519
