HAD
19.616993918 -7.03900829199 -40.9206927323 -7.4732723953 -16.646995241 5.14073348866 -12.4726176443 -15.3250960944 -20.4097328977 -6.79092084201 13.5964487719 0.687575307275 -16.6500841252 17.4268520739 -1.52078504779 -26.9006027188 -4.49379833831 -19.044344982 7.31761307554 -7.20506663118 -0.514033897365 -23.3624630552 -6.47142700371 13.3878816676 -4.56445632938 -8.43386974888
HAYED
19.3260766268 -8.88382679019 -1.80012343544 -7.08207203616 -53.9225499192 2.13720409828 -11.6233606309 -5.02294639383 9.51942127002 0.496368418624 -6.68164314104 4.74606046268 -12.4370075233 17.471200801 -6.57905974294 11.2403063993 -6.03104777439 -58.3446430876 1.46590645078 -23.4414799918 -9.92899950712 9.60595064899 0.106568838336 1.45595494622 11.2281417533 -15.0247862625
HEAD
19.2716924741 -3.42130961444 -17.5676582725 -13.3140993245 -34.77731922 8.24711886927 3.7286040394 3.6114054461 -25.7090816296 -3.82419411679 -0.573886002876 -4.49034252399 5.26277360415 18.14512166 -3.88201221037 -9.90981383671 -10.0629132534 -44.2232840138 -3.37879696108 8.07303020036 2.30228042407 -15.1118242388 -0.718147048344 -2.22417948888 -7.80069763537 5.4035642113
HEED
18.1177446245 -5.28684482508 29.7338789592 -10.7674798517 -43.1821128375 1.11921180814 -33.7049079547 -2.14299347747 -5.57501780527 -7.64265717412 -9.82953280789 -1.33852902098 -23.7171321648 16.6663819409 -2.26811097772 27.3506979531 -8.46132411916 -49.6407612687 -9.41863205377 -45.7587835674 -19.3281442313 -4.6339363123 -9.1744925651 3.21455834971 6.45059444116 -11.3956359152
HID
18.5977284229 -4.36085719581 1.56731913676 -12.7701925938 -52.4924341717 -2.58451368926 -7.13593211788 -1.12815509922 -7.13919749381 1.74989549209 -16.3223941222 -3.58624855829 -1.43804042291 18.0643331854 -2.64701099424 1.73771221576 -10.175623893 -55.917771447 -11.9769509037 -2.01193154261 4.5900936793 0.577506594897 7.33936743517 -12.9970247081 -12.2888507194 -3.6938281146
HOD
19.5380844587 9.5038323966 -27.0621217036 -33.3097151516 -0.295816512966 31.8293868043 -19.7270165474 -14.301044026 -5.08828340867 3.11736338484 8.48340475372 -9.54876734076 -6.75022328342 17.6331955874 6.48840064549 -21.9875237771 -35.1084596719 -1.32030775558 19.782618699 -28.5280758082 1.75367455448 -11.271706965 -5.3531470284 3.94897732792 -4.65953428511 7.05258474505
HOED
18.6930335609 6.48445209393 -17.2019183771 -28.9870480464 -20.7428153105 2.41606238791 -17.7904870453 4.353667101 8.6937485493 -4.3301110241 -29.8008270245 9.95728119617 -9.90388322938 16.6881936945 10.10718856 -9.29822870888 -20.8149327921 -21.6982469163 -11.2486146488 -26.0582173547 -0.53432516092 14.8628963012 6.88646685272 -22.8482928413 7.24147308524 -7.77609166102
HOOD
18.6054087387 3.35052279633 -16.349344648 -22.7416428739 -18.8958693657 -9.02082321504 -24.2475791519 21.1104176908 5.31864179247 -17.8773492529 -21.3694421963 19.7968708815 -18.1254747936 17.7404376219 2.04549957465 -8.64609218153 -8.46268218707 -33.8589326453 -23.3183456366 -9.73009089279 21.5299944951 3.38680385219 -5.56589050423 -8.5887165959 4.81583931539 -25.012859285
HUD
16.672448225 -14.3532883336 -23.5396346721 -23.9452105997 -6.12766888398 16.6400309435 -23.0808546587 13.5712055619 -2.93177839423 -18.7454346883 -6.01141614581 2.1506718331 -5.16654685964 17.7365628706 1.59948165694 -15.0112702672 -16.9405582029 -24.2664764565 -9.63518426317 -18.9992217244 20.3306364011 -9.94336909734 -14.8893186303 -0.824538037779 3.23913571008 -15.4375890079
WHO'D
17.9063525908 15.3247862728 -1.74631490633 -22.6632200332 -18.9966569427 -10.4281474862 -33.5151591524 -8.82324526457 11.7904918762 17.2677567114 -18.6540763151 4.44627298171 -29.1362149255 16.9131801469 12.8158098776 -3.46310703963 -4.63662801965 -26.7077869379 -22.7180986018 -49.6570526295 -9.05867739366 11.0051265915 13.4121232222 -11.9657431852 19.5325654116 -8.67214896831
