HAD
13.7659641585 -15.0608008161 -16.25802488 -0.569159557382 -21.7934604714 -12.2276374766 6.44602199391 12.1603883074 -8.42295900762 -5.44058173455 -9.65444040758 3.59532163323 -7.51027292546 18.8551832657 -0.659120211245 -27.6403143977 2.2636132286 -37.7794686895 -10.8453921668 -9.4662542711 25.1930967773 -4.81759872555 -3.31024605683 -19.7928621764 10.3325648292 -10.3475826578
HAYED
17.2265597686 -7.56930048008 -11.5443492114 12.7802669058 -43.6772775903 -27.295813609 -1.18542629768 4.5651035843 -18.3675888654 9.09299845909 -7.579442098 8.01872995088 -4.5230996794 17.5135741438 1.87898776069 -6.10212623124 28.6348369347 -51.5283979526 -28.5027247708 -11.8592716886 -15.4059700574 -17.4339470307 13.8158990308 -1.83659068248 4.35367718602 5.22711579553
HEAD
14.9753908211 -6.89866118875 -22.0379288816 10.3963423823 -32.4664407592 -24.0489754375 -2.34095973938 11.4357331461 -3.64099001988 -4.64266291124 -11.2633954725 7.66898254494 -8.23529691535 18.8498783772 -3.44866169181 -26.0348733057 10.6499396199 -47.9299659779 -18.6419532183 -25.1276896547 17.6959651135 0.293668636479 -0.850441445901 -14.8657296586 14.3305840245 -16.4096949142
HEED
18.1350666567 -4.6827726268 12.350006201 33.1227855081 -51.0431549295 -6.66514293606 -18.5552430561 -28.0742892576 -16.5134208488 -7.40413242977 -4.87828564245 -5.04204275239 9.63827034876 17.2118581969 -4.64925397122 12.5705220223 31.5620475464 -44.4363076632 -13.129653745 -10.8651447133 -26.5656921013 -15.78596239 -3.32709489195 -8.26338068952 -3.48093653749 5.67723469373
HID
17.7774160357 -3.0981626753 -8.63881449324 21.6224037548 -49.3123084883 -23.3594753878 -8.1148173721 -2.11104451291 -7.99387512897 10.4560599333 3.59875785603 2.82797520271 -5.52675047248 19.4004505292 -7.35512410316 -10.0444785556 19.1346361663 -46.6541634163 -22.7822488303 -18.5522214315 8.4559253887 -6.20643332695 3.37072440774 6.72642102174 11.6979802956 -14.330512465
HOD
18.764851276 6.66462590309 -30.1781621466 -25.1851385221 -33.2196609792 19.1804068815 -19.5190027408 2.14311926893 -6.24054879292 19.8753712121 -20.0487335902 -21.8335816303 8.74035187987 18.705337527 8.14969569672 -30.2595493777 -22.0951971614 -39.4177944175 20.8464200404 -14.1918686907 -6.5234208339 5.11823105113 14.3228296671 -8.25540209092 -23.305520872 5.00407730773
HOED
15.9781820771 3.65071762661 -17.8207380283 -14.6578803 -28.0185678562 -2.0278586106 -18.8716072183 -11.8139718288 2.49558784594 16.8340014972 -6.26749317938 -9.17093739224 11.4663345311 16.6695693277 14.3246740604 -11.160790474 -8.44211807225 -29.4942290983 3.89747877441 -31.8360580208 -22.9789033204 -17.4281106755 18.1525392957 11.030073039 -6.69989833355 7.30600444257
HOOD
18.7243264415 7.12252818095 -29.4962574197 -4.78402399801 -35.9254954887 -0.403460232986 -32.9361312996 -4.11066775469 9.12702960058 27.9437042381 -16.8473707034 -16.9529297779 15.0284221884 18.2580363135 2.89829873056 -23.043095459 6.20483141746 -40.2593716106 -5.38571885827 -42.7211060731 7.38432023754 11.3634580336 9.76650078899 -9.14028828834 -4.90113113792 14.4393203271
HUD
14.2670130692 -9.3151098102 -20.9072317567 -20.7001917064 -14.022164768 -0.0246272307892 -7.35175764938 8.34887269768 14.9116884861 -3.42550641264 -24.0172393098 3.26431475992 13.8879360261 18.8605906268 -0.22667541466 -25.4888399976 -2.86679470459 -35.1186711357 4.46141524867 -29.1966258865 5.80703715128 17.9620356811 11.629485227 -20.2233395852 -8.78187696416 10.4785378173
WHO'D
17.1307700065 17.42769816 -3.65564750259 -5.02825499804 -22.6236680506 15.3712162404 -37.7396839581 -38.0937659357 -24.2585975073 4.52978180886 8.01055106789 -8.46075706972 1.51961376896 15.8850993802 14.4922831361 -5.59481548338 -0.719512783156 -21.0665209124 5.97211128851 -36.9916219642 -26.5736733609 -25.051846675 10.9612296846 8.05754299879 -21.5082388165 11.2421509829
