BEAN
18.2757017118 -13.4089169516 5.49839299941 28.528959295 -49.0316647814 -9.55852706787 -25.1540183674 -11.7311003215 -33.3526628801 7.54693631037 -11.5187442047 -2.56651226891 4.06589290583 17.9080908398 -4.15612984496 12.9505108216 21.6467900845 -48.9971572964 -10.1992675111 -27.1083650419 -7.98727019845 -38.0102192842 7.03578763587 -3.59173988636 -7.58322184348 14.1218314875
BITE
18.7400307509 6.0442918938 -20.1386685628 -3.98079725373 -32.732964858 -11.1031739269 -18.8700867016 6.68910827552 19.6793050346 2.31540167385 -14.5304591215 1.36335701368 -7.55247555787 14.3801409099 2.54449618902 13.4244390891 12.6775890468 -32.1488423066 -26.0244317104 -17.6841549291 -12.4271924872 -16.8285502696 -0.0614723170286 -0.112176028859 -0.94119162257 -3.96486724085
BOAT
18.6063249234 1.80462743919 -13.376207718 -18.8891297312 -36.5853117818 13.8929060268 -42.1884583965 -5.83650762988 18.5686830234 31.5419548093 -22.1723627491 -4.87072832945 -10.5729279468 14.5962510742 8.15478903264 -3.41710989199 -15.8231771943 -29.9746866377 0.00103934826194 -36.6659903282 -18.7743735645 10.1503501052 22.3714453385 6.74147925479 -2.16869517933 -6.64028832544
BOIL
17.126597669 13.6128798053 -7.49098687923 -25.0156160336 -36.0243705625 9.17396078585 -9.2205140697 -19.2818276327 -2.33020345522 5.50666713142 8.97417897729 13.6979651707 -14.0199230198 17.9752566893 8.70580158923 -13.4424737174 -4.51411582937 -35.0165023825 -4.82639059126 -29.2177170979 -1.30939082667 26.6718504273 17.7608728699 -16.283009135 5.23713196807 -4.05624778068
BULL
17.4084015814 10.3081712779 1.04685004265 -37.7093504463 -41.2287659854 6.9870429073 -16.8239776938 -9.49251028426 -8.20035814162 0.721507487956 7.70305640551 -0.350757719981 -15.1875367299 18.1416982279 11.8500157909 -4.80147673355 -33.5315574123 -36.0145635933 -0.345722380358 -6.2106503838 -9.14994408947 4.18526987723 5.01971456953 11.8219715761 10.6701786773 -16.8853644492
CAB
16.8670718992 -20.2119714874 -4.30064655962 11.578279804 -33.0623296066 -4.98824233555 -7.1973715533 3.23191971661 -12.7891044031 4.34984865824 -1.62758466353 -3.27426907294 -7.43759860387 18.2132575864 7.64521146841 -22.8906655488 -3.92822241421 -37.8775766354 -14.8237656104 -7.89526185877 17.6699818231 6.38035299637 -0.878107289218 -9.17965158341 5.46600160912 -8.78970115634
CALM
14.5544669182 -3.73582210629 -15.9784422063 -24.2679306148 -2.00151610708 8.73007274761 -12.8887191792 7.47246752292 -7.22883288459 11.7124490167 -8.47303844012 -13.7749308818 1.25812999087 17.9295005515 18.5672520238 -17.2636961549 -37.3508782401 -11.9843204528 -7.94591851436 -22.9321941553 34.2765208647 -36.3789501069 24.9304225698 11.4219937035 -10.6329466182 -15.8398845751
CAUGHT
15.0402508391 -7.71940216861 -13.8063880362 -20.9056509873 -13.4081219786 14.6250147808 -24.3749124792 -3.27429309725 3.88135353032 8.99405348329 -0.34617144028 -10.5111347638 -3.96569003301 18.3390933811 6.50051738032 -13.6163712198 -18.7532002367 -41.1493238377 13.5094332906 -13.5072218212 -9.26755975444 14.4593043863 5.66266056973 -9.40737094211 -7.98606069526 -4.05921037831
COAL
15.4649842971 2.15322467041 -9.50594391843 -25.4092499148 -31.1964598647 20.5561759668 -19.6733278551 -8.9653669285 -3.43138383594 12.0817801861 14.6126340894 -3.04529615035 -6.73576029818 14.3821879953 15.5172469944 3.31630096754 -21.690305961 -30.8383836989 -0.166393917848 -8.21525259132 -6.71421593014 -16.775283298 6.97976762091 10.3361777503 0.284434699786 -2.09677806318
CODE
16.4054970055 2.36425058622 -11.3094347963 -8.57682658958 -29.5286748266 4.3982938054 -22.3131253713 -10.159650649 13.5847659323 9.29903308608 -4.60648781667 -4.50272219675 -5.83505177653 17.5632987304 11.0015255669 -9.4339449943 -2.52065266797 -43.6430398286 6.57234808854 -33.5252650381 -21.879692342 6.29975891015 20.1498017841 2.90753902499 4.9459218972 -1.80005750371
COIN
18.0683833652 22.6561332765 -19.9547381369 -24.0997315454 -16.4735687258 -19.3833321251 -6.39452076921 -16.4680751324 -7.7689232156 24.7798897717 11.0941532947 -7.99160268689 -2.981544527 17.4883745345 14.2572744665 -12.5222694673 -2.92446190499 -22.5018247665 -32.7260836711 -19.0847037043 -4.29332241417 -12.844341028 8.05867955433 14.0331060278 -6.67196634658 10.5785423773
CON
15.2539058749 -2.52909869352 -18.5171021828 -15.7079611454 -12.3856053851 2.53902895286 -17.3942923874 7.14938525815 0.761279089281 7.40334419591 -13.1487281674 -9.63542549987 2.64424239394 18.125118365 14.9134767803 -15.7325553415 -33.6765611946 -16.7528819141 -2.61337789836 -32.4722672845 33.8974465162 -24.4075815423 25.8506899818 -12.7189057415 -21.3282492001 10.4112190507
COOL
16.5998540433 16.718525708 10.1720122119 -12.4255582568 -44.9375126507 18.1523254027 -31.7624552256 -15.3374259038 -24.7047237646 -2.95679049671 17.7284782464 15.7700678502 8.40586491174 17.5901237305 15.993145649 9.6685794448 -17.4395727186 -45.0856014513 15.3749910124 -38.2097893243 -6.17397748243 -25.1784662546 -4.33430162037 23.6890844935 11.081032041 18.6995927575
COT
14.9098600151 -12.81406016 -20.2446727737 -13.5505499976 -10.5655084308 15.4137599576 -22.2799205806 4.02217441317 10.4057225759 -2.88392110115 -3.02049849366 -3.95592019479 1.39428799233 17.685276695 10.6765105037 -19.1163532708 -21.1795942232 -25.5638050145 3.71662521154 -19.0224058777 6.25266364846 16.3626031992 0.0780135699996 -25.4262600757 -13.1803530327 3.55735280944
COUGH
13.4344280788 -8.80493089918 -16.3084565032 -18.5217342466 -14.8507503856 19.5919020793 -24.3032958065 -6.91742964452 7.71971786621 14.8096799242 -1.38286241153 -9.2564240214 3.59139791084 18.1910516372 7.78908462806 -20.9848996061 -23.3996329264 -38.782843473 25.3928750014 -17.2728616671 -2.60752293651 4.50781270833 20.019146847 -11.4765153015 -19.141130628 -5.37169449812
DEATH
18.0119246608 2.98129061308 -13.5460132369 -8.84920665631 -37.1142891772 -1.14251947868 -25.0021578092 22.4443459695 9.7720543153 -3.84337201626 -23.4430778212 9.56624935309 -13.52155458 11.3795221434 -7.13109830869 -12.3747673356 -6.34134565813 -16.3799144284 -1.15125738814 -10.4851080248 4.51052100732 2.90888143646 -8.09705624992 -3.72183415127 9.78024719006 -11.2648909658
DIG
14.2686130988 -14.0810186623 -5.43434715023 2.21840716604 -22.812170194 -16.1591484906 -1.64576526732 -9.6324601945 -4.61325044945 3.84116662016 1.53090072575 4.97796160286 -2.46200257363 17.4770101806 2.54352317991 3.78108449302 13.836667821 -46.6630198425 -30.3648776249 -20.021083484 7.99663275654 -17.1436415236 17.7263511605 -0.488221890603 14.3644618466 -14.6686710136
DIME
18.4129993636 9.80343757217 -23.4165362687 -26.2964054556 -17.5255675004 -6.66788547386 -11.7680343632 8.01132602267 -4.53384814037 13.8823692694 -21.3435426964 -18.4786421804 9.9890627691 17.2480406959 6.56352277206 -11.1788462216 -17.0066006012 -12.357564762 -29.5949056919 -28.7717796837 31.4701334397 -16.8459223159 8.20871686925 -1.86511912211 -17.7395620125 13.8316056786
DOCK
18.2841000512 -1.91146776747 -14.9251317278 -26.7736060831 -22.4192939476 5.28544181568 -19.8085925486 5.19391537141 16.1263976408 1.38615475456 -20.5091446253 4.49303915689 -7.13630097263 16.6855972229 1.92610664699 -18.6180575136 -23.7545708903 -13.6342063329 16.0999029814 -9.89807665768 -13.3252138084 14.4717061783 -13.6049986371 -13.9382477868 -3.88633876799 0.341138400309
DOLL
18.5162991834 10.5302867769 -24.639445706 -31.795105727 -21.7612903315 8.16601334229 -8.25343998028 0.0430363785843 -0.552862358873 24.7120030356 -25.7876230399 -16.2317413912 0.258462166616 13.9500980701 11.1681530722 -15.9823403219 -32.1860488283 -3.10953244109 -0.256543782988 -2.16671223438 5.15691831618 -23.435200817 22.1576274964 -2.23147538834 -17.3384167399 -11.526222531
DOUBT
18.4487955763 0.6041348721 -16.6030874721 -4.89599152243 -45.6956718522 -1.69860374582 -12.1556192048 20.6407153367 8.93944540241 -6.6559357583 -7.13847171534 4.14419752874 -19.3995956031 15.6868715072 7.51811255803 -14.4083154822 -10.338172255 -31.7631671634 -2.28679876615 -27.65711302 -19.6257750495 23.0097734815 14.9810349313 -9.97066859469 -5.35330569939 2.26911505939
DULL
15.4747357229 -12.3356511994 -7.37916908912 -7.76748492587 -7.53248931973 -6.90420051423 -12.1747895744 -0.498228294002 4.21072436188 -1.52357510084 -3.15829317924 1.04035748263 2.44050517983 17.856054033 8.34923001696 -6.77250192168 -20.4326038627 -37.7168073146 9.55725791552 -23.4382502488 -15.0965450004 14.2298829605 14.07828408 -10.8418887196 -3.60751112549 -17.1531261288
FADE
17.5745060014 0.193493738869 -7.68222855071 10.0763840993 -42.2766117785 -15.8479453865 -25.6914814058 10.3139973456 -2.41404910731 -1.35867457487 9.6097459645 6.43991318981 -17.4342023696 17.6181325356 0.931194391409 -0.446022317308 14.3659213029 -46.5589726942 -17.4259247875 -21.7956073744 -0.0198907547513 -7.91320068934 3.92423956911 9.01954438297 3.38707922836 -11.3534310764
FAIL
17.4930906924 4.45884877011 -15.0197607164 2.4544912082 -34.1843954709 -17.5927702516 -33.1285148927 12.9807106068 14.6091973117 -6.49483567378 -13.6088838956 9.62149788138 -9.37860360718 17.6898830853 6.30323987196 -16.9622395758 -4.16367628129 -32.4570208353 -12.1296781912 -21.8614479928 17.4905845842 12.9625176743 -9.59805156964 -24.4684780184 11.6420902463 -17.7254728594
FEED
18.169698318 -8.83007748856 10.2625125209 22.3987810854 -55.6530467127 -3.79164253441 -24.6044207895 -15.9986124577 -21.9826315814 9.38656805033 -4.16490318735 4.26125489109 -2.6762734483 17.7598309086 -4.49808659308 11.0836819513 26.5378245208 -48.0632993228 -10.7953021775 -21.7475637342 -14.2006418224 -28.9341950656 9.90417404245 -5.83747733822 4.93512149389 -3.29702767455
FELL
18.1086796652 6.77726124802 -25.6311798342 -7.40994623227 -32.9096073527 -9.39712296573 -20.6528207277 17.5947450058 16.905206062 12.6670326161 -29.8337605706 0.681253692262 2.78264156912 18.7502712698 9.96106691518 -29.9144723781 -14.6281211043 -22.8597943815 -9.28599857054 -9.66107587222 13.5937545812 22.0698260723 20.8695258389 -38.871193456 -2.3702612058 7.37498237623
FIRE
18.1326653836 6.61319425059 -24.9954504498 -12.6774455521 -30.8327409323 -2.68787298176 -8.01979742867 7.103630911 22.0016220887 -11.4417070415 -5.77341609779 -4.94486554741 -2.77976069375 14.0070263213 1.99914273823 -23.7177596451 15.7061111072 -17.9688831275 -28.1106625793 2.02538705829 2.92516537459 -4.86223925255 -10.3380729194 -2.99654756159 7.0795605919 -14.0932090375
FOOL
16.0903191353 22.6077614284 8.9472209977 -24.5107442563 -41.8836780622 17.509292039 -10.7875250143 -21.5343397703 -11.2303906658 -7.3087225114 30.5043818803 19.8508473507 2.71410523094 17.3551295676 15.3798380701 1.51995467769 -21.6960282892 -49.5613342528 18.1767638123 -29.7632351992 -22.3810039973 -14.6542251136 -14.2007331632 21.2279446393 14.7484774786 -1.54562647527
FOUL
18.2234078216 11.0536917797 -28.0003662672 -17.9210372556 -21.4410531282 -4.92371411255 -8.1044077872 9.022917974 18.3029896513 -4.40625089872 -31.2839787569 0.333291829077 2.87222636227 13.5539229921 5.85385078553 -16.707892157 -25.0760400444 -8.35658160503 6.78203114993 -3.00424206135 -12.7925211166 -0.924336542536 11.2970747006 -14.4547995979 -13.5607974867 0.932222936637
FULL
17.5231278163 12.1277515751 -2.2140344094 -33.2325941017 -46.4206174162 28.7805824263 -29.2270420044 -10.7422459626 -7.71389100837 24.025812494 4.63883277288 7.44829916123 -24.7210644632 18.6003815724 13.5895117224 -7.65206039007 -31.6974635825 -40.5840941102 21.2286402421 -21.2803269406 -9.09308770759 -6.28426617492 24.7532106058 7.29585374587 9.15308630105 -24.9062625582
GAP
19.0178990705 1.22049750798 -27.1231257307 2.42312760456 -45.5475784174 -9.3116937883 -7.57736285555 28.9176789179 -3.80862098247 -5.18609562908 -14.0150733396 2.56345278322 -10.2586771908 17.8904527962 6.15259767727 -33.8033153719 -4.73004210378 -34.209656316 -5.40028984677 -11.2440272643 16.4570423141 8.02164006486 -14.9630829146 -26.9039622158 7.01416147765 -6.1047558622
GUIDE
18.5497235287 1.63615842926 -21.9010592121 -18.2988645296 -34.4658283729 18.4550158693 -35.8885350173 24.2717614877 5.89920556862 6.36093482417 -26.1610175386 -10.2258069052 4.18119793549 17.2462817876 6.91828875195 -15.7686632891 -5.69969575111 -34.819649514 -8.17992069399 -25.4777368048 16.4733904673 12.3833002503 -6.85841138578 -6.92059889367 1.34567063146 -8.15729192908
HEAD
19.1617567955 -0.563129967008 -17.9807452614 -0.294810930047 -39.938090966 -12.1486564565 -18.3349735997 29.1650931703 3.91932524341 -2.52989301161 -14.4302744006 9.57437691337 -24.0241763463 17.8845144104 2.51353021681 -11.5689981613 0.191546133329 -33.1182571687 -21.0696697119 -21.7699979735 21.5942884193 4.00724809802 -5.41411990061 -6.77791256061 17.3406582903 -29.7985575785
HEAL
14.6204664267 -9.2046100566 10.1345175671 25.342638119 -45.0158584518 -9.54734233871 -11.2369789662 -13.9134022688 -23.2937210682 5.96526536015 -4.15391159195 0.726518009527 5.46403020047 17.9254356249 -0.849415582215 4.1078431967 17.4032764313 -48.3085016336 -9.92680359121 -40.4557398947 6.43504901082 -23.155519648 13.8063678491 6.95664357936 8.1847853383 3.62250447264
HILL
17.6687939545 6.47999465528 -10.7340352423 6.03038827325 -42.9283603098 -11.4896896113 -36.1699651686 10.5070028991 20.3555531465 9.89822833932 -12.0888998565 20.140894644 -11.4751654679 18.6550257029 5.62070508095 -9.15260511756 -8.04001102067 -39.1231814076 2.73666480074 -47.5230284131 8.12036346926 21.5185224484 23.8301305276 -17.2498240518 12.1585525417 -5.58826967551
HOME
17.5575964316 18.3531243853 -11.60253979 -28.8840976093 -29.1839013092 -5.76146214886 -16.9828039354 -0.857981989054 -24.2750033989 20.3187526479 15.7332533474 -17.0440397978 8.21062941422 15.3848299775 16.9357870413 -1.7849175663 -14.4595406599 -22.5860571514 -18.1926445319 -13.3807800724 -19.3666995838 -24.0083508315 10.6900318574 6.17585836091 -4.62181579425 4.46489109374
KEEP
18.3941887879 -5.0150657962 11.7154684674 26.7881431283 -56.0958368169 -10.7663167469 -26.0400679183 -14.2739779192 -33.0192658467 12.8647524938 -8.22806577771 -1.3667042979 4.56867012808 16.0892470801 0.51068519749 6.86803125142 28.3490327208 -37.7468947374 -15.5173453435 -21.0117308742 -10.9288017964 -21.4490988856 -1.0368829184 3.34677950333 -0.441203569574 7.58721796796
LIT
18.8324367008 2.97618305419 -14.8444825127 2.36796244956 -32.0042954635 -5.93116950823 -53.0168018597 11.1511749673 8.05169168313 15.0367280686 -23.8354028285 14.6643629131 5.22723559166 17.9021191141 -0.951686607773 -6.39979664544 -0.60575787255 -32.6089601023 -24.0623402933 -40.6720798216 13.8987896159 2.68835355019 2.54367698617 -5.79759289671 23.1826368881 -6.68904135113
LOUD
17.7633212277 10.5665774002 -23.4401299145 -14.1038533602 -25.0029576681 -8.03753629973 -16.2615979722 16.6291997656 19.7239814418 -9.50171306269 -22.7943002642 10.2553939171 -4.59192089469 16.9904563462 13.5739839447 -18.7448769851 -8.09644554002 -28.788312236 -8.75901412931 -26.6074069772 5.50937789206 19.9347866629 -8.89654644121 -20.8023446069 6.3934152272 -1.70401442263
LOVE
18.4357805766 10.7233612461 -13.0870941713 -28.5071637095 -41.3212079828 23.8359661626 -28.1538302975 -10.3021092492 22.2671902321 22.1055707723 -11.7008554987 -4.80991876232 -12.2957384853 16.2996796094 14.5687564519 -3.35241390867 -17.222044865 -35.1525646375 12.3345840251 -28.4939672336 -14.1776829174 11.6376407317 21.2582996413 -5.40944567865 -3.85061281692 -6.26648496631
LUCK
17.4385239595 4.38372078011 -4.41930577442 -34.0912627775 -35.2199486763 11.9889508281 -9.49080674269 -21.1563261244 14.7868472273 0.89467692795 -0.0520893886379 -14.0994164735 -9.34413036132 15.9196835367 -5.52139446241 -7.21633909994 -12.17010609 -9.05713893063 27.3200862918 -17.0836642017 -23.0562925102 19.0102392502 -7.33337092237 -5.25533162012 -20.3824922507 -6.53724886882
LULL
18.6962939928 11.5484491286 -10.3102911573 -37.104115718 -46.6601997455 27.0434945667 -28.0442554034 -16.6117755809 4.48706381459 19.8420456128 8.8565605243 -1.11908455402 -22.4931539103 18.3651137869 11.7535274266 -12.8252257896 -29.4952305464 -44.9612258757 27.5020131096 -19.009891255 -21.0435424176 4.58871176443 16.920953371 5.01785651737 -2.11914864109 -22.8076735556
LUNG
18.416226565 13.4116899528 -5.55487953884 -43.3105920741 -18.92776258 -6.24586902331 -0.550196582764 -9.65629140944 -12.6657732099 26.1427184989 1.12913341962 -8.56713026538 -14.1502649779 17.7042598288 15.3161925087 -2.99358283178 -40.304863932 -23.8167090556 -7.82422333713 -5.79216567929 -8.39129744755 -14.8473277034 21.2592369433 3.3119509719 -17.6851670502 -3.04318470942
MAIN
18.265644416 5.12268650473 -6.07044147602 -2.20959288679 -33.598241504 -24.8329898195 -27.7304374051 19.7186318494 -20.8695603629 -0.131167987998 22.147612387 -5.95017435878 1.34400727997 17.3134658057 7.62564579955 4.80079810053 -2.65246087847 -33.1677772351 -27.3288626391 -25.7541342589 16.023194738 -24.870437647 2.19896646715 19.036568054 -7.45312676467 0.133919735798
MATH
18.5709459488 2.3097178516 -20.558983301 -3.10084578704 -32.8100170316 -25.0564815525 -13.2664363659 29.2447824013 -2.61400858534 -5.48935378726 6.08262464965 1.83431286306 -8.11911952402 14.6420405486 -2.17844190538 -9.74581444062 -4.27492261079 -9.53279856629 0.152690024993 -5.20970372078 6.15512042882 -3.22451054648 -11.2398782617 -9.25339982405 7.05624870695 -12.3840202462
MEAL
17.0522068843 5.03098156552 3.22238309289 20.7042326989 -39.7841263682 -29.5247464734 -15.9623157736 -12.5932010461 -22.1331248416 7.27592839721 18.2815215159 1.0542060789 -3.16518117094 17.7555062363 9.39624292495 -3.00229635886 14.1464332771 -42.0653308745 -30.0999223826 -17.9449437624 -0.129798990494 -18.153958881 4.23838042428 11.159259748 9.46122933255 -1.91616239742
MILE
17.8704211158 9.56483100857 -18.5591700633 -25.5572195887 -8.44686247756 -13.7185555238 -16.1663897429 15.7648082665 2.03845803818 -0.320327409599 -14.2136458034 -20.5688248347 12.2478973875 18.0186217735 7.75142539642 -20.7861337642 -15.1563643745 -14.5035817809 -15.8548452509 -16.7085032901 22.9921468702 1.31777291395 -1.65360669675 -16.3730260681 -11.2075490639 6.67165669875
MILL
17.212764532 5.31519827941 -6.92311625526 -9.58914732187 -21.2161942984 -30.0488981074 -29.5044391893 19.1788240542 -6.27442388847 11.1871433154 -3.66810505164 8.41996038513 -9.15007035449 17.7749097887 5.23952181608 -9.98406386157 -11.9067879108 -24.4117703885 -28.4427883736 -30.7378764996 19.092405601 2.84186369918 19.2757359058 -8.87871638556 11.2874565263 -6.96006292796
MOB
16.8280429817 12.5995803829 -15.9868303318 -41.033652125 -7.3012860003 -5.12536150938 -13.9367738011 -1.20024944026 -10.6070768919 20.5730569899 -6.03204446221 -21.0319598384 2.06709080684 18.2464274689 14.7839958069 -18.5068786919 -37.8727323175 -24.3552661156 10.6959484292 -19.6829627622 -5.24462230249 0.595526156156 21.3319820195 0.742582330306 -18.778249015 0.62161706484
PAL
13.5371076072 -10.0955928799 -24.2000484537 -8.73105201304 -14.362356497 3.58952981192 -3.0123277396 12.8892558401 -0.536983182283 -19.3894838209 -6.58641187018 16.4936896764 -2.54215509162 18.1345014229 8.82731451851 -28.3720577915 -13.2785740078 -22.6500366132 -9.91698470462 -5.06236741845 12.7360424712 3.07139304711 -5.25181816401 -34.1273049396 5.88055463511 3.15348100142
PEN
15.3003491503 -8.32451006711 -13.2495192372 -2.11098758486 -17.2214919939 -20.9424785323 -3.23462923324 8.50631510975 -9.22596523054 -13.8326573435 2.17266312644 3.1797418326 -11.8303402517 18.7075175885 4.12891184082 -18.3416688576 -8.17761596336 -20.3995958076 -26.3231480009 -27.4592241353 45.8901222996 -25.832963929 10.4760746948 -2.6709653526 -10.6870132578 0.109843816799
PIN
16.0709671546 -3.98479896194 -3.26270872161 6.12786775312 -27.1643494616 -27.6460236989 -8.08824474531 4.88951735054 -5.02133856623 -1.63657354945 9.71417537575 -0.190653196872 -4.4328487684 17.7381479689 8.9847973585 2.6961570403 -1.21263302825 -24.997659613 -33.9877479343 -32.5020861541 26.5114427592 -26.7449084716 6.27266204589 13.983878655 -5.43751393017 4.56260660129
POKE
16.2892944361 7.42463800224 -7.19807198891 -16.1556663417 -32.1230195627 14.0118483255 -27.6823524618 -20.8194264958 2.55954360137 11.7136127074 9.41377751368 -2.5634965623 -10.5772065519 10.2264915145 -5.19224950959 -1.47128120867 -11.8902116098 -4.75256735384 -2.304912098 -24.0617753427 -8.89138105148 1.35560399055 3.85363774758 -4.08038433409 -1.57955070989 -1.76466692833
POOL
14.0316784204 -8.52271998681 -9.73257042483 -9.82782406012 -18.1504055482 -6.40291660838 -19.3872966753 -5.66695803628 2.63798848686 15.2556471876 -2.07693071876 -3.07224958219 -4.11731015329 12.5250911948 -5.78870930681 -15.9379067095 -9.42906580225 -3.75471228094 6.89206439165 -5.46979666487 0.256695161685 -7.24391690734 9.28381088813 16.9837780342 0.786169084999 -1.61304463253
PULL
17.9706514485 11.5431777617 -4.96461125969 -27.575054253 -45.435103962 12.7038951571 -20.4930393142 -11.9339047475 -1.24361126885 9.12078642286 12.8376276207 0.840142847355 -24.1696851548 18.866093185 9.52626318843 -4.16068564837 -28.9282297937 -51.0064103691 14.3995777675 -22.0201686352 -7.55285087176 2.14172220284 7.81520697772 17.705728412 6.20428513569 -20.6411136668
RICE
18.2291893245 8.18023664769 -21.5855777117 3.76334256638 -36.2725689708 -15.6034286894 -18.8508010497 6.49101447885 30.303858138 -0.857969732304 -12.0464305865 4.75569641917 -3.78826852027 16.8708358602 -0.0664006435107 2.76276328118 14.8400856478 -38.9357218069 -17.9275554394 -23.8542433654 1.85606081991 -6.9481951831 -5.85249431566 14.8685854641 5.87767515753 -11.4282559769
RIP
18.7962133086 5.896552383 -24.5594326915 8.68370030931 -30.7380761335 -31.2817998343 -15.5984853309 -2.87671882169 29.215578986 -0.745884165987 -4.23061030936 14.6547183106 -5.81737274095 17.5887820486 8.01102374135 -16.1670973309 5.90883876508 -27.3964283514 -26.0841264138 -19.0932393109 -3.11046216982 28.8089466337 -10.0028223207 -2.71062931106 7.62306983836 0.14167897989
SAIL
17.7942792163 7.70761690965 -10.8796670836 -4.25874629553 -33.3566346859 -26.942244983 -9.79073902403 2.90742613116 19.7845418919 -3.97662656583 -5.14221507454 13.5059549719 -14.2798231175 18.2847480273 6.38678601069 -16.0283809343 -9.14000353908 -32.1824660074 -22.0918815731 -11.4641848962 10.788790003 18.5168855347 -0.848312269579 -12.1921093537 13.5693607384 -9.57829895465
SELL
18.5733738694 7.92395830116 -16.0348983529 -16.4243824512 -31.454163294 -3.83453127722 -26.0946156239 16.8701971662 16.4587640303 4.94618564475 -24.9762149786 7.54502825987 -11.1826211985 15.9035617257 14.3547007851 -10.1908327022 -23.8518779196 -20.8490105873 2.8169704144 -14.0229361453 -6.16003068208 0.0706356131905 8.38766245381 -16.3407610705 -14.3438997499 0.461658049587
SOUR
17.8646297135 1.81022654877 -21.5586703868 -10.9923206384 -30.6325131339 -1.21337010624 -21.9623057454 18.5982913611 20.1282691833 -2.04339260315 -31.8195657225 0.868728843293 -2.69889961657 18.225527161 10.6525484319 -27.1921989411 -17.5915679284 -28.8241311 -0.621049557379 -15.0175126328 -7.65133582491 20.2541745352 16.1167336992 -17.6826618538 -24.7665153761 1.62800001584
SOUTH
18.1248125727 8.98904898086 -21.2093948859 -13.643231182 -25.4717404845 -10.3037017083 -15.414820845 16.2182603875 19.1817133277 2.69724974857 -35.1505830186 8.59177427016 -9.61076147665 17.0300331228 12.1667358007 -18.7557287088 -14.9572170545 -25.6466523938 -3.76371943427 -12.9455127228 -10.05469842 17.6021177515 21.5777096447 -24.7039360217 -5.27034487836 0.841855823749
TAPE
17.9899156739 -0.728396073415 4.86831077336 15.8384986834 -51.5673762549 -21.1747520739 -12.9664817363 -0.477418019812 -14.6038470061 14.7412928563 0.567660878447 0.255680978335 -7.73092254878 17.3096749367 4.35277896581 -1.17969149912 24.4708900833 -46.0795535226 -24.6736151263 -17.0645162113 -5.9350240057 -12.3864176208 2.92221984117 12.4748615236 2.34302237977 -3.17379218525
TOOL
17.8274009999 12.7807581259 -3.58153900799 -9.44951777259 -41.9017816045 20.4257914626 -36.2881082059 -32.303077287 -16.8854124277 11.2739761041 7.35322289659 3.09310550151 -0.699083370968 17.4020485282 14.6712760928 -1.19437426395 -10.8836553866 -49.8442582349 24.5947140601 -32.2566624061 -24.1357912291 -18.9818333357 -4.15846175958 18.518158793 5.03931345534 4.54886845145
TOWN
16.1070239203 -0.475313154591 -18.7977545202 -13.9032781968 -13.2991222999 -16.3649909938 -14.2648800142 31.3741350737 -11.3482455204 -0.138250187259 -12.9640709207 -0.722867421966 6.57823311977 17.7503031267 10.2317432202 -18.2092181692 -19.4845446362 -15.9013469554 -16.1926303904 -35.6923935219 39.6691244587 -13.471238193 15.971002991 -5.33980898067 -19.5943980079 6.46495632742
TUBE
17.9268960112 2.33352168453 -7.78346955229 25.2887528144 -36.5897225301 -17.3358428831 -45.2130355674 1.6035482857 -17.7568084128 1.66576822908 -6.52950293674 12.2742021777 7.27389732626 15.4786605871 13.0423093499 -1.17078770725 6.29273163839 -18.2603372114 -3.16236588748 -39.2399102779 -22.6806504654 -7.2157777327 3.73814817683 -13.7353997923 -9.81370396379 12.8326623996
VOICE
17.9005942752 12.2688052876 -9.97761994337 -20.5690899669 -43.399407653 12.256854962 -22.879239723 -23.9136170534 -7.17706674357 16.6002197866 12.0411864049 8.67333040749 -15.8037680748 17.6397267804 6.20692795486 -14.0658532432 2.65905405901 -35.176558581 -13.0037726874 -36.4205479649 -7.48957119098 9.09422887747 6.51809092775 -5.91049371413 8.02737047796 -2.17376955987
VOID
17.9412267419 12.8441453248 -7.70548240007 -22.0219077313 -46.0474495822 14.3116708347 -17.7324110339 -19.450707168 -0.554357500598 20.6907900743 11.1340457946 10.731630929 -19.0452518151 17.8355930764 7.80556304885 -16.8815423731 -5.06641118758 -36.9625838867 -2.1360725547 -33.0947233229 -0.882647550198 15.7114112206 22.189111843 -5.82541094846 8.30075372932 -10.8836534652
WALK
18.4590800867 11.8892642488 -9.63286558047 -34.6967927435 -47.8101601634 19.1250050847 -5.28134464956 -9.32739066217 3.02542360748 1.46353996727 9.72650240944 2.23530169037 -12.8932706084 14.9528373109 5.42503953815 -10.4473628569 -16.8734881015 -22.9876138172 18.7250992488 -11.2146159588 -20.4664476463 10.6326488431 2.94281082607 -0.922306906762 -13.4793178202 -4.8484005695
WALL
17.7755483423 15.5731174233 -10.5604647445 -30.6092268178 -47.8855558476 14.0818198648 1.72394552136 -8.48857683573 -0.946614936475 0.66662369131 6.36114331122 3.130075884 -4.34943910341 14.627892669 10.3101664904 -11.9906219015 -29.6403325168 -21.4699120601 9.72359386029 4.89751816111 -12.4703925144 -4.66004393168 12.9801435343 -5.67544361844 -12.8816401417 -7.23551898319
WET
18.9846682632 1.71162008644 -26.2651349052 -1.18735305439 -31.7798745463 -13.1220452571 -19.0782585391 20.199538673 19.0708714221 3.06213383468 -27.3414637246 12.0788545699 -0.607386902729 16.5294692497 5.7617160726 -5.91017798447 -1.59801891025 -23.4079817738 -37.206515344 -12.8082019809 8.705009603 11.3196528558 -2.7050891238 -5.9713003449 19.5806339398 -21.4261565917
WOOL
17.9435387889 15.5641113692 2.39830689428 -26.2057104077 -48.3607666324 3.11092028733 -11.1403514843 1.06606349724 -0.475299802482 0.965874081431 9.80381622966 12.2318117791 4.98779842689 18.0375907168 17.9243297742 0.761642892965 -23.4058904468 -50.6409683723 0.721441989026 -4.70066664671 -2.29065226228 0.602105612843 5.01500454407 4.94771162132 16.7438229921 -2.01678485448
WRONG
17.7153053269 8.12156195542 -18.5230828607 -20.5141609298 -20.6593014885 -11.743317335 4.44026886467 -33.1810730384 5.94329037246 13.6061537615 0.327873569076 8.2220337237 -23.326170161 17.929330492 9.89408503048 -9.76577416081 -37.4653177605 -20.3415753845 -6.14734390448 -2.17540429695 -12.3389797779 -0.539501958383 18.2093097519 14.1622072493 -13.9634602408 -4.87947986533
