HAD
16.2308820164 -9.20824171802 -17.7211633902 -2.12015239615 -26.5978352658 -13.2119104458 4.3649201825 9.6833247428 -9.6820548438 -19.2817043425 -2.0658521929 3.10437859335 -7.62737502609 17.7502789594 3.79819083161 -19.3151661036 -8.53878727521 -21.4511890598 -28.2406567203 6.45718151749 13.0037727043 6.31845877631 -9.38564436887 -21.2802024552 1.00081540183 -9.37356567129
HAYED
18.9230990404 -6.15082691541 -10.9006462249 18.6419424399 -44.2047538035 -33.02468494 -12.3213984599 -5.68503504548 -9.00965546424 -5.31924874782 20.9361930615 -11.4778584609 1.4521757687 15.8047240028 -3.48981582882 10.2262242876 19.2101309952 -36.1638359458 -36.0134235194 -9.21011780757 -24.6854565004 -12.2957241014 -9.95774032592 19.1459541059 -10.456068978 9.4052158193
HEAD
17.4655689647 -1.5650656109 -14.109922279 0.606777892717 -35.8170131306 -23.2376656458 -11.2018266621 18.0846465583 -7.93366081661 -1.58979404375 -5.46302088833 -1.46491588022 -4.29300832463 17.1110570856 5.1939183487 -9.90403034031 1.42980096112 -35.1661496489 -29.2711644254 -11.6556064162 15.3400393411 0.354668651585 -3.25223517829 -4.52359737307 1.53600582007 -0.849213225391
HEED
18.460803967 -9.82726152245 8.64199460889 29.2683690486 -39.1458761065 -19.0634898785 -12.5176443772 -29.2608501029 -18.6106957396 -20.2040970552 8.77385123619 -13.3236852646 -1.56884706303 15.3125763332 -3.72914418633 17.1025502672 19.790002547 -32.7826916772 -25.2994362415 -6.0081216212 -30.6542075018 -18.302975558 -13.2049820764 1.5087959577 -11.2859557917 2.92133261778
HID
17.3985167078 -0.832694288478 -2.58685880269 8.01596810049 -31.1575461344 -36.3187277022 -4.14917593287 -13.9706209478 2.1097430888 -13.5978286551 17.5612325625 -1.35840309834 -1.7422242162 16.8060951982 4.69397752738 -2.9298476814 9.20339152539 -34.0219088863 -35.5481166141 -13.4127216623 -2.79070819076 3.16939724754 -6.61772265484 8.46837106044 6.529573231 -3.03851777951
HOD
18.5533703496 9.72723737672 -21.0689689919 -42.4929450821 -3.31475919549 -9.43748875361 13.9622204173 -17.962159694 -13.6052257016 13.2745667576 -11.6823998814 -22.8291714624 -0.013339456872 16.7942603511 10.3013061275 -14.423604955 -31.8409665885 -7.45490551028 -17.1064429441 10.0620862556 -6.99742484224 2.50332087766 7.63007994506 -17.2131933949 -23.3854450543 -7.47677569255
HOED
18.3521424188 10.1548709531 -28.8400270661 -6.67880646876 -20.396013305 -29.7407265662 -14.0818994832 -5.53183144732 12.8059083475 9.58772845792 -15.5667711802 -7.47627551997 -0.895647489505 15.8500743085 11.1412348319 -14.5747871865 4.17840879693 -18.084380741 -37.2149792174 -17.5802862661 -8.27943924303 11.5296511888 -4.14745051125 -5.20819805834 -2.79811678081 5.52093930444
HOOD
17.9745018579 12.2101438206 -25.4805179919 -3.99105679254 -17.1429106773 -21.6913862803 -22.5161708648 -22.8207298902 4.85521402193 19.0098565181 2.15793472772 -20.4907400097 13.4927744346 16.3928977046 11.7553306881 -17.2149755834 1.66609033854 -21.2910188585 -28.705012439 -24.4359041789 -8.59230616081 9.5613982536 5.46267669892 -2.73657465674 -5.30342300376 7.58917101659
HUD
16.9129127741 1.30537573036 -23.1934253608 -22.1181006099 -12.9252833669 -8.53457966505 2.21531901914 -14.8551033969 6.06710209681 10.3698289887 -11.0679614254 -24.86450709 2.90281586602 17.2662639818 12.5550934632 -16.4405999335 -22.2824766544 -10.5668931784 -26.4581445153 -1.64733613823 -6.46010517207 8.46905304282 16.807554153 -20.2254358423 -21.8308435779 1.50485433646
WHO'D
17.6252150914 9.22782015668 -13.4370347428 17.6758031114 -12.7002504967 -43.7041270567 -18.4130873134 -10.4095928949 -7.48637696622 -22.7294669579 15.334898064 -1.92286411185 2.87621436548 16.1278603953 6.98225955392 -5.67658728242 17.7607593471 -13.3881400743 -47.1516610853 -18.8868358212 -5.7979328232 -19.9490923916 -24.2449522659 13.70696909 3.90489673227 -0.727199134539
