HAD
20.0335299626 -8.08149096091 -40.4233417885 -0.0259537540467 -6.81258311633 9.63519783113 -5.97345144646 -14.4465290848 -9.68098236237 -7.41231434865 6.99295207681 -7.70708513366 -14.6376229049 18.1385283626 -0.696463004597 -37.0779719046 -2.84575047706 -5.81448172319 9.25543351947 -7.54204026127 -12.6106681373 -4.24020096714 -11.958557059 10.8315255108 -1.88273218049 -15.1760261718
HAYED
18.9189926645 -8.04781233518 15.0009486585 -19.7011208974 -46.5276128597 2.21044437655 -26.1332469927 -4.34400310759 12.288756187 -10.8141488039 8.07406391013 -4.19710253575 -12.9404303225 16.9543671887 -6.37732212296 17.5432590307 -6.06043405904 -50.9595354966 -1.76692236141 -34.755689608 -15.0411002587 5.48410017589 -9.83666722605 10.201139895 6.15839702077 -8.86607321678
HEAD
19.9351914098 -9.90936525439 -19.0073490283 -12.6231356744 -33.097969836 10.9613681682 14.5827684064 -9.07250269811 -16.5343364609 -18.0523749812 6.20100613005 -9.47722606819 3.2844965171 17.5526370098 -5.06875715442 -13.3806730899 -11.2035737005 -35.0937198233 -8.86841116628 11.2271153969 -6.09140282495 -10.3361667284 -18.0709126299 7.3521733575 -15.8101137513 5.53240069326
HEED
19.436118236 -15.0695166996 29.2383138216 -16.8889357788 -39.5151837332 4.76630043869 -30.1368016739 -8.5281359407 0.173659480939 -18.5734132328 1.71803608645 -10.1024388929 -9.83556544736 17.7757660094 -9.02097803673 25.1846024935 -4.51389085608 -53.3287557297 -0.932281050261 -35.0975221564 -18.1150816095 -1.72132918965 -10.0969164606 0.354838032369 4.270166387 -15.5195057355
HID
19.703679103 -10.3394685926 -4.35202188775 -9.19716735796 -53.8465791265 -4.36954658467 8.21950502692 -7.97333542183 2.14739120902 -7.79802204975 -15.1112172185 -7.42733434111 -5.33439191054 17.6200434084 -3.12204589515 -4.19741521651 0.276690962399 -39.837619479 -13.1411467766 5.99326527932 2.14504091225 -1.92398458061 -1.80690364184 -1.81659524084 -6.75868521148 -13.7486689964
HOD
19.1617278999 2.16135353152 -36.4512335079 -24.272860343 -1.82579263317 29.9396365317 -21.2716262479 -16.2317422097 -5.3253589542 -2.04329135696 -12.412423303 5.44999743382 -12.3192771025 17.6779955926 -0.766254920434 -36.1684890484 -13.5792181319 -14.6960857671 11.4134062271 -16.3316510581 -5.79945809034 -11.0080315297 -21.68159529 -1.81418462878 6.11935342361 -11.6701614901
HOED
18.5859052559 4.32060303898 -18.9531685243 -32.2343542578 -21.3493397695 7.92311700999 -24.4291495698 -4.60609628012 6.12501934367 -6.41969780777 -20.8406047093 7.12382542089 -16.8451141148 16.089454144 8.68047521123 -6.31570654154 -20.6239702338 -27.1452510966 -2.53617813246 -34.0910645642 -15.0825498457 7.10312119499 6.14934856271 -10.9354720791 11.9395340753 -13.7180236604
HOOD
19.186862587 -3.92642398906 -14.8675247847 -30.7661107157 -14.567186597 -3.12527507262 -20.767389781 12.0898554735 15.5279252811 -25.867695448 -16.5311848359 5.36566221135 -11.4107771486 18.8167688191 -9.1745141555 -11.4336063693 -13.1615772202 -34.3355632212 -18.2811192553 -0.537808147106 15.2445654962 1.55646463524 -13.862055628 -2.65645165401 -3.5000125484 -19.7323413837
HUD
19.7498405009 -8.26233287441 -35.8262038544 -17.7072105087 -17.4159624369 6.21416234102 -12.3164534334 13.4739007295 -22.9934355771 -28.5586825286 2.05670169181 12.1590014324 -21.5695683744 18.4081045951 -7.14160588243 -21.1891668418 -11.8990388942 -38.6485571175 -4.02051962061 3.88379918297 16.9323239798 -18.9378304121 -17.0822080518 7.67003105161 -12.4795012701 1.40999457245
WHO'D
17.5865081457 8.357399374 5.56473855843 -24.6607631781 -4.55185616652 -7.31813600785 -27.4572989893 -25.172235552 12.2376400413 -13.6765659074 -17.9696311512 8.42930599278 -12.1693724457 16.8270798709 6.45164765817 2.60613031618 -21.4345843257 -11.5172637811 -13.767844153 -36.0331500688 -23.8566734251 16.1548474458 0.752555279301 -21.7682712408 12.6276002936 -22.9989730428
