BEAN
17.749472352 -3.56278790382 29.1709905522 -5.77959247338 -55.8524988566 6.80900557399 -41.6530126982 -1.39587003327 -8.89112949188 -5.63941861016 -14.1545777266 6.02343266079 -15.3463429495 17.0106856086 3.06125104477 20.1305507822 -9.69311551925 -56.4611344945 22.1686631812 -34.3690555273 0.28579093631 -8.82594251955 -8.02753082402 -14.0647254732 2.86406025997 -12.6640130298
BITE
19.05665789 0.554949874136 -30.2910546048 -19.8930092918 -15.4854495853 1.36651252594 -1.52479029948 8.26863571418 -15.4237312562 -22.4434520035 10.975949272 -0.707803689258 -9.67226166935 18.6807060582 -4.58754390337 -9.78789833581 -9.80160638583 -49.4203326898 4.14123189698 -0.914407191837 0.93153471113 -9.79251217712 -2.96965948256 -2.16084804575 -4.24761534359 -7.53654856487
BOAT
18.7907944281 6.66768005616 -7.34665796988 -31.1458455704 -26.5066773748 -5.37782925283 -20.6815728896 19.5941193223 14.0679853843 -11.6242392957 -16.0675205109 3.46842051175 -10.1380135574 15.8145843831 13.4899268699 1.68777089919 -23.5388595957 -14.8387850633 -10.7976368453 -28.6966049737 -14.1195311393 10.9535148609 8.60147195014 -8.52557089631 -3.25947330837 -15.7156649108
BOIL
16.8083745921 19.8914526622 -0.753980056104 -40.5549544968 -40.04021511 -2.06377141714 -16.0395606842 -2.15931545457 -17.234995179 -15.9039838094 -0.0463824436523 -1.65743094369 0.287746991884 17.9953354796 5.21061748823 -12.996209348 -16.4963489265 -33.920696416 -15.1746138689 -7.23194474639 19.4669325891 10.1011331376 -4.31176561596 -5.69064152239 -7.18718796133 -21.1039941591
BULL
17.8188797938 19.8089364654 -1.74317731496 -45.2867308106 -24.7431221328 3.95962676235 -17.6916775267 0.136649030818 -0.916718774993 -0.402168154324 1.288231452 -1.09335583012 -13.1700900781 18.3610940977 15.1979214429 -5.25389659981 -43.8709737915 -25.4858593892 3.24493161305 -11.1930266443 5.68200593561 -6.40058825751 5.82519991689 2.84790239781 -6.13987933305 -11.6976103909
CAB
17.8480507778 -8.76749667315 -11.3693525977 -4.29825525183 -43.4172303483 3.00412613341 2.67107050934 -14.771671236 -19.5909667095 -13.3916207067 -2.69833591503 -9.58022469883 -7.2819145644 17.3240702964 4.57500107674 -19.6202916607 -7.86268144356 -23.2240651846 -5.41964506575 -13.8436018955 -1.97908974197 -19.6118495555 -23.981483998 7.90818701071 -9.72170884711 -17.2746542457
CALM
15.4702101729 -13.6599055977 -21.3465587339 -20.5199255264 16.806662775 0.85070077535 -18.7479732236 2.41825989043 6.78804022288 -5.81748545273 -14.3039630261 -0.495916019797 -3.65103609232 18.9073446432 9.76915174048 -21.9319221923 -45.9949830933 -4.9314727002 12.1455786159 -16.1524594715 -14.9203699577 -13.3996524956 -0.178539600537 -11.2646830505 -15.4344893529 -5.47874572973
CAUGHT
17.9586147069 -3.71289282306 -21.9443187992 -24.1253349631 5.82450787241 6.31020634779 -19.1630902901 -2.77940836643 -6.03396199821 -2.97457651612 -19.0150076986 -0.280045400541 -0.675108969499 18.444041687 11.4492621046 -29.735495738 -31.7974746955 -6.74864718228 8.3193870721 -19.1321239264 -18.0359543329 -12.0089598322 -2.15444360194 -24.4350624726 2.58006131199 3.04317972506
COAL
17.4885113197 14.9416424458 6.58292274157 -39.8851204752 -42.1624334114 1.15078181061 -14.9215355123 16.6698244728 -14.1846400398 -7.01531219899 -7.18807385075 0.663008375628 -3.68024734171 16.3169872857 8.36167982354 8.18583220737 -38.3815626985 -24.7107693779 4.45451068305 -27.4029155037 0.537056003049 -20.0837831818 -2.63726110851 1.36244364715 -1.39168833903 -11.1370820628
CODE
17.1433193676 10.5865540749 -7.88185352756 -23.7667251564 -18.7031848739 -14.296567088 -28.3118581715 9.55830476024 6.11883952846 -11.0426118951 -16.7600504254 -12.6045901742 -8.68710911791 17.4707139859 14.1961154595 -3.73649179414 -25.7736789271 -20.3395380938 -18.0264289434 -21.7969641278 4.4606371116 11.1635546255 12.1159098388 -21.6921739844 -6.37402338334 -8.34903470567
COIN
17.7557577479 18.0756325848 -2.57936056769 -36.1978660683 -20.3527642677 -3.54458196696 3.11276754423 -7.27989788425 -17.3978274784 -2.06521812594 -7.44720140087 -9.42291622479 -5.02821360036 17.2626523498 3.35007214807 -3.02214321933 -13.231656187 -34.4587666983 3.02569013811 -21.9271664526 -1.67941795912 -6.95911642046 -10.3330747756 -18.2312533976 -28.0658384883 -5.00149417508
CON
17.3967478485 3.90952316901 -20.767170027 -25.4259908984 0.734537001785 3.47301903197 -25.0591041478 -0.352057355602 -7.30456619558 -10.4897373851 -18.5197188863 -16.2622883422 -5.78003644942 17.7932900081 9.22900859399 -25.4541394509 -16.2738934205 -2.86104518231 -0.665358961036 -24.7184023613 8.58547138406 -13.6061878599 -6.95423081653 -11.4738711907 -19.3971301173 -7.565733743
COOL
17.2415252244 24.2195956682 12.6997399058 -27.8478528102 -28.7111828514 -16.4842642274 -10.9843896519 -7.75376223934 -20.6071015313 -5.3908205929 -3.52081666203 15.9727593117 -6.67288376633 17.0118142268 19.2532176732 9.7686152141 -28.7368635633 -32.5188009162 -17.1541226461 -6.47949920969 -1.77465223969 -16.1336331223 -3.95684170829 -4.25547339279 10.0719901611 0.258158348912
COT
17.7131913328 -10.9622963478 -27.7249281779 -12.3091260496 3.97074600646 -5.47623176586 -7.66784291011 -4.87652358686 -19.5087490378 -7.11049275929 -15.2635058578 6.52261380056 -7.56284110352 19.2405459221 2.99989051351 -37.3005859215 -17.7159680725 -8.45162039106 4.85225966008 -22.713067898 -9.26929250883 -25.0795938198 2.34120918574 -18.1765944729 0.0308874596727 2.22499454692
COUGH
19.6314472117 4.99005764853 -22.5101903327 -33.5667821593 -2.61005360628 23.0315480067 -17.4802160184 1.52641891844 -11.9196344187 2.952045115 -4.37883622371 -4.38960400367 5.3590330113 18.2593187564 6.20378730465 -18.6283623561 -32.9640938543 -4.0792146366 25.21189281 -19.6588297382 -5.54241174395 -11.4562468912 0.930238082803 -7.97997476 -6.04793802664 -2.05767679982
DEATH
18.6360197646 3.9073760772 -7.71441869688 -16.7400407835 -43.5302184296 -15.1423942889 -1.93795974865 13.4868453863 -5.95098008872 2.395007194 -4.85033837468 -19.9364759034 -10.4597978711 17.4058738279 3.13184508733 -17.8748970894 -13.700678269 -33.2767966815 -5.44308657668 2.49570482992 9.11986418922 -33.7940952112 -16.4511309867 -0.0391237871884 -12.1769345265 -8.13504980862
DIG
18.3430155945 -1.28521868866 -0.753350247185 2.89532875786 -52.3366577598 -22.2963195937 -2.82113107225 -7.24476101808 -1.40577655564 12.107414119 -7.95846500254 0.683067094737 -11.4709601061 17.5026429992 -10.2887926942 7.4615630076 6.75736929799 -54.1026487622 -11.4035597981 -15.7541598982 -14.7453705751 -5.02330033636 12.7098942255 -18.8665082696 5.84053242237 -16.043842365
DIME
18.1826465639 4.38508008913 -23.4613363993 -15.8458459013 -12.4663514214 0.902927123632 -27.3376300652 20.8497505732 -25.6400147604 -4.5243611529 0.799702589711 -10.7856010673 -7.10551300531 17.0884922675 4.83885957697 -18.0921146243 -9.24636195195 -21.0608322027 -15.068532553 -22.8176452243 21.1017376298 -17.6453095726 -9.97706227411 -2.12224226514 -17.5953474419 -2.7650479475
DOCK
19.2779784194 0.666791006514 -28.0029957393 -23.8385868926 -11.2289194249 -2.20337931266 -9.11969064717 3.6960060243 -10.0383902109 -10.3445100821 -12.3109458188 10.4866503256 -0.0918462914597 15.5693469329 -9.57791879143 -21.3250691299 -11.4961612704 7.79717268439 0.678640781566 -28.2805032266 1.4383232319 -15.8801192494 -8.17762377946 -17.3017963836 -2.27449565031 0.0409708840798
DOLL
17.3533058376 6.60879132704 -11.2412659257 -36.4168779104 -12.8616333628 4.52869678336 -17.3777110958 1.65160659929 -7.64745417451 -4.42769820221 -12.9913775714 -3.89950002888 0.287411800748 17.3891348272 14.7267829282 -7.60968567074 -46.6984717008 -19.3829336312 12.0030019631 -10.7407136363 -4.27913081734 -19.6808068317 4.54332294746 -2.90794127796 -11.5924936953 -7.53413744288
DOUBT
18.9941510235 -1.05875784428 -19.3735168102 -5.07097017975 -39.6386954317 -4.09924960528 7.99010917949 1.12321797404 -16.5632125335 -8.20938476212 -6.50167517069 3.13305048833 -13.236541686 15.2454089581 6.91716641303 -13.7402179859 -18.2203134255 -13.552307423 -5.33596635034 -17.4335172211 -12.4249924832 -7.21141945664 -12.7025136224 -12.1887964806 -8.94654380964 -6.1814561525
DULL
18.7707576352 5.80678770789 -15.1410418764 -24.8693230094 -31.1353363237 -16.3760154488 -20.2150483088 27.235868959 4.13119480629 -20.2447383871 -9.87249541087 0.742588716753 -21.1293588522 18.6523278631 7.86000441553 -14.4825256334 -29.0478146669 -22.208898041 -0.180566817148 -17.9531931965 15.883753572 14.4516304377 -15.4005874385 -16.6467279323 7.10711645467 -6.75188563046
FADE
17.862650676 4.72743109532 -0.847034722473 -10.1430468001 -48.0345060988 -15.4629980304 3.05535041774 -1.02246625592 9.5119955299 -7.56327931999 -7.27519322917 -15.0434857215 -11.4618199477 16.5758063792 5.2854700585 18.6291906647 -7.27534568543 -53.2326782836 -8.05374140453 -22.9501386788 -6.69338289768 5.08714512364 0.604923795716 -3.50529976105 -2.34659506313 -15.5056037454
FAIL
18.4704298417 2.28718669547 -5.97451407415 -15.9680047644 -55.1925994774 -9.59932358869 -13.1436074261 7.25614282555 5.80350953775 -2.55752983118 -23.2763197062 -10.548200989 -5.09265315406 16.0909377185 6.10694440865 9.13293238921 -3.60108856999 -53.2620723877 -11.3425238231 -16.3607094627 2.67460683112 5.5889502755 1.29577630661 -7.54005240277 -4.60578337031 -13.1963798744
FEED
17.1248294971 -1.80938848682 24.8685530156 1.54329777643 -43.6888118901 -3.28342554131 -36.5633948791 -9.55121517119 -5.1103472108 -4.51683790027 -8.92499488101 4.8497269018 -16.0168073998 16.7754479336 3.47823033563 26.412964602 -1.85951493183 -41.2702352835 1.03485393676 -40.617891316 -8.61068703059 -5.19477291481 -9.5594542859 -4.38737860042 6.58898035223 -13.7090917486
FELL
18.9350283922 4.48327841978 -18.7996772557 -12.6276339262 -32.0487907423 -10.6216317538 5.06197631711 20.6090803901 -18.4960360648 -10.0813602149 4.90302898391 -5.60707355008 -15.8627241418 17.5982385097 6.22823880001 -14.7544891487 -16.4633482855 -26.213385617 0.0496589045514 -7.40448554028 13.4719499976 -10.6980297167 -21.1223321323 2.50236967756 -5.58618187627 -8.56052651576
FIRE
18.8154046779 6.85968545335 -36.578630651 -13.1254080618 -11.0916077734 0.518064547806 -9.70999048088 -8.31682782837 0.443143697764 -23.9130416049 -2.12463870524 12.7481378023 -10.8157554247 16.9422385524 5.78950561502 -13.505427574 -5.62624027235 -43.4056687151 -14.9105527089 13.5902695473 -5.67187077295 -10.1379338001 -13.170919621 0.538804016901 -16.8404313658 -1.82340638569
FOOL
17.2705637591 24.2442061618 8.47750831816 -28.7058238206 -28.568261777 -17.6317930047 -14.7520030791 -11.4131741567 -18.8802907111 -3.74870119632 0.911189089164 10.4949125837 0.331299076862 16.5535792941 18.1660087411 6.19917117275 -21.7174849379 -20.2040716768 -16.3794194361 -11.4867295067 -8.42850510355 -12.9933209502 -5.35855062463 1.20744135543 10.8144425297 2.48482375361
FOUL
18.5708592588 6.00592580874 -29.6937876087 -9.67521642102 -14.9961205279 -2.7461956188 -2.13903929693 -5.43366152242 -6.40797815111 -19.1912132406 4.89548877323 2.46889453723 -17.3934676553 17.9360239147 9.61544574653 -30.0139818721 -23.7938497164 -4.26103222303 2.08182989377 -16.2122617156 -11.0309518753 -1.64162765742 -12.1155555874 -10.6742033265 3.22610910002 -16.606669431
FULL
16.8803828427 8.97222441039 2.38275952615 -33.7902585373 -30.222841581 -10.1922849469 -14.1329442162 -7.63859946842 -5.56422092862 -10.1101371769 -4.23572954628 -7.72807995717 -7.6436576017 17.9503470823 13.6386707567 8.027319243 -41.2661566156 -39.3881358219 -6.7327795796 -0.961432587627 0.151582036274 -5.66145284322 -17.1630791943 4.7320106428 -7.00018679174 -4.83691878397
GAP
18.8854979229 1.04070666265 -15.5251429838 -18.3664600254 -37.1691618002 -6.75782275389 11.88694206 0.882229519649 -11.4641765803 -5.17514306501 -9.01365917921 4.00548845134 -11.7360696106 18.5273698764 -1.726491329 -29.994256916 -7.4552527118 -14.0033783008 0.559131956696 2.21898988808 -1.63562242072 -23.3849987852 -1.02662012173 -3.15752915351 11.2030612812 -18.1287475343
GUIDE
18.2106924756 0.0923120603809 -28.7545873491 -7.36364574094 -14.0217733156 -9.84564510599 -18.0805298922 0.803165371105 -13.52469889 -12.1213266343 -9.5497796615 2.16407963987 -18.7479471931 17.7640079312 -0.264333440654 -13.3165729957 -4.19812620038 -29.5193490725 -14.0502298917 3.0971366014 -4.89522922613 -14.0402714227 -5.95862414381 -7.3336907108 -5.13184574043 -11.9113013542
HEAD
17.7206991654 0.226642641327 -1.44077141208 -10.3652885624 -53.4231512419 -2.98654336774 -5.46315875556 9.47282325354 -15.1615421307 -3.4759459891 -15.7963516291 -15.246440189 -10.4852178251 17.785967737 3.38075250494 -3.62652284646 -9.54137732565 -49.7453927104 -15.4764859073 -0.0288691121247 7.53022885146 -14.2696674051 2.31537112365 -6.97844669949 -22.1141011409 -10.5940529888
HEAL
17.5033674107 -0.979219193284 33.5413851441 -12.7174744707 -50.8533061554 4.73318530564 -50.3350109572 -8.29266705729 -9.32887828227 -18.5613537223 -19.0904735634 19.3302731557 -17.0691292149 17.3571617922 1.72608345231 17.5829643788 -7.03670057924 -47.1585125003 -6.59195687934 -30.355554911 -0.611412776341 -8.48513681744 -11.8444403183 -14.0599419731 3.63602701074 -12.1174736689
HILL
18.1839872651 -1.84029648469 1.95802749176 -12.0035209829 -49.8238733274 -19.1279108993 -4.08928085981 0.47316128234 7.11259422188 9.93666065912 -6.43103143565 -24.1945163291 -11.3042981739 18.7121625434 3.96762790669 -4.22420543363 -15.1706091575 -42.7207817797 -17.9936562219 0.800038135403 14.5109501033 -1.45354360365 6.12367754202 -1.44933460299 -28.5441157334 -14.8387298125
HOME
17.7151778317 16.8387093437 -7.22983667008 -36.9558743269 -18.9653247355 -8.09945857233 -5.43793111827 2.4113608005 -10.7347143981 3.27030578795 -9.7991569454 -13.995794153 -8.75818615268 16.1629186866 15.0113442277 -0.334549023224 -13.3780103086 -9.83482599683 -15.0002873923 -13.2194803531 -13.9931994274 -16.7364362943 -4.28017087849 -6.1946838801 -4.87614717793 -2.5378132081
KEEP
19.0852576553 -10.45549956 36.6061303307 -6.62390614342 -30.9176453726 -0.875479096741 -31.9083663025 -4.20309492241 -19.816636804 -4.07451397732 -31.669955242 5.82115986404 -23.6632846688 16.5467886153 -7.78014154296 24.1384715575 -1.59885232994 -23.0118123363 -6.26931068135 -28.2840081212 -8.06545278979 -11.7615050276 -9.56336453997 -10.0509796067 1.00310558843 -9.65401755658
LIT
19.1214252485 -4.08848462076 -3.4535971851 -9.05845368684 -30.8487653948 -31.7288512024 -12.989262784 10.3467254432 -9.51566358468 -23.8545806554 13.733654149 -0.369649023358 -19.8617774831 18.2277100906 -3.71293332399 1.74165165946 -7.3537817325 -39.6610281076 -23.5158729434 0.150277964937 3.02299752384 -15.7492367938 -7.9212497867 4.58563679679 -19.9576038887 -14.5458455717
LOUD
18.401433586 2.09815217586 -28.6618295695 -19.1325991915 -7.25259770267 -6.70721650686 -14.244634811 16.6166548325 -26.7161366753 -10.1302751609 -5.16621408417 3.67601540965 -15.1985692228 16.5122126831 14.3027488182 -12.1094457535 -33.265256106 -13.7421055458 -3.43699125669 -12.8657748699 -1.16449483002 6.62891188843 -8.77329372489 -19.2410293541 -13.8624921416 -1.49631843629
LOVE
18.4446941496 5.69095334872 -20.0672044843 -31.0665574972 -17.0091737416 3.46436287015 -22.3453258093 20.9722543663 0.709062819097 -25.2066956544 -6.41114453798 2.75453254105 3.37953188577 17.3690807051 12.71386563 -13.0362779687 -29.8513356358 -15.433158525 -3.64693575548 -25.3693016386 16.6449231586 11.3946889617 -9.2380579255 -11.946337882 -4.53244052359 -0.0590414360447
LUCK
19.7136704969 5.70005302895 -23.8193964446 -40.2373838083 -13.1456801564 16.0910387542 -33.7450902506 4.61814893563 -6.50172092015 -23.7027467073 -7.39242380967 -6.94526971231 11.0753258135 18.5121137671 3.05828404496 -24.1613070769 -30.0300481977 3.03135752609 14.3854218932 -35.2204966061 -6.00767985447 -8.62156077197 -22.6720494007 0.351523275836 -15.6762728251 0.792572224092
LULL
17.8539578534 13.6869345325 -5.71284753704 -44.8336808247 -29.367477011 11.4803824759 -23.2491315613 3.06339970633 -3.2045189162 -11.0556142549 0.64836824842 -23.7581102206 4.61259614333 17.6809262697 12.0258948906 -4.65186058848 -42.2167714229 -21.9646300905 15.2565316512 -18.1266059528 3.48611888519 -5.74686959555 -8.05360138047 4.26850765448 -25.4062205991 4.72687765797
LUNG
18.7563563055 9.65792881761 -19.783942621 -42.1354390407 -11.2742453161 12.540273883 -34.6036261622 11.0107847705 -2.78949292399 -11.8262664155 -17.4072453005 -14.1114447869 18.1247283044 18.1708978542 9.14421106618 -17.8307634373 -39.46158778 -3.78812271954 10.877795991 -35.1003960073 19.6027234186 -5.54865917019 -8.83556332976 -14.9403747354 -17.5257272915 9.22546219229
MAIN
17.7294555464 0.993797088239 9.13673276136 -17.1452857984 -49.1322028573 2.44840101695 -21.9117726914 0.906356757308 9.16436874094 -3.50230916312 -17.4001968838 -5.01936467982 -10.8723967114 16.7379697094 4.6447045137 12.5710383416 -15.4386327821 -48.9032058378 8.1286681901 -34.8681940503 2.94036871461 2.75036573092 -12.1806025872 -7.77388416338 2.02922500699 -12.0298586268
MATH
18.6167583279 -0.00821100580787 -23.6598513454 -8.77924370279 -29.6922922841 -1.15940913742 -5.17548859476 -10.0967403433 -11.6066627647 0.0190815244491 -12.583551051 -10.3420651335 -7.49625015501 19.0548799268 -5.78923904905 -29.8001307665 0.92205529831 -21.7259912258 -0.609533871956 -14.4193793181 1.94059382343 -19.0279270611 -7.15612395279 -3.97064640562 -14.7385294263 -12.4592628328
MEAL
16.9612803703 5.71435909155 18.300655825 -8.0954077997 -45.5549039953 8.8553139111 -35.7175581129 -1.75267771318 -7.49818968702 -4.57920671662 -4.30447028846 3.98203600561 -12.4398240302 16.9863220201 3.23323782494 12.8858934579 -12.3272025178 -43.3053076984 -7.93567795993 -23.9952717287 -0.628493694497 4.51904149426 -8.55091370179 -13.8805401567 4.72927367124 -9.71950909706
MILE
17.8483644002 5.71585257982 -19.3219908094 -16.5172683328 -8.48611426468 1.37015263058 -42.8248915635 24.7975279837 -24.6069732905 -10.8824538157 -10.7992701321 -11.2828475389 -4.66511856679 17.3427982842 1.42660941574 -11.7919987455 -8.36143093834 -27.4280679533 -3.50612074006 -15.3988311402 12.9978277089 -26.6964373786 -7.35316570189 -0.980710960039 -14.6804637747 -14.8051118538
MILL
18.2226563284 4.91189154043 0.801532781534 -16.2857169739 -47.0088915506 -8.8538431649 -10.5245878378 18.8253828834 -14.4588854472 5.05652561964 -9.49130420561 -28.1880036416 -8.00843538916 18.1088856605 2.5891683705 -9.70008998592 -16.9402309396 -31.0754174935 -16.7302177512 -9.93861696875 36.4444379945 -20.732793113 -5.84508768655 1.93448175204 -22.6138976411 -15.1991641162
MOB
17.9597580002 9.3217141477 -23.028757134 -31.4793608289 -1.00907751309 9.19043358856 -36.3302974483 2.95591171691 -4.61330647199 -4.11961299403 -13.9946703401 -12.4128791576 3.22013478519 17.8988922311 13.8607480421 -24.599841888 -35.5138399024 -9.52567521175 8.33422103729 -26.4479863144 3.74103858289 -6.50955253697 -10.710317776 -9.2692210737 -14.9564713398 0.401220280193
PAL
17.4471668504 -23.2813294456 -18.755555154 -1.84123938638 -13.5700317004 8.25490406637 2.05720462589 -2.92009765316 -22.797894481 -4.43158340193 -2.74781409164 7.62754444342 -10.8381267075 19.0573453727 -2.28798020289 -28.6226424303 -9.98427923598 -15.1158859113 3.34615611742 -23.2682838685 5.26427498634 -32.7834499078 -8.80723560329 4.38022713178 -1.91559988116 -16.12606372
PEN
17.1092851934 -11.6490021562 -10.1746616939 -3.43414480691 -33.6402216365 -7.67142112175 4.64101825723 4.34235672882 -13.7258319325 -4.20290624407 -2.41073227194 -13.7989834739 -10.3159594916 17.7693826645 5.75845318925 -8.72608330175 -19.1510053257 -26.8258410509 -14.4825876124 -9.62664146612 20.5619133962 -15.3743462238 -5.7416743471 -8.63226295856 -22.1712450662 -0.0735620788904
PIN
16.623278762 -12.7253091714 -1.4361107821 -4.14569722569 -35.272485555 -5.11454914242 -0.687288946497 -1.38288945369 -8.5068450194 -0.369950545582 -9.57091216733 -13.3050019237 -0.651236683076 18.1559372614 2.5546588906 -2.31928202141 -16.3770970509 -48.9817049163 -3.34990112745 -3.22185896171 13.5202553707 -15.542282784 -4.42356775581 -9.89362377448 -23.8754722409 -0.796540592464
POKE
17.6240718921 -11.5081050271 -19.6585667593 -11.8219655964 -11.6592201481 -12.0307072314 -11.9859554487 10.5369832687 -3.55545548334 -14.8510684008 -6.93604841523 9.45824269939 -19.2952804331 16.6167044682 11.6200493048 -0.690688700587 -25.9657460308 -13.4207677906 -9.00495882399 -12.8210570679 -7.58190675124 -1.00834138211 4.13057061511 -6.40864661357 4.17934050875 -14.3147433914
POOL
16.9344391722 17.6696784797 22.1082733712 -21.8183016975 -13.729195944 -19.6975619882 -13.3513160565 -0.0913439370646 -13.079458337 8.97638321552 -7.10859454858 11.5270021922 -8.9137062016 17.2050855485 15.5965643869 6.03560377658 -27.9810208116 -17.8035882823 -7.60503795619 -9.98341710184 2.13134134255 -17.3252889493 4.98919198688 -1.77472487439 7.35422904188 -2.26674619279
PULL
17.3646366699 21.205263102 10.1984390263 -47.1836980069 -30.71076843 5.52015259594 -12.6606055759 -10.9409933979 -19.433736744 -3.3755687695 7.77925732928 -0.329332268711 -13.5023373402 17.8422964799 22.0535347222 5.43750290782 -44.2307276977 -27.4061298232 -4.80266504433 -4.84734888307 -1.7566040235 -19.4864218343 -5.02300116418 0.668284128329 7.19283828987 -9.46582929448
RICE
19.3719114284 -3.98066082461 -27.7296103789 -7.42114792468 -40.9075318376 -10.2748010675 12.4699280579 -4.94664266974 -20.750986102 -13.8705486767 2.39708953604 -8.039753035 -0.172658875435 17.114761373 -1.50183448692 10.1386598162 0.813049380024 -52.1603515515 -5.998842323 -15.3183147179 -12.2722696382 -3.78088968557 -10.8458329044 -9.69632789 -4.75177128188 -16.8431072582
RIP
19.2851046101 -5.64275664893 -11.5563259772 -12.5340907274 -28.7567464014 -19.9615818992 -4.18792525223 16.0005499345 -8.58844300386 -4.38973573987 3.96852515349 -5.44016972588 -11.9663244172 18.1969473908 -4.34847304899 -13.1150159791 -11.6274025388 -25.6035603427 -22.3156596338 -1.44570845826 15.5333299314 -9.20403221473 -14.2035839077 -0.7711251341 -1.12190084166 -19.8199435186
SAIL
18.8101606666 -1.92154781098 -4.76671115667 -10.6440703567 -51.0908493045 -5.36932822304 1.20541753411 10.4306731448 -6.48382140493 -2.02740948386 -8.91722080204 -6.37097776479 -13.4860090912 17.5793224942 -1.99780275846 3.80049550755 -6.31739101439 -57.3245887031 0.26387759701 -4.19137353005 8.49907810913 -2.92450350167 1.72775596138 -22.794214668 -8.48476867471 -12.1454962643
SELL
18.7772241378 5.44460198535 -20.3806223943 -14.282604527 -28.7204339442 -8.54912388419 -3.20540326254 32.9995120494 -19.5608781458 -25.1277027338 16.6212549229 -4.52060429769 -17.6757745772 18.0269296093 10.9216875985 -20.222175915 -24.7806014836 -24.2135912856 1.68338763496 -17.1515488487 26.9677185011 -19.0362348194 -24.0700645455 4.23012486471 -1.62395576858 -6.38933314171
SOUR
18.8876247468 4.16348398258 -28.8652862818 -17.9535770983 -21.247058317 -3.84956512185 -1.7910575852 3.97149077927 -24.5318411877 -1.17132824193 -13.1230596513 13.3129617356 -9.18088873332 17.2539710248 16.4826065736 -14.6040251129 -30.7407259626 -19.1172947816 -11.835178331 -2.62441501283 -0.61343301295 -1.18053443901 -5.82104012359 -6.77914399378 1.75808092533 -8.88780951996
SOUTH
19.0573099649 -2.12809290216 -26.6977322329 -16.3035945706 -10.5746104693 -6.56147473975 7.60704006147 5.24119010261 -20.6985125247 -5.74426122625 -3.41482903563 8.92904648616 -14.1541019565 15.2179163076 7.05845212192 -11.1517331291 -27.2922361713 -8.5035248418 12.8912685707 -17.4109582212 -7.51262157655 -9.62095855966 -11.396957255 -1.54624796215 -14.8358159263 -1.48121119444
TAPE
18.4505285466 -1.41298203396 12.3693138116 -8.05871730811 -56.0977817417 -9.2064089873 -23.9589472486 -20.1030290007 -7.67901877557 -15.4615974028 -6.58829818495 0.28891995137 -4.25352928131 18.4218256795 -9.76746799959 14.7337428219 4.96044020894 -48.8250164353 -7.04869512274 -25.1305801515 -16.8140615178 1.04740578178 2.0430564728 -19.0344521756 6.21698056122 -24.7428083783
TOOL
16.1409614043 20.6667013105 9.36149338363 -26.4558794132 -20.9193579147 -19.1771288786 -17.6544840084 -21.8293457879 -20.4808772066 -9.6695730168 -8.79410358318 5.82483576876 -3.93776530938 16.7723226107 21.5747343133 6.96167557158 -26.5376054701 -21.5178374304 -11.8312265589 -4.0882665569 -5.1821404492 -19.339019676 -5.13257098659 -1.64481605495 11.8000505256 3.20285565151
TOWN
18.723378362 -0.464702487353 -32.712035327 -12.9356558154 -19.6513814796 -4.54458751793 -9.97089985883 -7.06010025127 -2.4790237981 -23.3711126653 6.00043639929 -9.23030291691 -11.8271219021 17.3913024745 14.3539215298 -17.88347109 -31.9657069844 -11.8750765581 -9.48656833388 -0.402517879151 -6.71863504714 -2.51208324756 -8.93394119174 -0.622624861237 -14.446464422 -3.31249714958
TUBE
17.746732094 2.87663401275 8.54305148059 0.0806331324019 -36.8371651792 -28.2051662843 -20.0986793467 -11.0983236393 -9.19072627532 10.4822076387 -8.89171176269 8.29961832424 -13.174670432 17.2232486088 5.74086162033 8.07730453982 -13.1945654512 -16.9442011949 -14.6741953853 -34.7091083057 -9.47866348537 4.36987571616 10.8225340995 -15.5504583215 18.4330474172 -15.9752383684
VOICE
17.8554612431 18.9973913505 4.62545099258 -42.1488378395 -39.5253748799 -3.75836714015 -6.61418187442 8.54794726551 -17.1311371548 -5.96066888811 -6.13211025986 6.72274206831 -1.82803933057 17.4182336825 3.49624695659 2.59845115682 -8.21006046016 -38.0487389239 -23.5223599919 -1.00178143118 -7.4021258706 5.60807451861 10.3078240861 -18.7672605378 3.34532370542 -20.701798767
VOID
17.2506531697 16.1970883234 4.3533590593 -37.9806399008 -36.1767555846 -3.60126334503 -14.3359379692 8.20901555725 -7.34811518491 -1.78353103644 0.359340771046 -4.86432551479 -7.86379096098 17.6671463712 3.94838062048 0.204453224507 -11.5653638434 -42.4848804108 -18.0045268306 -12.7573777587 1.59898467021 8.94358302164 0.862026399428 -4.44708392513 3.50147762069 -15.402831397
WALK
18.6501596694 8.7365087983 -4.21916088707 -43.2245950761 -35.9518442116 11.9517406665 -9.74075267229 -2.99744650045 -7.3070177412 -8.48661626291 -1.69307460862 0.206790118421 -15.0384074446 15.747594007 -4.83328718773 -7.40877228826 -29.1244163928 -1.33476110086 23.5369955195 -18.6327248932 -16.0963935725 -4.16857522747 1.67550813267 -0.692565620384 -7.26361286538 -16.4729562754
WALL
17.5577060247 17.7484870619 -7.05064393219 -45.5384378397 -18.190719959 10.0878075248 -5.68515569452 1.94539492854 -9.90841257623 1.90974592882 -6.93343931953 -4.36889865249 -9.42177685989 17.2039188746 19.2055957512 -10.5916248855 -43.0808912931 -13.9027118712 5.98409062565 -6.54118258762 2.70138518911 -21.5005430127 1.19257808863 -3.47073984793 -11.4361722618 -3.55406329244
WET
19.6920666339 -5.44664323386 -24.7458685233 -7.39464038864 -31.0264094368 2.60494754416 5.63946718327 14.8186048906 -23.9396975891 -17.0477189183 5.28502046698 7.11893893728 -10.3252709776 18.0528311158 -6.02099412809 -11.3103378486 -8.85104293578 -36.0227659196 -5.99641721578 3.75549740072 6.60879726582 -26.8078783161 -15.4010958608 -7.19049184436 -7.38871733847 -12.6466084231
WOOL
16.7522061414 24.124443688 8.75014638035 -25.5305239628 -33.9887069325 -22.3478118326 -11.1599213565 -0.893103220499 -8.81460570775 -3.62167773299 -3.62665838998 0.314900472178 -4.10553065366 17.6063656751 21.07563753 4.52685654469 -44.0758129181 -37.4294430599 0.576123901503 -13.1895396154 15.6479330997 -27.6968353953 -0.123336058324 -10.1247622905 2.77768399532 -5.1111465372
WRONG
17.8828388611 9.15455900026 -20.9723358561 -32.1085600882 -5.76811527518 4.31047149951 -21.6348477622 -5.56250715395 -2.86195393737 -8.9106511255 -7.51830337167 -14.5066112581 -2.61082814658 16.9928881918 16.1008623798 -15.570297803 -33.7475451557 -4.49141052763 6.23094712952 -27.5236244309 0.229432362095 -12.3775064879 0.500992075831 -8.36976388613 -24.8997095369 -3.23077224973
