BEAN
18.9838496721 -8.57767446662 14.1681371816 24.4806500736 -62.3693112646 -7.91382865046 -37.3603337565 -5.35770709606 -22.5734224742 1.45287206477 3.62991387126 -12.5815039415 4.07525926609 17.7014606524 -5.19480528205 16.3664617012 20.1030284304 -46.8668600939 1.5690214096 -27.0436916673 -12.3544733911 -12.7681121713 3.7575011243 -7.2722150386 -7.74265312156 11.2614661073
BITE
19.4120895744 2.596633194 -29.4040705035 -6.87871392621 -34.0950723742 13.5518969931 -11.7589165134 6.5120573572 5.86427990033 -15.3864070844 -23.2716108368 -7.03093212361 13.5047026193 17.4790644088 0.47437522124 -6.59564883226 21.393281882 -42.3521860466 -27.9329292468 -12.7018656894 6.644710139 -10.8712885223 -4.94124102715 7.64049398854 -5.45747347522 -7.03200636513
BOAT
18.7783922182 12.063563687 -13.6781865911 -5.43461857645 -36.6867803846 3.21168608424 -13.0435306416 -24.2649490283 13.2223748827 28.1889771728 -2.66342085686 -19.4092325349 -17.9621906041 17.1796583028 5.79378981938 -2.73712102287 -11.6213757728 -23.8873242502 -6.9580789807 -21.2668581361 -25.2878533706 -4.07396646593 19.8518389352 -2.33204581149 -7.32371359482 -3.35730844832
BOIL
18.0309249463 11.6256088343 -1.13557936349 -20.0038616604 -63.5426961716 10.680125753 -8.61885051253 -14.7574129315 12.1428470686 -5.97342819067 -3.20302771493 12.8222076568 -18.9945711488 18.3007643518 4.73304593521 -21.7643914981 -6.83087815623 -36.7880413081 1.60789655701 -19.7241551476 -4.29062837971 10.4624426674 19.6818572423 -12.9889822574 -14.4994568573 -7.96503370643
BULL
18.078533891 11.6945207394 10.7119282593 -18.8258173037 -37.417215273 3.33789305482 -13.1886106124 -21.0800279578 -2.74210979221 -8.30737482618 5.97978865417 30.6867315895 -7.60091005785 18.2867557878 9.6148515073 18.6672370314 -23.4398365188 -47.1519494139 5.82900986493 -11.5240440701 -20.337872915 5.14284631635 -13.6451554092 8.26993678478 28.402311051 -6.90326119214
CAB
18.0047837012 -22.7671582312 -10.1148912665 5.93420645102 -37.8066267493 4.82148148941 -1.48474160915 5.181018351 -7.46948066395 -6.98006448111 -0.0173741238575 -5.63333185759 1.12338799978 18.947537528 2.1505822794 -31.989661033 2.71370527603 -32.4287375343 -18.4625745478 0.980120802328 23.0075192851 -10.198817052 -13.4019777315 -9.92655760126 -8.49677077092 0.464942443963
CALM
16.8310015532 -19.6698738476 -19.7594184464 -18.3158819096 11.4570291467 14.2176010064 -19.8858654912 -3.19260030384 0.137466875342 7.2085441284 -16.319047391 5.42074237316 -7.9755259313 17.3612267052 -17.8097505927 -18.2250459213 -18.0890864143 -21.9580684928 40.3428536311 -2.95534299674 -10.3466229234 -1.26405263026 11.4207997632 -10.2934529853 9.13531917149 -4.79979618635
CAUGHT
17.826365829 -20.6331201744 -19.4724422571 -10.4730557049 -1.59278195079 6.79818426493 -15.3650340266 -2.16044277588 4.37341510204 1.18632106983 -13.0659625608 5.32783276839 -3.12784698851 18.7383399578 -0.411862538689 -22.2880127783 -28.3730313968 -32.2444994269 25.8063908367 -7.29956246037 -16.8008279867 1.36163842646 -3.55174391621 -14.8800974215 -3.43171623395 -5.16607462813
COAL
18.3389933745 13.1733124474 2.30830069431 -24.9725259671 -68.0412824229 7.85931430495 -12.193028428 -0.935658712245 12.866333646 -15.8815487216 -2.2144962776 9.04225347472 -7.53098229867 17.1011147106 16.1363712516 11.7593974172 -22.3261582101 -53.1658157384 -13.1822169884 -22.2310638837 2.77269524611 15.4488239233 -16.5919933661 5.22612732909 -5.85578623923 -4.25499483813
CODE
17.5328637728 -7.16969657661 -21.6376443534 -8.23798572909 -17.1895776679 -4.76864832203 -11.4030112986 -10.219808402 12.9409318699 1.25845259069 -13.9808424158 3.53624524665 -3.93931491991 16.7500319159 13.7694944915 6.83590169712 -8.65946182428 -22.0783777316 -15.8504456133 -24.1286382493 -31.0334855051 -6.48289352566 7.40796355733 3.86937550021 3.28333113033 -5.7106206563
COIN
18.3800175817 7.19076813935 -1.12160211073 -14.6305772111 -64.6399335189 0.524592283526 -0.0281510467698 4.4320415013 -2.11919977168 -7.00837521398 -16.7347617898 -7.64731045197 13.8334228578 17.8534216046 2.61903775409 -16.2940084903 -1.61370532488 -41.3424647502 -8.85912566587 -11.8489602163 2.34619618896 -25.2595388347 7.58959976226 -3.50509992716 -8.8682138413 6.05942474887
CON
17.813579204 -13.1565395956 -21.3514789989 -18.3580110887 -14.3874646409 17.5966828861 -16.0804620992 -4.65068238686 1.2184729418 5.88963010179 -2.94632902361 -12.3858933806 1.34946643972 18.306333427 5.47787869128 -14.0660022375 -29.8144113806 -27.584129366 29.8214145636 -30.1169608417 -1.46110005874 -11.9577133012 2.00424652544 1.55781677872 -25.5991121416 2.15092693338
COOL
17.6140506947 18.5278275235 1.284476834 -8.34779661636 -23.8486839434 -10.0942404758 -18.5731057036 -38.4265270715 -23.891686255 3.56151860629 14.3867460919 -9.72829814438 -0.787734738648 16.5310398417 16.5716002887 10.2830857262 -7.6842154692 -30.3280786052 -13.1595888723 -11.7668187286 -32.2615304886 -17.5420082865 0.926384152457 11.6082890695 10.098133918 0.565124934297
COT
17.8075066818 -21.093762816 -22.5561105911 -5.4828110691 -8.80019164159 2.51772898603 -10.8585254182 6.29645028284 -1.11479354255 -2.92843263737 -10.6996688873 8.40473318633 0.0470078238779 19.5694661747 -2.87207794552 -35.0595002061 -13.6806807209 -23.1146687649 22.8299420176 -14.2452846291 1.88016856795 -5.388427395 0.805594915491 -27.301816454 1.76540486534 17.8601771311
COUGH
18.327447111 1.19474916919 -20.3262206292 -26.9397597776 -40.9873948354 33.1695680155 -3.01706385616 -9.96018059898 3.46474499601 -1.50904762133 -4.79808808957 2.74981106638 -9.90415403352 18.4753451037 11.4781620004 -9.10025484464 -39.3777349987 -47.4120942678 26.7301795185 -5.41626043738 -1.6731362765 -2.65901050865 -13.7260447715 -5.21693047174 0.38752769892 -13.3851904684
DEATH
19.1971559399 -2.22730817708 -9.61894374394 10.2068768163 -46.9274592648 -11.6943750985 -26.2877134346 23.2576707918 6.59141403801 0.258756811324 -9.47620257121 7.14413651947 -6.82071412463 18.7371229909 -1.77544383884 -23.50800094 -3.95271034393 -40.5711739613 2.34568413837 -25.5727972297 15.4653141492 7.03033415433 -9.50283236723 -28.1481980176 6.47024690156 -5.87279513953
DIG
18.2638955455 -0.382256229903 3.94876618793 27.9814973309 -50.1077417119 -25.9545329866 -34.8116458373 3.61053681906 -19.1243129221 3.09314418674 18.488399485 2.66350988764 -7.64442731114 18.1100549524 -2.39207848405 -0.994773303673 26.8700581735 -53.8789080955 -29.3659277045 -24.9629087686 0.14813607504 -17.6767135852 4.4689737847 11.5183341909 -5.91517132732 -3.83511349699
DIME
19.2687493252 -3.49148084531 -23.4372112213 -16.0511506878 -31.2593952269 29.7186255437 -34.2905375807 1.20852357954 2.62104512243 -9.46206062373 -18.8149996749 -8.43885281018 3.04645966936 18.4464644303 -3.00740075728 -25.5700681415 2.94805850779 -22.6974263319 -6.19885916939 -28.6889920622 21.1871903944 -18.0282903397 -0.0262152974505 -10.8307554826 -5.51011375035 1.952127305
DOCK
19.0971083042 5.94086408276 -25.4452051269 -16.1844590297 -39.0293117567 24.4489257439 -12.9355401482 -0.89691676356 10.7834096122 -3.95781426222 -23.8227816838 -15.6730567995 15.6531303452 17.4422347637 -2.18915425317 -28.6618827227 -13.4149537796 -12.6906317214 19.3424491142 -16.4544396982 3.26983653425 -7.71364123705 9.66391804152 -17.8866674356 -14.7861959986 12.3888480061
DOLL
17.9061387831 8.27117639067 -12.4565672558 -29.0161340941 -38.4387559686 21.0899240083 -7.06911256728 -8.41810787078 10.3473613784 -10.8868609884 -7.34045077572 -2.67134702076 -16.784110998 18.3480545738 6.55064690933 -5.39762564639 -38.1392110708 -49.7718844694 30.7634136982 -9.72480938981 11.9734634907 -7.04970705615 -16.98816923 1.22474346771 4.28166923154 -15.4298681909
DOUBT
18.9717540872 2.19169666901 -33.1857601853 -4.42901144493 -26.7519685488 -6.06973493343 -3.19288015115 14.4990732559 -5.84980756281 -20.1162065713 -18.6304510169 -3.36552751229 10.6640452593 18.8548997245 4.69037214332 -30.2915327166 -16.5226768959 -26.8651912576 22.8288660507 4.71614911793 -6.7095442916 -4.69649501445 -2.12172754574 -7.83375869036 -10.408046804 11.1681684736
DULL
17.8040394936 3.48617673369 -4.66638430467 3.65689219748 -36.2232200423 -9.47313864406 -49.7135986376 -9.4214119179 25.192290548 7.01649538897 -14.2127958889 5.62058005106 6.11753653 17.6214163458 9.80191938226 -5.34150219433 -7.81065044265 -40.0710405273 0.685955753629 -42.4253641547 -19.9104522658 25.6804860337 8.54204917892 0.424197729802 -6.33324498802 -9.73662160879
FADE
18.6032036079 -2.83782123292 -10.0447755404 14.4870420653 -46.6647675381 -23.877796069 -23.3461348213 16.6746428324 -3.0138645332 -3.26502475147 3.0708396274 -2.59940376422 -8.70392210167 17.1047848071 -2.39600159998 7.60353303643 25.865076263 -54.1440484956 -21.8984345952 -26.4344315037 -19.1664922193 -20.3843039483 3.77115386929 9.91569736266 -10.9413683841 8.14167500385
FAIL
18.9318384146 -0.2570151986 -18.1489608116 11.8167302149 -53.0062059055 -18.283323935 -15.4222111538 19.1276788663 4.70697612724 -5.23003151891 -4.43471621221 -2.79426759435 -7.80828819491 18.2594607783 -2.33478023961 -10.0028903284 19.0828487087 -52.6189838383 -29.2280043409 -14.3952391868 7.92718321796 -0.896205891552 2.36465204715 9.27965367118 -6.25750110189 -10.3057843886
FEED
18.260534658 -6.5643580829 6.20844685735 23.3380901247 -53.1986437891 -9.94434504705 -35.6075179576 -8.42231596207 -20.0309057235 -8.10899125784 8.63620771153 -12.2874689254 0.414074391648 16.391737592 2.0329989442 16.2242309154 27.4116401106 -48.9352722385 -13.1535827931 -22.3162627849 -20.2412169095 -16.3178597738 -7.58575944648 1.01056087545 -12.464666766 10.5025067303
FELL
18.6473937121 2.09933411387 -13.4634573132 -3.13584028956 -38.420447844 -13.3872221536 -42.3670430061 17.4137621221 14.6932777712 -6.13746241191 -11.495689 0.160780755078 -2.5885677695 18.5018400978 0.847935547227 -14.5501663667 -8.28827741502 -34.416210748 -5.81172379485 -40.5841995027 14.7857931268 21.0183698173 -5.75874571525 -23.2168900709 -5.81632536909 -1.85635720854
FIRE
18.741136858 6.13425285191 -22.3389316675 -24.4955358711 -29.3976648201 26.0921908731 -16.7141624687 -2.14300581511 1.29888949004 1.14775196233 -30.3243270357 -1.30923927936 -0.576403861384 18.3928253756 8.22173996652 -32.2829388659 -8.33002816678 -18.6426466256 -8.58047563742 -7.76320259155 14.0215280799 1.19829291984 -18.101004626 -19.9568468819 -3.59606795512 7.16200277099
FOOL
17.4233925791 14.3748724912 -5.28963864349 -3.82273148764 -28.5267935505 -12.0619271373 -27.451480266 -29.7408638221 -4.27574395544 15.7373413108 2.96283614335 -9.55232651956 -2.80804258155 17.2177383812 18.4286334881 5.50168792738 -14.2759151081 -37.567057468 -10.3014870426 -13.2603406414 -27.6933123289 -10.7429639276 -5.04186720204 8.80231780479 13.0261356475 -1.61905083805
FOUL
18.9589213689 5.01624572946 -35.1128353917 -8.48068902132 -27.5109349828 20.4639532422 -8.72978352182 3.18335304548 2.23155262806 -9.34326411673 -20.789026228 -11.9258225807 25.5455346921 18.5776355655 2.79475870143 -27.4013059187 -25.0250978639 -27.640567631 33.4643761683 -6.26065819467 -9.56864138846 -5.97830963585 -0.553747024088 -14.0996840076 -3.33206447006 4.50375843387
FULL
18.1559140652 12.9916905945 -1.03100469397 -20.6585293171 -66.1455719809 10.0393973065 -25.8974210913 -19.1074968362 3.03833134833 -13.3348521528 10.7588605846 8.47557427749 -20.5881394251 18.2115653544 15.7400986464 3.95990372945 -21.1474683572 -60.9834470998 14.0541122248 -22.6034418029 -10.6628122239 7.91736618421 -9.43600054123 17.0776090479 11.6956057118 -16.9812637696
GAP
19.4884430794 1.37930416157 -29.3613358406 4.0555865881 -33.9513070316 -25.0577246978 -0.00767963080275 34.7660737221 -15.518129483 -2.4909024476 -8.07837920894 -11.3691004528 -3.50169210607 18.997993962 3.65188585003 -36.0309041532 -8.57193404604 -19.7435816053 -4.72565365519 -16.394757063 24.3816388492 -15.3438045588 0.521432891365 -19.1820828329 -12.556442046 15.182808702
GUIDE
18.9425063411 2.13880784639 -35.1419070163 -3.61935184741 -22.7295238307 9.7437807659 -3.73501669149 12.0804614983 -0.902064537554 -20.9234477448 -23.7925275779 3.37267961255 14.6048868913 17.3951602017 3.78759788058 -20.30377202 9.95015077 -34.6659796696 -20.5164724146 -9.58896501153 14.99569265 -10.6538446546 -7.95307040178 -5.29861096937 -10.6535331578 0.600852886792
HEAD
17.9160726024 2.74618237521 -9.04074656924 5.08285006088 -42.5484830812 -15.3643875406 -21.3674239784 9.05922067327 -4.90950120269 -9.15929435238 -3.19196979993 -4.80982224033 -22.2006952562 18.3261339202 3.43834862207 -11.4344002302 5.65806216708 -40.3577572848 -21.6185749902 -23.0527890456 17.4979427706 5.53610287416 -13.5922013042 -6.21052147706 -2.62240808385 -17.510905512
HEAL
16.4194775785 -10.5580539768 8.06855617024 11.217168536 -46.7284529038 -5.47430742825 -17.2444432796 -13.7724878208 -14.8930471741 -6.03901749808 2.33716909232 -2.43881786397 2.18500840309 17.5326164338 2.36330922266 9.815033669 23.2189451119 -43.9009677802 -17.4551525253 -26.9390272159 -17.2872012806 -18.3362644396 1.78462024798 4.84306326281 -7.86367512094 2.11918145436
HILL
16.3021940836 -11.1692991276 -10.7658231948 12.1693353493 -36.4100236286 -9.12410010048 -15.5864515057 5.20585652134 -12.1366501413 -12.9753859173 22.4928699063 3.29360652524 -8.16838449049 18.4131951329 2.35769165171 -9.03202783215 15.3483157128 -45.6126489793 -16.1851739599 -37.3595688627 9.12234953719 4.42067056519 -13.0320808726 9.67028536277 2.86920904293 -9.81344360717
HOME
17.0555250769 1.84912175869 -9.24095575625 -24.1964178629 -29.0026457441 27.3347442357 -18.631289339 0.153491804929 -15.8098096437 -1.22827140002 7.90377813243 -5.08399320875 -3.08487856673 17.2641172528 12.690038513 10.464849026 -20.1949733428 -46.7265069337 -4.77116609727 -15.2947487487 -0.356259604269 -9.03257585363 -7.62131964045 -4.01672471943 -2.94185283812 3.22942163658
KEEP
20.5146098162 -19.1617111317 26.2375898184 14.3120031498 -28.4287918083 1.39989604586 -27.6294944281 -9.46247240329 -10.1424995557 -6.40654830572 -16.4977690754 -12.5064800149 7.95671419566 17.1060895926 -9.28010057348 17.2493618117 15.5888918493 -10.2253917647 -1.7427947542 -20.4480918474 -6.70311643251 -17.9363730357 2.08965184519 -19.2206596381 -11.4580871305 0.276147853902
LIT
18.7122787903 6.7009150714 -12.374817787 -7.57883952885 -37.9129948933 -29.4104485916 -27.0104780278 16.5015941019 -3.66655637361 6.9453333993 -20.5649145274 12.0956707286 -7.36428446316 18.9774088797 7.41036141572 -11.7495313459 -4.63510301963 -40.0927468249 -24.5315648743 -20.5644988494 25.950601237 -3.25359229071 5.95684450324 -13.0188064291 10.3984962765 -16.0340662363
LOUD
19.4458112129 -6.740389373 -30.8844427168 -11.3427729079 -22.68152544 25.9515371714 -15.8881306666 4.5312946587 3.6593952746 -13.8643184724 -26.1304470684 8.84315904425 14.2632448595 16.6406041267 6.78455413106 -14.2236365994 -21.2994168803 -38.8857435431 16.2136492871 -6.10565462733 -11.4919201034 -5.38882986654 -3.19648526616 -6.80017380306 -2.66646555207 -5.05912728147
LOVE
18.4658212417 5.1341351325 -12.927831979 -22.5688067379 -41.4667904426 28.9864432839 -31.2054912803 -7.63715835651 12.196148421 2.75741581121 -6.77379587026 -12.3530920255 -17.0713146477 17.6726085057 10.4331317997 -11.1006308186 -18.5878768895 -39.1368309293 16.662094853 -31.6537079042 -19.9877762792 14.8376713697 1.98604227946 -5.81236059017 -14.7205997533 -14.3290923106
LUCK
13.6000587377 -16.8657847567 -15.2402921894 -11.4424100502 0.118086968379 -2.48258509088 -20.1835191906 7.22454178376 -0.458569345152 6.15303425678 -12.6461903732 5.04022014151 9.59952352189 11.2138204632 -15.4474140591 -11.9247100913 -16.4827001161 0.831999312611 -3.90475978068 -13.5394350753 0.158920968504 10.6036958925 7.74898845676 -8.28198952937 -3.01987198344 7.2302352351
LULL
12.433164644 -8.36622559957 -10.3352990661 -20.0369914315 -10.8346803437 3.53003832701 -14.127984035 -13.1497586719 -11.459995103 10.4225030534 -9.70405239943 -13.5949481027 -0.957805111707 11.3698756677 -11.4398733655 -8.84109174981 -18.3337150183 -4.33817215164 -3.69265686001 -15.8415775044 -9.17779098145 5.08756243378 7.86481482253 -8.53381177969 -8.23858320002 5.05234550032
LUNG
18.1120816121 10.458913048 -6.74173850147 -29.9042095788 -29.6543815397 29.3728487061 -32.1367009835 -15.5863667553 -0.571825013477 0.705708840283 11.958582056 -18.7072545742 -24.5957155723 17.8345665983 10.8681787742 -9.84927160609 -24.5225026984 -32.6334318628 27.8698743856 -30.3313843307 -17.8892979444 -3.10492180466 -2.09522551414 13.0248465924 -18.4686387601 -18.2968062442
MAIN
18.899848672 -2.30968675217 -20.5089098288 8.85103892016 -36.4730587922 -10.4453283436 -24.6193042757 20.2320216553 -8.25303973686 -9.70004875212 -8.36388943829 1.85056633106 -7.18253836258 17.6430959078 -3.26770511861 -0.39621670325 12.4071783316 -54.8351950583 -8.89154831796 -19.0130155369 -8.77445488426 -15.1332944911 0.494504311688 -7.51817172162 -2.31206453261 -3.96545623984
MATH
19.1249253246 -0.113689260915 -31.9143885656 -3.28498392972 -20.961966449 -16.2647357778 -14.683740788 16.0711065114 -17.9202809963 -12.6448955453 -5.83507738222 -0.924915030264 2.50533907755 18.3920780353 1.81031961025 -30.8767633479 -7.13815446461 -19.3300407097 -13.1420181948 -15.8320032147 7.87821661789 -17.4494752703 -9.49344156847 -11.193415213 0.18379732402 6.22522130321
MEAL
17.6715761455 -2.95551032887 12.3801407063 19.3085113872 -52.4272565231 -11.2120359379 -33.5459155202 -12.5718931155 -19.569332584 -6.91785087891 9.44449851943 -14.4218052315 5.45123637047 17.6361264063 -0.729756014436 11.0563472612 21.7862324138 -47.5695473314 -19.1485947839 -27.0976255993 -12.3983234229 -13.6361066178 -0.167091266522 2.76310681759 -2.29939697334 0.522401571826
MILE
19.0069163245 -1.2599623854 -24.8308818897 -27.8975498615 -26.6533582231 35.6895517887 -27.8260436864 -2.64320460855 -6.28948687498 -3.12425844345 -11.8106323329 -1.47655953642 -9.37137176615 18.9522536171 -3.18848449387 -34.8514428735 -3.30549694985 -24.3529412811 4.5500320156 -20.043752792 9.39731980433 -10.5976809639 -12.0416814462 -13.9628015698 -2.25772404086 11.7248781459
MILL
18.3571856703 -2.44561993362 -8.04664218757 14.9036039677 -44.3386619678 -21.2879398039 -31.7139540331 27.1973534484 -8.98072310125 -7.51203857098 -1.14884202801 4.10451181401 -13.3887789392 18.5078051141 -1.94921451669 -10.912386727 12.2149428859 -41.4757559865 -15.9199432934 -40.067297281 26.3571207251 0.959644209965 -13.2202572241 -6.12504757289 3.24497097079 -10.1359238846
MOB
19.1637612984 -2.57688525608 -21.5269520427 -32.5775324371 -29.7649489688 42.4115155362 -27.4015733046 -5.41830660659 -7.71999700784 -8.62774735391 5.04913861602 -10.8143063934 -6.23771838526 18.3636594131 1.57734985729 -14.2069279537 -27.4905371809 -31.49541063 38.4808448963 -30.2601794609 0.222933495118 -6.19735960829 -1.80506880884 -1.69872527523 -10.9516796908 -7.32019540699
PAL
16.3882740423 -12.4446702173 -26.9079095134 -7.92911971304 -16.9954758941 8.12347321446 -5.55004272202 12.5723372437 -1.63572704871 -12.1251875612 -6.48496902927 10.7628522121 -1.7689260605 19.0041403308 -1.05741827779 -34.517524917 -5.41225974914 -31.9999994308 16.1826869568 -16.8289453533 15.7884601351 -1.01640605314 -19.3256505382 -25.1453845718 -1.37418916172 17.5470571958
PEN
17.0840076652 -13.2603362739 -12.5265552582 -1.89898479807 -26.9783723453 -7.90600519408 -3.34272211652 15.2288656012 -0.0306353369428 -18.6680696791 8.45224512371 16.389091886 -14.3628986233 19.5189823098 -4.53509346553 -20.4493687145 1.69723817659 -28.4759994847 -6.59826277301 -29.6043513478 21.9151937522 -15.8341359283 -1.94598678668 -8.80593915267 0.842667067496 -4.60006152349
PIN
17.394867484 -13.9847783558 -9.32120683608 3.60451500255 -27.996151555 -11.5721353102 -14.5157292948 10.8177246788 -4.19379386621 -4.13515063535 10.7647428945 12.0140967673 -13.5706234304 18.7861178674 -3.2934758142 -11.1821439547 8.39420380204 -41.9601091585 -21.8588146066 -30.5609148998 21.0367950254 -16.7420301665 -0.603121420505 -8.51524776818 2.21997174437 -15.5545496526
POKE
17.4546469563 -4.20460428777 -13.1929006792 -12.5311911588 -25.1175137639 14.1212478156 -9.90632559998 -3.82455207053 -11.5006055085 10.8536985247 -1.90748116316 0.96428690165 -6.83566508024 16.1889041071 6.67479809064 -0.840354914166 -21.4255850312 -36.90401916 13.1164772395 -2.06255983087 -8.53502619388 -16.1551072626 -1.36706034549 1.62551829694 12.3694613377 -3.40218627835
POOL
17.3126095524 14.3734066991 -3.11057734975 -1.87101511939 -25.6711979575 -5.65351250242 -17.8458964031 -39.4205708832 -16.5754562174 12.3426513074 8.89776501946 -2.36302907814 -11.0852457638 17.1659420813 16.7612002118 6.66221229207 -9.30893137129 -30.2483253699 -8.88394027117 -13.2166134286 -35.6142169724 -11.3924771693 2.93024506175 6.51097219431 9.00948727427 -4.13216261654
PULL
17.7812560633 17.1136184758 8.6616438357 -22.4178967976 -54.6142515975 0.58143395075 -13.056246815 -13.0896493714 4.43769187104 -23.6146447339 8.21729958137 8.09046580842 -13.1575878228 17.8618907414 15.7894256756 10.2320728395 -20.3556121516 -54.7831357168 -3.73957466661 -16.3962513435 -3.63048765405 6.10088788006 -21.2376457697 4.10936720291 6.29597987114 -7.78025789641
RICE
19.2411810978 1.37406159082 -33.7548122203 -0.27411363104 -32.7519372512 -2.95590109258 -13.9805500738 16.0404278914 -1.10559850035 -17.0711424634 -22.961694647 -4.44162947776 5.93655765029 18.3288859287 -4.4819675097 -13.3796898967 13.8970009225 -41.0102914858 -26.9575496044 -20.3415036967 14.6260282648 -14.8695810889 0.973329692072 -2.56285396075 -0.804231857198 -7.86545634327
RIP
19.4225119939 3.63282633753 -20.5276594048 18.2465804778 -32.7050521253 -29.6144509633 -32.0933087479 8.48070086021 5.17017873906 -6.57374750309 -2.93994016328 10.3457068534 -5.38631787871 19.0860939268 1.29722894688 -20.4717919869 12.2845454164 -31.1438273988 -17.1415815949 -36.4546810982 7.87260090386 5.32297835881 5.41679297637 -14.2772300717 1.74348662816 -5.1947100405
SAIL
18.6402987654 -0.129702688276 -16.5062843465 8.04558025617 -40.6513225747 -19.211421431 -15.143867164 18.5479974925 3.35582938375 2.21458469887 -9.53786901658 -1.06672218921 -6.40149303155 18.45232059 -1.19147888337 -13.7286244553 12.7490042553 -49.6465185383 -27.6199141833 -14.7187467886 14.2632531539 -1.11069038261 1.99478075163 -0.968297131285 -1.23937296301 -11.9875503662
SELL
18.1182645309 10.26838817 -12.1278765609 -7.42511326252 -30.2577670642 -8.27947797157 -33.147482399 9.33719213035 28.7104656859 1.5585477558 -27.2725583505 3.66980253045 0.939868423505 18.226598485 5.1873146503 -12.6799256539 -23.2157805066 -37.5611248278 10.0603838051 -33.8586160233 -1.83370932883 16.9891959567 3.26340988318 -22.5597078688 -8.59252274229 -6.9842847379
SOUR
19.0263461104 2.0864790199 -28.7019040803 -9.3434747165 -32.7425534108 17.5470614606 -16.0896588766 8.3842383666 11.2132208818 -8.60020723731 -25.4980524836 -7.68323833437 14.6014723442 18.3123683134 4.50655101496 -31.8533408594 -20.8498017049 -24.0102210634 17.8225894441 -10.4182822845 3.85474050902 -5.91306447202 -9.6232950962 4.55460843151 -31.0441591013 7.46448708847
SOUTH
19.2723228591 -0.0837440046193 -30.8667441589 -13.600308653 -29.8246764587 17.0657408873 -16.601404552 8.90647285159 2.36515399808 -0.839345006039 -26.1190682475 -12.3272513123 19.9438871149 17.7504323654 5.50974703632 -16.8093358713 -27.347533135 -38.6201055038 28.4303665449 -2.88572782769 -0.568985336388 -12.9573157198 1.4658939648 -10.345411606 0.366846960607 -2.43943865084
TAPE
18.3095760702 -12.6213673196 -13.9813801786 2.87460830369 -29.1434299866 -13.3880919551 -10.6064253343 13.9352226493 -7.64318347845 -8.48065226526 7.18507002903 5.67195887103 -16.1044867384 18.5760370515 -2.89518190616 -1.44717654675 21.3055825157 -51.9337319025 -24.7575874908 -23.9240843137 3.96818192558 -14.8988792353 2.70838820294 13.4787557862 -4.92489570615 -7.30389508093
TOOL
17.3384045847 11.634058726 -2.70933031929 1.47390630393 -21.2399709367 -16.3115185048 -34.430245911 -28.7734622776 -6.2171095405 11.865199014 -0.241293085908 -10.5463839877 4.77238270866 16.6542666997 17.1389322319 9.84977998267 -8.19088360015 -28.3550212875 -12.7486096654 -17.2953542307 -31.9127097865 -18.1179501411 -2.41708370294 7.32227782426 3.79972948383 0.0611231648853
TOWN
18.9380203738 -9.06780941793 -27.4412498752 -5.18154595089 -26.2122838853 5.09484006871 -17.8015490361 10.5099405353 -5.26803239053 -11.5900494262 -9.6583455242 6.20997485558 1.57084412705 17.9227107673 3.02985815101 -16.8336493077 -22.343769415 -33.2835615858 25.1058312301 -18.2779059672 -6.59906577135 -8.3558964882 -7.05790451034 7.07134882848 -15.7728836865 5.33111486805
TUBE
17.357654331 -5.7428339347 3.31094579745 10.2895701092 -12.0080088579 -22.5561815246 -28.3856337096 -3.81864438629 -9.83172103255 -11.5623824223 1.34262380751 -7.73079493071 10.4799828048 16.3624788422 10.3698488736 15.1464680082 3.0036991153 -14.6596302893 -14.0882885391 -21.0553347754 -30.520251539 -17.9308408689 -3.43190850758 -1.38971973598 -22.0939203538 19.59280755
VOICE
17.5423198621 12.1826027209 -4.63645046274 -19.7559020645 -60.7595528064 10.6257867165 -8.87473565431 -24.3019012159 0.968356924062 -4.87248930529 2.39436943342 16.785399585 -16.210529431 18.0074787446 4.99570245115 -16.2643668839 -0.239735140891 -32.4643200872 -16.1061178792 -29.235458465 -5.36459955626 5.1546021977 5.75831534566 -2.63148376712 -8.55904404558 -5.18574616268
VOID
17.5562304811 14.9407008329 -0.185430073659 -22.0567023021 -59.8779630189 7.36319336102 -9.41202043212 -10.7953374059 9.33902421981 -15.3826719801 -0.556388071641 16.9992190371 -10.4149026915 17.8054542412 4.46031627228 -10.5400073452 4.48416602118 -43.5667237612 -12.2331454994 -26.2000649953 3.95102669226 7.04292467044 2.64011614091 -1.12891947833 -4.24901393878 -8.90080558181
WALK
14.508132234 -15.7369862044 -13.6808909103 -9.24276823834 3.24447899042 2.05314822181 -17.693980256 12.2232848533 3.51525976692 5.70376572335 -11.5912483916 8.3774341721 -8.97212077992 12.4795847217 -14.5566249947 -12.978930808 -12.1227784633 -6.8782508942 -6.64398865914 -27.6503947802 2.47453201567 9.99341260738 2.76943704011 -8.42887046567 -2.36762069753 9.6095884533
WALL
18.5428564725 8.43300796289 3.82926086443 -41.7454480256 -47.8946996988 19.5312691666 -7.66681323076 19.5887348675 -2.05949952639 -13.5466170814 -3.0379762827 2.45735556226 -9.71120010002 17.2581684299 10.9825882492 3.27319286678 -40.6019330071 -43.8416978942 11.0221003762 -5.08661888408 21.0029927241 -4.34480859736 -12.1471102405 -8.98978994963 1.40258554663 -14.1023531852
WET
19.5465505738 -0.648943444957 -24.3512768483 8.30028891339 -47.4831323451 -13.0930082373 -10.6070178058 19.4730090379 11.2436117888 -18.9231122825 -15.6921738504 -3.09837351591 -4.07656621286 19.9090740979 -1.35167470619 -26.3084213111 8.75118947303 -52.7676243037 -10.9256064877 -14.9233758689 25.6316979189 -1.40598836396 -11.7691944009 -13.684325328 2.70555294054 -15.0315595643
WOOL
16.6012949924 16.6848171146 21.9838387886 -15.8838186227 -44.1394377913 -15.3018045446 -11.1068076466 -19.6865947125 -3.99519856113 -15.673016832 -14.2737804282 5.58703560358 -1.93949231759 16.7186746855 15.4856102769 20.6292997121 -18.8279536026 -47.9089805645 -19.495488556 -12.2832605991 -16.5970233159 -8.45510656984 -21.0221559705 -11.8049848362 10.8923881518 -4.98249084539
WRONG
17.9977047018 7.20482696463 -5.45042907207 -40.7028545618 -36.8590750715 21.5391869325 -16.3487458227 0.0947882930747 -10.9717780853 -6.29753896453 5.51711963075 -14.8871106716 -2.07201012819 17.5339607293 8.1968931648 -4.7323786343 -36.2697329895 -37.9626414271 28.8417009794 -25.9263573387 6.32493704618 -13.4842676145 -6.63091910033 8.99174211717 -17.5594210781 1.27444770665
