BEAN
18.9870624371 -7.59856805177 17.9243532444 -9.38449150349 -56.2263362848 7.32373404212 -30.4832626924 -10.5290360188 8.42295856818 2.7350774677 -2.50847473174 0.326644491933 -22.2979132107 17.2462711711 1.87817673933 7.04110069967 -14.4095309117 -53.876749785 17.2581645915 -42.8002847946 -17.717794276 8.3453833188 7.91297111052 5.28485928212 -9.53707906004 -8.19342326056
BITE
19.7141500339 -4.9310167596 -36.9325139748 -9.86008267771 -21.7518484529 9.88546607301 1.07670431061 -2.58680513093 -12.4909569978 -14.24490432 3.56234012605 11.8025271312 -15.044778092 14.4027755296 -10.0880280423 11.7880623661 -8.84808834942 -46.1575198375 -1.77614203531 -15.0862687438 -12.4092196066 14.4543075358 -8.51313874673 6.25615279486 7.52389279005 -7.1207425358
BOAT
19.2667128872 5.2693764729 -23.9038369184 -35.5096267847 -15.1159500024 20.30676797 -22.3775517017 5.23779771632 7.93682844157 7.74823822898 -17.5529177995 -2.48470853383 -13.5401807366 12.9094511315 0.890187603725 -1.09787947811 -26.3989802526 -19.0996819788 -2.08848919648 -12.8395248772 -4.79332948631 -7.37239562442 4.72101402316 6.34689742325 3.49460337076 -10.4753005139
BOIL
18.3976030185 18.684816073 -9.12861520145 -39.3696281805 -36.0696303034 15.1786920827 -9.29866962106 7.59368641457 -13.2482220603 1.30801239584 4.03525496948 2.95892780874 -14.4162373877 18.44046798 0.418285814456 -26.0818063632 -15.7328143206 -23.8120193617 13.5512841632 -12.7714278391 11.1709081289 -14.152359774 -5.43315269405 -0.0795988407703 2.26485290468 -8.15513849248
BULL
19.0863023268 12.4025324333 -14.1860078716 -43.4144635291 -36.0813455437 25.4080082057 -18.2704050688 2.28362808256 -9.26770264299 -8.3165629485 18.057152234 -2.92446741868 -10.1506961079 18.8615072604 9.82978099727 -12.291372051 -44.7997615758 -34.8480859842 27.1356232262 -22.4429003728 11.9997883837 -13.2957687877 -2.07498942644 13.6544105761 -13.5803681612 -0.971848869525
CAB
16.8578994378 -20.6817189729 -0.259016564318 -8.57765223699 -31.8844453463 8.57419142734 -3.16629107862 -7.4454138573 5.74241225414 -8.47678065654 -3.09405842704 -1.75119524833 -8.83291957141 17.7594397378 -2.53599614404 -27.494496193 -10.4072812347 -25.220859913 7.45472277136 3.42498596994 -14.3556993061 -11.55879436 -12.4731657895 2.07043886625 6.43277890567 -12.7813309391
CALM
18.6236130261 -3.22255526682 -25.2498335725 -30.1474461854 4.1484926222 13.632100841 -35.0688289001 -0.699008309233 -8.3883951272 -9.03898092912 -6.05978484807 -5.69130250249 -0.718351699249 19.1055493839 5.8447247973 -32.1078739839 -30.5855382961 7.5833965722 25.8809624551 -47.9393870077 16.7582999899 -21.9431689906 9.21345310656 0.427107390717 -12.5822154456 10.7700187667
CAUGHT
17.6938974025 -5.09717142126 -19.3647444633 -30.4598931668 4.83807344047 16.4260633649 -15.4657960545 -11.9744547734 1.1439133484 1.47426297642 -14.5759110654 -5.93546764082 -8.91692977662 18.6968095768 -1.9015108922 -39.3381040092 -15.6522650054 -8.48344860209 31.1136734256 -28.0880894368 -4.57548816669 -6.46729864149 -6.89123664334 1.42013458539 10.6362445732 -11.2700382389
COAL
17.8912370647 7.41765324346 -13.4809571842 -42.9825565079 -21.5879846976 19.9544661288 -12.3678424565 0.887176930247 -16.0927606916 0.670210538233 1.27237003869 -2.18068582605 -12.5780102217 14.073526649 7.22452555772 -8.47048490949 -39.5748219461 -22.8405685772 12.4316265923 -9.73967065571 -0.36398657854 -22.6302683506 6.78555393313 -0.52404832411 -8.71899607736 1.33789157999
CODE
17.8590013753 -0.22631845787 -19.5494089692 -25.8082960211 -8.58274254655 6.59917944915 -18.4389256945 -2.16900473387 9.69427126082 -9.82695724093 -23.0795503015 5.51229658091 -6.90182568909 16.132525728 13.9663119391 -8.85655246424 -30.6961292624 -21.6047644879 2.63662247914 -17.1904565933 1.07434932546 8.88688240084 9.68904996577 -4.86812552995 -4.79536669189 -21.4740275842
COIN
18.1962869166 7.76892783229 -16.9900033649 -37.4443519493 -20.0578143475 11.4822552874 -3.4753318721 1.92194351444 -26.7001951355 8.132040566 -13.3697705703 0.249966471476 -5.69731060767 16.6913273781 -3.79010435007 -11.3552883516 -16.797398388 -37.9095199984 9.09965352547 -21.4484824441 -6.38219769991 -16.5001542864 -1.91206607174 -1.75379027265 -5.7284763498 -7.80438920849
CON
19.4813230442 -6.70118083717 -33.126426381 -2.20422407125 -2.16494858702 6.39054853216 -28.8233465065 5.18508320795 -6.09413853495 -24.4802598064 9.69374974861 -2.00293001705 -10.7027867778 17.7058445553 -1.95421049638 -36.0565909834 -9.52300969237 -4.5877881042 -2.9663224135 -26.6374517698 16.8568841804 -23.5482105267 -14.7216216762 12.980457163 -9.47228482162 -3.73750745947
COOL
17.9797540649 18.8112205067 -3.59456243156 -39.3782315745 -23.18202669 -4.97049048122 -6.96090282851 -0.144969749352 -13.9770732679 3.1638308946 -10.7311535137 3.56943260957 -16.5361995631 18.7867788408 15.3436068606 -13.9415001092 -45.2077329437 -28.4242913581 17.5946454152 -25.0308715307 0.819566645253 -8.70104230649 12.7326062902 9.98107615808 -10.6681182328 -14.8294514109
COT
18.5272454466 -13.9381947271 -28.2159027169 1.91976428393 -3.34611374816 -7.60267680118 -3.1290290364 -9.46296901348 -6.81647826008 -10.6249446173 4.92377866787 -4.00466199737 -15.0304031354 18.7055150395 -3.41820149342 -45.7829704099 -2.98850206238 -9.29347131433 4.07214337139 -20.890289372 -9.85439707685 -5.91243740928 -7.37519107619 9.18557462597 2.94117562744 -19.5808462121
COUGH
18.4543168509 -4.46400529628 -26.6024237497 -28.0285998338 -3.55450993396 21.423391986 -13.4295646204 -19.574804848 0.885345844882 -2.46251663564 -15.7554466877 3.22614732648 -11.3304432297 16.7435043295 -7.78812471672 -29.0710654062 -15.2446227393 -2.46267305302 16.8674613628 -15.971743996 -5.85025593753 -5.45152710239 -10.7413108101 2.77571733285 11.3281386209 -13.3120610937
DEATH
19.8655525564 -4.91004984222 -34.4759877924 -3.58512214172 -27.1314710375 6.44700720478 8.04537100556 -1.71066317723 -19.072978518 -7.02399415585 13.2579109512 -3.58469711888 -9.52653688494 16.1788633331 -10.6115744628 -28.9633064551 -4.17101041146 -12.5440439727 11.9192551146 -3.70608492061 -8.46282199253 -27.8896051824 -7.73720610726 16.9154921563 -3.93526096506 -13.828034914
DIG
18.6826438823 -3.20251533294 3.28288528839 -4.02562305808 -57.9969651456 -3.29681004853 -7.31155390661 -3.58268782669 9.58465062651 7.73321274539 -3.83812369652 0.804866145803 -6.50762783809 17.4455962177 -8.62224553626 2.00039274479 -2.15455269751 -57.8469321923 -2.5875924492 -7.73416298938 -1.86537674235 11.4986920331 5.99119464502 -8.08560517084 6.29285414298 -14.9993362745
DIME
19.6618193665 -2.67119295948 -42.9305867136 -2.26998481367 -12.3219636819 0.20939517554 -19.3358431155 5.64176892232 -14.9434977029 -13.1139102133 10.2994403482 -1.34906306519 -10.0016971561 16.3060681313 -5.5406324082 -21.0510095215 -9.76526898339 -34.008852163 5.29583608859 -9.57592385454 -6.27313577486 -16.1385390384 -3.83594821208 -2.02851273024 -2.70781048171 0.508314770721
DOCK
19.7851693051 -6.17023015997 -43.4419730243 -1.97458791437 -7.27498803845 7.01316330477 -5.58502197324 -2.46554231805 -10.4881254703 -1.61559650138 5.49971926069 3.15186415039 -13.4830013289 16.187950912 -10.5797914053 -31.4979349468 0.712027292444 -4.37914091924 1.96233756649 -11.9118227465 -12.710368634 -6.15145216491 -2.63469658704 4.13790919425 8.68479550772 -19.0786423063
DOLL
18.2563428798 -5.85236595666 -24.6090645544 -11.8015050185 -16.491244396 7.82435173893 -3.93387448397 1.65691155545 -6.5004122638 -11.960995558 3.7862603122 4.77018970791 -7.66626599827 18.3933650812 3.18176528184 -35.971607015 -27.0210842101 5.29996943497 22.8868403707 -31.4449534913 0.326466753961 -1.689828433 -6.05136156614 1.4347283586 0.423037127383 3.07198714742
DOUBT
19.7354765878 -3.60750540065 -40.6676473856 -5.39318079019 -15.9213320246 3.40445272356 -4.2309180507 -5.51027285421 -15.2986756539 -4.80155518181 9.7012009058 0.25779346137 -16.5698992753 14.7626447933 -0.342421968514 -22.4496828192 -26.3506536641 -16.1488111699 6.62043206963 -23.1199028908 0.922869431032 1.05346712882 3.98303711658 0.945040485257 0.737551667709 -9.47696323832
DULL
19.3727384516 -0.471070127291 -25.7594706229 -21.884378988 -22.5457882218 12.8955270838 -12.7085688543 22.1122374772 -13.1118200815 -15.9338737494 -1.60816535569 9.66123700147 -6.90821874631 18.9277674415 2.92696823771 -30.3101003541 -30.921677538 -5.75160115376 28.1791003871 -31.5280749212 12.2807172053 -6.63633473382 -2.86278892851 -8.84730928882 3.36455866141 7.88012215654
FADE
19.2601969804 -9.41336588277 -3.23275115241 -13.2624791011 -54.8037512585 6.33157741582 -0.192311204921 -4.1192784633 4.55233929148 -5.57976393101 -11.1064771009 0.609358700288 -9.56617319097 15.6723518793 -3.28599423495 14.2857396449 -8.77462773475 -56.7597668212 -0.328946749026 -25.3785360767 -9.51804386133 5.94941891912 -7.610672124 5.29357275217 1.2333928469 -13.4584393694
FAIL
19.1510030012 -8.70735640454 -10.6098387779 -9.70506681659 -47.6849061465 -0.399415771424 5.59798711687 0.559573654595 -8.3061336297 -2.18271544407 -8.93498532729 -5.360673735 -9.72630840823 18.4680438808 -9.0540031628 -9.34617426718 -12.7464650399 -50.0453154331 6.83841930525 1.15733079461 -10.2843889784 -1.91125999272 -12.1025331344 -6.68568505529 -1.03438042465 -4.68149598037
FEED
19.4219929172 -13.3345461041 23.546575488 -4.27618525409 -48.0201629507 -0.249245521402 -26.4196305757 -7.85577233036 2.34632739682 -9.04552719704 -6.93645954474 1.95657007794 -18.0054531983 17.6813703339 -9.2469231511 26.0592774788 -2.10021623222 -53.7609201289 0.926971975059 -38.9191816231 -7.9981960415 -0.972525307157 -9.30518487389 3.43610555693 8.55922174199 -15.0465670422
FELL
19.5299538516 -2.92015128515 -30.258200458 -13.6614795267 -22.6665188949 7.19016187471 2.5106178705 2.97630753828 -15.7066286064 -14.9784900355 5.00826802389 9.59750061989 -19.8779568626 19.0223756216 -3.07877892665 -35.8382967016 -17.8278875297 -4.23706678648 6.88743408469 -16.1534982984 2.07846336218 -23.9170478147 -12.2663022891 12.6897119309 8.44692725715 -16.998595601
FIRE
19.6566070875 2.36631407361 -42.6391676722 -6.99976071461 -9.38360258983 6.23872200827 1.84761792493 -9.55556976405 -6.65987942366 -5.42792436685 0.204949427836 13.667073565 -21.1942601519 16.2233703942 -3.29181318462 -23.0045746145 -5.3005932448 -43.1295243927 -0.264138104063 13.3381427461 -5.47037659971 -18.4252589839 0.186308287894 -10.0960458923 3.88687177236 -3.8649858529
FOOL
18.1868696664 17.8392334511 2.2785038926 -36.6923252531 -25.993789922 -16.0239172147 -8.63140683962 0.158311920838 -12.9775736699 5.48621123954 -14.6330933712 5.08841831684 -21.4060285842 17.5445981248 19.9600660644 -6.24513491241 -44.1542373892 -28.3987097435 -0.568274802249 -12.6626572705 -5.72005046904 -16.3837524359 8.40575666513 -1.13339669486 1.39094478338 -16.7358169598
FOUL
19.6411862793 -0.177805543269 -39.9637717768 -17.911261692 -1.03001970911 14.9543072155 -26.6459212744 -10.7276310338 -0.705880065582 -10.9965451184 -4.46081410817 14.5431900195 -18.5971460875 18.2063027622 8.92909341409 -32.3464347312 -32.5232304047 -2.17212441093 27.4800266118 -30.6141533329 -8.53123680874 -8.28518793315 -6.92729665515 2.91441807297 6.56680241492 -6.77130935799
FULL
18.9095218865 5.68606627279 -20.2772562846 -40.5960200771 -22.2458145919 13.7813396973 -15.2926353943 -7.41146001116 6.10109750101 6.48755611179 -0.961532128777 -7.20920343149 -21.1751905868 19.4407489538 4.95681538624 -21.6881983865 -38.5988317693 -22.3187895547 23.7497391759 -15.9695358761 -0.0104491456022 6.0935765396 1.86968308856 -5.4517645248 -5.4661760178 -15.9685291215
GAP
19.4736277762 -6.1005322136 -15.837566962 -8.46501236078 -40.734696128 10.200676966 3.84566092196 -7.65344095422 -6.37913223183 2.7451723357 -4.54394740222 4.48450890451 -6.57782877022 16.1800178022 -6.50988254089 -34.6636347426 0.490538544774 -11.4948332181 6.59071553026 -8.37302668548 -11.9815468317 -8.67975915552 -5.36419390303 4.00793971515 11.7267504959 -22.3352572034
GUIDE
18.8011041614 -5.91818956153 -34.0337598411 -5.5426114219 -15.0517739373 -3.7283874748 2.31075048423 -18.3080704856 -19.2438022825 0.257093691995 0.623356779486 1.92834440167 -21.4312583235 15.0810956236 -10.6245895992 -0.892822273728 -12.63943512 -36.0552492584 -6.97320798218 3.49124875018 -21.4603723366 -2.80575240893 -4.27876838074 -4.16297888963 4.19135773126 -8.14249899536
HEAD
19.9292876163 -7.58119303497 -27.1614957673 -7.34599693984 -36.701406735 21.1912789293 12.0234420319 -10.6313312348 -23.7293111614 -6.69339704005 10.3465109247 -2.98076372391 -0.172461137318 18.5238385402 -7.71657696214 -25.5928904153 -9.31950045744 -45.1510343245 7.39926729742 15.6304949928 -1.58840958518 -19.8288782676 -10.0336544993 7.07247441521 -5.8312403049 12.5931178249
HEAL
18.3719629565 -12.9682139376 29.1651986966 -4.07173308508 -41.4941443463 3.52483034563 -29.1582093315 -10.0508925958 -6.82054569706 -12.5193912188 -9.09999120609 -1.32553688365 -17.1064092082 18.6730821722 -9.1270820716 10.5563855441 -5.52438393642 -46.2571835465 -3.79172073426 -14.4950412401 -5.51956837151 2.77429439745 -1.30982713061 -6.47241681711 -2.22326431897 -20.3676576081
HILL
18.7127452896 -3.7637349983 -11.0434584082 -8.93373558072 -51.6891702593 -8.45069943841 7.3547848913 -16.0360253363 -18.1842119263 -3.52145854278 -6.64035633035 -11.1317841329 -8.97608602976 19.5232348028 -3.5191992632 -15.6364176427 -13.9020922191 -45.9431563397 -3.02249888918 4.75382177528 6.44844596773 -16.3175793521 -13.3123900482 -2.55199326292 -11.2952584933 -10.9765969554
HOME
19.0073670539 8.33700236169 -18.7263195778 -38.4874109996 -20.96712997 21.556487735 -19.6661358923 10.4849892889 -29.6417640195 14.4727991575 -13.2190659925 -5.74051485652 -0.0289647459893 14.8362112626 8.75701686341 -9.2081740731 -15.036366068 -12.4163509728 -1.97010150053 -32.0696036914 -12.06143343 -19.3351288122 7.80790374829 -3.40895696053 -12.117789625 8.18830733743
KEEP
19.8753335473 -14.2419991735 31.3603829421 -8.84609363825 -47.2367976159 3.28774723045 -34.72402039 -6.32812627496 -6.09395771332 -6.9951272979 -8.69170339014 3.07508052741 -24.8276621368 15.6565125404 -8.63673102145 23.4696690351 -2.52662379309 -35.7392360023 -1.48401185276 -28.917024136 -13.6785724779 -0.535668480538 -13.2648067779 -0.456925892401 4.88141724482 -13.556271038
LIT
18.7655743222 -9.16855614818 -21.7014909919 -14.3636969388 -37.6996064338 -8.12038161939 3.05713903443 20.0651390174 -25.6743404628 -0.115427539713 3.28896679476 -16.0045764561 0.725446700636 14.1990773326 -10.2933203242 -1.81573234639 -9.24767753517 -42.9489865559 -19.5738564168 3.07360636948 5.55898227842 -10.3098413505 2.73005388639 -5.33938323265 -12.4852974191 4.64368004581
LOUD
19.5085660646 -2.16416092418 -48.9051038722 -4.93105502467 -9.13525982026 13.1091091008 -32.3972562033 -4.43435562185 -4.81203238859 -17.1603964052 9.5373681521 3.19242229373 -16.0580573351 15.4112140389 7.98220891198 -24.2331119203 -31.2653095906 -16.2065178366 11.1019252589 -23.1248609792 -4.57382132919 5.76590577154 -6.47402554375 -4.80567095973 -6.53186812115 -8.79059597415
LOVE
19.5947787327 -1.04119866951 -34.2032969489 -27.0060085992 -12.4163643831 24.5972357473 -35.9518227043 20.9778797156 -12.2601720514 -19.9717803705 -0.620668145522 14.3287154218 0.642959289283 16.0213831086 4.57324742452 -25.4416565908 -26.1087388939 -17.5336389603 10.8856656704 -30.2358011155 17.2194801145 -0.394806105216 -15.3005680114 -10.7158566861 6.60525134092 -2.02047403616
LUCK
19.7726407954 -1.96518642924 -38.6290033326 -18.3441147722 -3.21182954499 21.6273046063 -23.4932708391 15.9978545583 -7.13871094968 -17.7737948876 10.4249374075 12.3835806071 -6.34634884577 15.8204871694 -6.48670801485 -28.4073693151 -13.3076618459 -5.02634281019 8.18714516917 -20.9371900856 7.66676467407 -5.61173841701 -25.0667730269 12.5782573095 15.8225656025 -17.1383966973
LULL
19.3339653836 3.16209763236 -27.7989354414 -35.2312094502 -8.76767584102 27.7149225843 -36.2872985994 15.7831913682 -7.1235067201 -3.69769433143 -14.1285110956 -4.67263752924 7.39455312665 18.9145338566 1.63864244134 -31.4048329832 -44.2069520661 -21.6068609518 30.6329912537 -42.8371181751 16.8755201673 -19.5276207681 -3.48081650703 -9.51172573874 -6.05541568707 10.689739236
LUNG
19.7330852008 4.1155073227 -31.6629990657 -33.3960028956 -2.17888976955 26.1953663363 -37.1983348181 12.5978276676 -11.9108715971 -0.630157699864 -8.43755979312 -5.63104532985 13.0538595891 17.5358647601 0.516168901012 -32.4725474697 -27.5985652821 2.08656194182 18.088580407 -39.1418251619 19.7107120012 -20.2439324489 4.21616708221 -11.3461391489 -2.562308406 15.8629339713
MAIN
19.4417684151 -8.91958787381 -2.10147679044 -10.6936475512 -60.0226667443 14.2142867722 -3.64076043816 -2.49303215825 -6.43414559857 -3.75221326558 -8.78834250997 -2.54656116583 -4.20260552104 16.0267702126 -3.15146986571 11.0131378431 -18.2582033382 -50.4549454793 18.0797329031 -28.1942612596 -9.66966102757 0.568887991036 4.86928975446 -2.03291683526 -8.56514004187 -15.0176246451
MATH
19.3769146562 -6.93352237571 -28.0234387581 -1.44754622708 -27.5615844523 13.7004458741 2.70170776593 -8.12857359351 -16.6663505109 0.548832985328 2.46506230788 -1.46359360596 -0.827638564895 15.2068630326 -18.7031500502 -27.9665980938 -5.22571250563 -9.38092616372 8.70709404501 -10.2245037705 1.30405438339 -15.321303644 -6.75285687381 13.6823862946 2.05540756135 -9.33527337049
MEAL
19.2789876038 -8.52953161821 15.1642596625 -7.693852284 -57.0492619391 15.5395377371 -33.6857639308 -11.6576073049 7.4508523866 5.71909141084 -7.14910115307 -3.67799787751 -28.666003569 18.4562085749 -7.61628662469 5.37435629427 -9.93853578236 -53.5693219618 1.14452615992 -17.2075625351 -3.13709985275 -1.79082393087 -0.366032087627 5.23009858993 -2.60090957663 -14.7649253287
MILE
19.7224190504 -0.661992855029 -38.3667303878 -13.2422568703 -8.02406478677 18.7156073726 -31.3079248887 0.171276186116 -1.4712329242 -15.6279299053 10.1163867558 -2.08645993673 -12.7355250574 19.779634267 -4.81652492576 -41.023510533 -6.23572758619 -7.12305607767 9.65569049718 -33.3290220416 3.96630573662 -5.88278652549 -13.0003253537 5.59324491539 2.86469714218 -11.4592665348
MILL
13.0716378462 -2.65900535208 10.4288751814 10.4650761181 -16.9629684976 -29.2755407713 -9.86016470538 -11.0644898423 -17.2639626392 -2.18634869677 -4.73695379569 8.47445237495 -23.9152565567 18.7483093618 -3.61801457185 -12.4320749595 -12.1819930231 -40.6177640466 -5.35630420167 -9.60231024271 13.2263117804 -26.1091980138 -4.58220365091 3.9424227316 -13.6267853119 -10.0219909128
MOB
19.5276265944 -0.345651345159 -34.7583019537 -10.4396884353 -2.59619905151 14.5969611996 -26.8579724031 -0.750611657877 -2.63107358589 -12.4901773785 11.3979661327 0.313227259595 -14.2106268235 17.9204923065 2.29121204938 -36.2944910982 -12.7483819818 -1.55409491522 9.50037037237 -22.3199636491 -0.323962247251 -7.10598128331 -14.7197402319 7.87667426714 9.48770625866 -18.2611931706
PAL
17.0605885692 -18.5773553735 -16.4918438072 -2.6247232612 -21.2245123295 9.31644724394 8.16703841742 -7.79668106286 -13.1570549389 -2.61849351132 1.83167552449 -3.27795599245 -4.78875634182 19.2156841737 -6.20951653851 -33.2803098985 -7.98397089375 -24.2686813225 15.7382318675 -3.5520963459 -17.4532709015 -20.3348851425 -5.53262275422 4.58749325971 -1.01480992203 -14.7490280424
PEN
13.9331050504 -19.9431089492 -10.1942069267 -5.03119693061 -11.5766738364 2.29981465901 6.67268670302 -1.48939542669 -6.68380717889 -0.138039917845 3.68916487177 8.18429337714 -5.80078596269 19.0651631351 -7.53428030844 -24.7999252671 -12.2517864661 -34.4467963829 9.14279394013 -3.53849328373 -11.9781275774 -24.1527501635 -1.18087368446 7.75008308077 -11.7745233675 0.9594194715
PIN
18.9529132511 -14.3831562901 -7.27642020541 -10.5696664186 -42.7479721514 0.331039409332 1.36691411486 -7.26143865334 -15.1624066645 1.7478416722 -0.80736522417 -10.6689816545 1.60161308158 13.1836959884 -3.83348953549 0.684225429371 -1.80915803442 -31.8531125609 -22.3281131081 -11.3486209618 -19.9777895952 -15.6381093333 12.8925359637 6.36917764869 -19.2711189314 -1.57041502716
POKE
16.9832970581 -5.95154418889 -20.2251354709 -22.9354144302 -0.345660052358 13.4107587817 -10.1029775586 -6.50566201004 0.761969213283 -0.382462377082 -14.2507554226 14.0738335675 -11.8586721458 15.8904564721 6.61806071293 -10.8219860347 -31.6246524063 -18.6661840221 5.0433555449 -9.46268989869 -3.73201639429 0.157584185978 13.9355912971 -2.6893352362 2.01095883235 -16.7545827608
POOL
18.087802973 20.6351661898 -7.61239290722 -36.5925551154 -27.4625842403 -3.66243266639 2.47747783034 0.175442719108 -20.0329782862 -13.3730589022 -12.2167116019 5.43580365823 -0.417995003105 18.1428564769 17.3985132903 -11.2436208574 -37.4702329516 -27.1075143709 1.08128009511 -14.5201213935 -3.43484089506 -7.05612216063 6.70212733195 6.84747798553 -5.14632758911 -10.9858652085
PULL
15.6547647798 -10.0642119927 -17.2009266111 -20.4413249415 -1.75171691999 7.80072033548 -2.45419640012 2.35159808164 -11.950220162 14.6020847541 0.465916462591 3.22007900615 -4.00385883156 17.8282251267 5.13616520804 -14.9598131797 -41.1839715516 -19.3491376165 14.3662074056 -14.2040753117 -1.08564373954 -21.625609323 4.58475242656 -3.45944787273 -4.81559583386 -9.89060650414
RICE
19.2976830506 -4.06601391624 -42.2556665346 3.41442277979 -38.046084388 9.68744727885 6.52863475017 -4.034937872 -27.734184588 3.06986776949 -3.07058158063 0.159340118847 1.80808130512 16.0247444565 -7.95969804167 5.57751364786 -12.7192332292 -53.4371228232 -5.22742146228 -13.1249580934 -8.253058594 5.79395396858 -0.749390337841 -5.79826085516 5.04740698273 -14.9358562437
RIP
13.7740294721 -21.4659664134 -17.9674949213 9.23268692995 -20.4916425295 -4.34075609756 4.97128140711 11.5455199951 -4.59604267248 -6.42312881683 -15.5181230528 4.39322182449 -8.72732082643 13.3988469863 -11.9975761445 -8.0254032381 16.455611871 -16.4033012618 -4.79487941553 2.81803236529 3.84391332666 -8.56404581277 -2.41423793951 -1.30260525951 13.5614208256 -2.33035011824
SAIL
19.2992153623 -5.58190098645 -7.74408555959 -11.8892075505 -57.8870446481 -0.955067029326 6.24155518616 -1.69397534483 6.15461447646 -10.1829668444 -9.19474514093 -10.9408792011 0.603110294707 17.7109500919 -9.64083944896 -12.2376226529 -15.5080643518 -58.3805540656 -0.813844113431 2.83957562952 -4.38795012991 -3.9349694936 -7.89157313119 -6.18289664411 -5.92493940407 -6.59444471635
SELL
19.3988065273 0.363144291315 -30.6974859008 -11.8813171762 -22.7538113177 -3.10853506862 8.96609086659 3.99322115702 -8.26785058811 -15.9328740338 10.7984341543 2.12963693408 -19.8057345285 18.9295281511 -2.32528273593 -39.5891079186 -11.3692129529 -10.4643280995 7.57091333913 -13.7657334876 1.47851361816 -18.2060713101 -13.4623741027 15.4794835752 1.73326596348 -12.6902965876
SOUR
19.4344619037 -0.408779265568 -35.6494085836 -10.6336515859 -10.892318223 7.74744762961 -9.12097176874 -4.77555560386 -9.23992174306 -11.2352655899 6.20467818768 4.83586646231 -23.0888909893 17.2828245559 7.05056205568 -32.567631758 -30.2584494473 -14.1466956078 13.3115146083 -18.4001458254 -11.86455823 -1.80211524167 -7.69910275027 -4.17216101076 -0.581013424878 -6.48135611788
SOUTH
19.6572904846 -5.34802155312 -43.9705644471 -9.12417959293 -10.3875729957 1.43152568682 -11.2239891852 -10.7414711146 -15.3696610446 -12.2982047798 6.17510147468 8.94139299627 -22.5949027289 14.3600819844 -3.89322574195 -16.4508639458 -29.9353929245 -5.24705225938 7.38524853374 -19.1552055844 -8.83841812838 -11.0287830481 -5.69729577852 -4.22177879526 -10.2627501497 -1.05729515734
TAPE
20.060746456 -11.8818198063 3.64560597483 -15.6461000791 -60.6592773948 10.4440127268 -12.4090794217 -5.09255763244 9.08041441971 -5.89586761788 -5.37958744787 1.04946431947 -11.5522131984 14.176358159 -8.59847711411 14.5092028744 -6.39605435839 -39.5271550395 -8.25497156656 -29.2125999487 -13.1318373056 2.67011370421 -1.49723311011 7.87281330408 8.33174830053 -10.469556899
TOOL
17.9164702892 0.17862104656 -3.05035490502 -16.3226034754 -19.7124314875 -17.3660982772 -21.0093029368 -3.42880416196 -13.3576483864 2.85612984902 -12.3681402325 -2.69375948364 -19.924172251 17.6926225664 17.0801866491 -1.76624218961 -34.1786681978 -21.1881011351 -0.671294435461 -17.004143125 -7.47122338341 -15.2453688064 14.7486642917 0.648707504292 10.896768965 -21.0502619361
TOWN
19.3014697464 -12.3516380933 -31.7357107888 -3.82267695781 -8.58790244827 7.86078616575 -17.1816542581 -2.94705534261 -12.7137209067 -14.2852186686 3.75502129822 -1.81859973418 -12.6330067786 17.0439276965 3.60217611003 -26.5387505945 -23.4764805884 0.861675701364 6.30550587179 -30.4189448755 13.7595921615 -12.2403289664 -2.05507224731 -2.44552629846 -4.55973440935 6.72986937127
TUBE
18.0736583401 2.59118705076 6.33877992993 -6.16672689838 -31.5622831666 -24.8893186612 -29.2387589809 7.18458309116 6.03899253215 13.4950549181 -0.449959698786 23.5302309445 -21.578195304 16.7827181837 15.9040947198 6.6165734417 -15.9700544964 -21.534138784 -6.80300268015 -35.6201259697 -15.3556423056 11.1537996735 15.0232301162 -4.02298987678 19.2737863895 -15.8550270634
VOICE
18.8872227931 9.55912969373 -17.7875594361 -34.1432940652 -26.3176132962 15.684805707 -13.8651446284 3.86434828835 -8.6282739993 1.12162090136 2.04606587629 6.64478700179 -17.436436563 15.0850024073 -8.57986107275 -6.40880168448 -8.62932097718 -45.1269200122 -5.81055545342 -3.4191393791 -5.39949394055 -4.59040654407 -2.95536508325 -5.96781357258 0.00167794379261 -14.7798043609
VOID
18.6124822138 14.5912152411 -16.0042381803 -35.3677357459 -28.1821201488 18.1821737672 -15.6497090258 1.0748452203 -6.21931458613 3.25562736418 0.872789471617 1.01055171605 -12.4460454041 16.54921902 -3.42991637395 -5.02445204089 -6.2857357606 -49.8688473355 -4.22422234514 -5.9294180778 -5.6474080516 2.99452693675 -0.187070159148 -7.88911590309 6.43964518074 -16.7668520733
WALK
19.6129061754 3.94605529049 -33.8403366383 -25.5306067115 -3.40466473428 32.4797444949 -18.6599442984 -8.66447987648 -0.10364777529 0.14517092028 2.02085180593 2.05616710766 -5.9401400317 15.2576570687 -5.81798407558 -31.5555131718 -15.1081902407 10.2367467853 14.88922137 -18.2063050542 -8.51158301484 6.8022751971 -8.01622030756 -4.91503130076 11.395490529 -7.73039269948
WALL
19.1310804693 6.45584980036 -24.3930511826 -38.265084003 -9.40426811064 36.1970336681 -25.0858845445 4.34676927153 -23.2224912749 8.74330263427 4.70029433487 -9.32320364232 0.948374986235 17.2893994565 8.87541094916 -26.0345293967 -40.5534500954 -4.26531223591 31.3958768621 -26.9848017109 -2.38055636674 -24.0100668457 3.21995101041 3.98818534571 -17.2855588909 4.86002902487
WET
19.9322270149 -3.51173516749 -34.0078665087 -4.45595991759 -18.9313690273 12.1298166611 2.83125012843 10.6903268871 -22.8136135826 -10.1098149088 11.6162676839 13.8351737134 -17.9768787774 18.7251394091 -10.5535281276 -34.2599557432 -0.167521192769 -31.1204500754 15.407976309 6.06714763219 -7.21188707724 -29.3951931202 -2.33594787035 13.5303916004 3.30470401388 -8.6409169613
WOOL
18.7290053085 5.30500470013 -21.3736732777 -53.6785704951 -33.6090847953 22.8586024523 -42.5969439657 12.7320591152 -25.4373637074 9.02999256472 6.83334232939 -26.6333389672 -4.89803655371 17.546583649 8.06180854147 -15.7885743499 -43.6036212955 -22.4871957085 25.7418424856 -32.5057441557 17.3900640601 -21.4605349001 9.06535826798 7.79337927163 -20.9601532897 0.568294237362
WRONG
17.0738015591 12.8002855978 -23.8560646449 -20.3962681644 -14.8719495737 -3.12706304026 -11.1972906153 -8.89390043934 -15.9661244485 3.53011405457 -4.83071039935 -8.22858788989 -6.09458019579 17.5589259931 2.03312803905 -27.1053832668 -26.3845424036 1.67410872705 16.9410083767 -31.9128995578 -1.31661246004 -12.8059422244 2.1300420317 -0.869433956665 -4.03932750372 8.23235193136
