HAD
16.1939665177 -7.19762222579 -30.3510775236 -0.320049927764 -31.450008098 9.79768354652 1.47429170943 -10.3089900516 -20.3420083353 -8.47868066387 0.947579794813 -4.2793997095 1.76528257255 18.0667147078 6.46377269397 -34.791440794 -7.86191589099 -21.778074138 2.64004802455 -5.06842957075 -9.05175595072 -13.9347916941 -16.2489155109 -2.03793044016 3.55105169054 -5.06698455648
HAYED
18.5848847136 -8.59481812347 12.4628095313 2.90773066066 -55.5987849254 -7.50547025313 -13.1124015581 -15.3416200616 3.51702345046 -0.992949558878 -9.57960121088 7.81800232204 -7.75493545072 17.2149648156 -5.39863430982 18.9231935938 3.71975313874 -50.2048831297 -6.54064197214 -29.7366541016 -25.6574806183 2.32028959756 -4.88329021807 -2.72467620287 10.3751663116 -13.8064251551
HEAD
18.1470075282 2.1369208464 -20.9125798119 -10.9384823119 -29.1129150263 -3.1604158345 -6.66229386082 11.2001858262 -16.8552293122 -28.6509611732 8.26132595421 2.23644154748 -13.2318714489 18.522696205 1.11836439996 -23.9614025353 -8.8817989113 -33.527837641 -10.1933025797 -18.1023239832 26.7903389362 -7.76948209937 -27.1714073535 5.8815024337 -5.59681025181 -13.100311955
HEED
17.1507304789 -5.59161338011 37.5260421383 -2.4673010986 -39.7158280691 0.196427013105 -44.2945145299 -16.1034771831 -6.37627866171 -16.1347997691 -5.07462080973 1.35622104849 -10.4840257989 16.6395356075 0.730721140552 25.0543768929 3.54937316265 -38.9937879831 -5.71686799665 -31.7564426232 -22.5907137213 -0.609579039937 -17.7689446874 -3.05340425762 0.699458631561 -7.91028322193
HID
16.1211313928 -11.7012535989 -1.28620705936 -1.52328246477 -45.2200185995 -13.2956406585 -12.8458149966 -0.32001893546 -17.3167389518 -8.48881948975 2.94836625177 -6.51501653605 -5.06799435691 18.2908520669 -1.27327898179 -8.88806647702 -2.83446779861 -39.4031545075 -23.3872300699 -14.8817001264 21.7030205961 -0.469902303807 -9.21347914056 5.67793680023 -1.63710652493 -17.1042509599
HOD
18.6135225972 5.95902734544 -34.9938795762 -23.5994199825 -12.308889585 18.2320127566 -18.4925396002 -23.4046096242 4.30291161112 -15.1353131435 -6.15317301676 10.9686195 -3.3628294043 19.0755546103 -2.15126227885 -39.6802700179 -14.0388431413 -7.53217111331 5.77070340942 -1.91874575875 -9.65572979908 1.37660932535 -23.3333755391 -0.611714280903 15.2284509799 -1.47764863633
HOED
17.4576230902 9.61866791373 0.0379667824927 -39.1796286011 -26.3099238864 12.3273911647 -28.0493217431 -8.76346567288 -6.52559142637 4.65797889175 3.11858551144 1.7856421886 -16.506922237 15.5868411344 13.942013803 2.79721694722 -22.8173015046 -21.2211003398 -3.82886782767 -30.1983910869 -20.9085488084 -7.3266918407 2.27255012946 1.97634683165 13.7105896534 -13.5818186034
HOOD
17.4669002549 15.1524673853 -3.82729189283 -36.2753699496 -26.2395711053 5.04402554437 -18.1121210799 -14.9922334786 -3.47448580281 2.15107094157 3.04929942544 4.22422543972 -18.4257134282 15.9134251434 15.6748599486 5.03089869534 -21.8684020144 -16.6163436446 -9.24422878826 -27.5026007602 -19.6463466117 -10.4481134777 -0.603783466423 -1.78592943695 11.8647760874 -9.24754160828
HUD
18.0825126955 5.33127673854 -19.424431961 -25.4774202767 -20.8697754362 7.39085190569 -33.7472146141 7.61558321058 14.2459175051 -14.7633807439 -10.3051647972 -3.78012640376 -6.78524238395 18.1289000932 0.339441149538 -17.5248446836 -5.0260716719 -30.6790482174 -13.6014372207 -23.5945827775 21.3041698663 7.22355286867 -16.1413286991 -1.20709241099 4.76522063927 -18.4525396274
WHO'D
16.935352643 7.97352747933 11.4718075766 -27.7102620515 -13.6155843037 6.14713806487 -35.6625451814 -20.7600233903 -16.228423311 1.56969521164 7.58040483184 4.98323505971 -21.2709037973 16.282486641 17.3248326512 4.79285427278 -16.979018287 -10.977074116 2.77344781773 -35.9411842502 -30.0864703608 -4.08449519237 -1.89573173474 11.8033422622 0.420801643392 -6.83538531614
