HAD
19.0495521667 -6.15652331813 -34.3714755662 -8.57172000878 -31.1484291167 8.04063727759 -10.5958898907 37.7729843098 -17.7734660793 -13.1507545137 -25.5977963951 13.6279981608 6.74573006039 18.2539539648 -9.83755385002 -25.4976527007 -4.35412722594 -36.5878782132 0.652398212669 -18.3966927768 40.1756742105 -7.18280686581 -7.73607664444 -24.9890488726 17.7452457674 -6.3408210344
HAYED
19.335120473 -10.6373846631 -0.751972578662 28.3633829583 -60.4036027344 -10.677020966 -22.7092679156 -5.03644906821 -26.0252235358 18.5819862925 -4.3338068704 -4.96827913569 17.2932965027 18.5102853967 -15.3303638107 8.3631367315 25.4926172244 -55.2434142496 -3.39955334975 -30.2665632202 -10.1303685044 -28.6141158933 11.1675998327 -6.84424685077 -8.09399600736 18.1478984312
HEAD
19.766437082 -11.9584140414 -21.6279637985 7.55805203249 -49.9212582959 -8.01710117329 -20.7175468043 38.0207364956 -13.0900639152 5.49384019996 -13.8835042053 -0.0436115643002 -13.9009005476 19.4558425475 -12.908920208 -12.1148048313 7.91556878724 -48.8069295087 -11.501566499 -23.1215438707 34.7921828788 -5.97275784759 10.815445172 -9.82681776997 5.09242722422 -22.605958165
HEED
20.0421583493 -17.8119974891 24.1365701187 24.091838426 -44.8491337257 12.3027879751 -36.6551983817 -5.67509764214 -29.6476036699 -2.37438472199 -13.6691930829 -26.0729330066 16.8049362682 18.0888784237 -11.466928841 20.1316824799 23.0933752796 -45.1768756781 3.87585804812 -33.3024517591 -7.43446018912 -24.477156211 0.319256726924 -8.75396151262 -23.8435498271 10.809772611
HID
17.1572675735 -14.7099015101 -6.0988369778 18.9885234084 -52.2252690003 -6.00056996036 -25.6288338185 4.49357840596 -17.6760373148 11.4635242879 5.20971494086 -2.63698374158 10.2814064881 18.8729805393 -10.1004715366 -3.04491343644 18.9381882061 -59.7306093059 -14.2154978888 -32.285360138 12.7302005382 -14.0601938676 11.956793118 16.6852629165 -5.33806380583 -1.73217234731
HOD
18.7453580434 -3.25526140907 -30.2310774084 -25.8243889391 -34.1382052002 38.5233802436 -14.5309187609 3.40379306012 -10.7847186666 9.67841608037 -14.5785076927 -14.3648671239 7.02148394322 18.8796254121 -5.6479466075 -25.8840494838 -20.3542224241 -29.8403743947 34.9795669677 -19.7669019105 17.2515013334 -0.236525012016 4.73919888506 -27.8727861031 -10.8811293319 23.1445498909
HOED
18.0755602766 6.81538276026 -13.800614808 -11.951005233 -52.308554956 11.2804756463 -11.7699896235 -26.2928324833 -0.451034805847 16.1238095343 23.1320147595 -6.86599227862 0.821787002375 16.2036604201 8.05264620975 -10.7296700544 0.75189102934 -30.8323685144 -6.15476891744 -28.10258826 -24.0502047335 -12.9116171256 16.5147668304 16.6592125578 -10.2148980809 9.96015322192
HOOD
18.4385595679 3.2557867734 -22.6787926714 6.69806294522 -31.0392372178 -15.3245423445 -27.4742195504 -16.5226783377 22.4892638238 9.66088225606 9.50429633016 -19.8915381457 15.1227954067 18.7779156039 -8.12324117047 -12.7085661519 16.0311358143 -40.4370533474 -15.5396599881 -37.4084332858 9.4471128327 10.3611459159 0.416078580289 3.17670434095 2.83668519892 12.8405760403
HUD
12.7257383835 -16.2583565743 -20.5431145193 -19.0343912461 -7.43194425775 25.9232781977 -17.0519510672 7.75404309687 3.97982102779 4.83723594068 -15.3565241787 0.251698281466 -1.97137628814 19.3048740767 -7.16077581363 -23.9123467352 -6.58724386089 -40.3580027832 11.1582418355 -26.7718561774 22.2861056766 13.4864177711 0.133657405274 -23.5131626658 -5.31430275744 9.15683874826
WHO'D
17.8805069999 4.69354783268 -11.2406263542 20.7581869165 -19.166786893 -34.7711908361 -41.4894810773 4.08275392787 -14.9908360369 -19.2892954304 19.2305366485 -2.76632702521 21.0415745427 17.5009681726 -2.57142725254 -10.0125819218 32.1219079862 -30.3427905201 -29.1342536218 -41.5961804056 7.06454088159 -27.3273353351 -12.5702883486 12.6979612957 -11.4951387725 16.1450218402
