BEAN
18.0721305442 -5.88556129155 29.3080412221 -10.6081903097 -39.8572050649 -1.06781559136 -43.9606315285 -3.05343292237 -4.19339922668 -14.7861727063 3.61260040896 -4.22556646223 -6.06118785603 17.825078142 -0.247788801203 18.74522312 -17.425829572 -38.3330060621 10.5633954483 -43.5758572586 4.26667706705 -3.74721047319 -14.5796862752 4.95059650472 -4.73317253161 -0.102298488263
BITE
19.0742726617 1.73320664729 -23.2696753484 -33.7962787722 -21.919802805 20.0171946442 -36.0905053562 13.2746909972 -19.806480283 -28.6312364488 3.29098032127 -4.0810287489 -4.02481432801 18.4043614915 -2.41030101065 -2.85490559527 -24.4601460307 -51.2998842142 -1.50163883058 -14.0414580894 1.16471027791 -21.1331277201 -18.7667744399 -6.78852824937 -6.81846699536 -8.85497651662
BOAT
18.5725559613 8.231873244 -8.28226156103 -30.0756497991 -12.110117903 -0.0664875488766 -19.3793927648 5.1995969195 17.5678626232 -9.70736501553 -7.91881111952 -1.7786293121 -5.57734260393 14.9809557755 8.41836320285 -0.45363191478 -30.4069495642 -19.1163285262 -1.41197298538 -27.0561391983 -16.9194782231 5.55976009027 11.4247399377 -3.33109553803 -0.242258020858 -13.1254898336
BOIL
18.2239712585 13.0565072205 -3.57278214248 -40.5630652795 -33.4282382692 11.2134479215 -9.0805880704 3.48952110318 -13.0912398146 -9.27224780642 1.84786671798 4.7066830473 -2.9988219873 18.4028468549 6.34165790683 -12.6692853052 -27.8083957201 -19.9175195726 -0.43612536324 -11.9477406624 12.6960757291 3.11577644769 -15.4895790294 -3.93011922494 1.25448440618 -5.63529330947
BULL
19.5092637764 3.58202007868 -6.46848970861 -45.1772252251 -22.8599072115 21.082896043 -22.3706194967 14.4885024561 -17.8066929001 12.0403130401 7.64741910797 -14.4466526095 -4.36658513772 18.5624104537 5.73767334419 -0.926487579254 -53.6568604618 -11.9481583519 14.1320807774 -12.9663709209 16.0718344876 -19.8571185088 9.48608478264 1.62711268699 -13.6914914104 0.733762209623
CAB
17.8297481946 -12.0661122416 -14.6263384928 -6.85046253199 -28.0211941423 13.6077529698 1.65648574192 -5.68697959192 -17.352196514 -5.69907587447 -8.28910542093 0.415730296918 -7.40139485862 18.1255801456 1.65943201809 -24.6875155319 -20.0178941051 -19.5723152708 3.79945440986 -5.19543229825 -8.00512842079 -25.2337039235 -10.624480444 4.94848890801 1.36838476411 -15.6951161378
CALM
19.0656822133 2.14469294766 -19.8411555025 -40.2090021637 -3.23137133873 23.5328931294 -52.8360327395 0.832115898955 -15.5009359717 -5.53312879954 -5.64895870551 -16.0376416145 2.71783249162 17.7319345884 8.60701624451 -14.9972823369 -37.6629367731 1.7672011982 15.7851736317 -37.4919244496 2.29216450311 -17.2086342755 2.15767435713 -8.6545074687 -8.78721885334 5.14031260559
CAUGHT
18.9849896793 6.08072391941 -25.2334110255 -32.7633260182 -21.0348823463 26.7172373371 -8.06425094583 -10.6727547381 -18.4415107055 4.269007598 -14.62082272 -3.41520913931 2.20735444417 18.3459348406 4.65085034197 -24.2572068615 -22.3496670391 -22.9967919007 17.4673438529 2.34088389263 -14.0968357623 -17.4030646966 -9.18708095911 -3.72352397696 3.39354749073 -0.0598302112002
COAL
18.4435347357 15.1660700526 -0.620296472973 -49.9516481583 -33.7937838861 16.724946983 -14.884621712 15.4743168908 -29.022576744 0.236738980289 -4.64872856361 1.9542947264 -8.19574347798 17.1047518762 14.5391021746 -2.53645196282 -49.6156110883 -36.2043188655 1.19413113988 -15.5576399948 1.04280091752 -34.398598255 -6.37623983659 -8.10681541195 1.05902368798 -4.54037725388
CODE
18.6014318944 4.27054335234 -16.5835666068 -36.5482248423 -25.3696361852 -6.3147558835 -21.8761439723 -5.19608972684 9.42944480945 -14.9137232927 -19.1633841421 0.421642729416 -9.688617147 17.0506468979 11.7148007254 -0.849930828861 -37.260304098 -21.7721345032 -0.0412087516411 -23.3265831541 -8.28617488202 5.85614849713 1.26152030882 -4.75968453942 -1.68005998555 -10.7618117627
COIN
19.0628722865 6.51590868568 -15.4774715107 -36.8413217029 -16.5261103899 6.40152635268 -2.02568818004 -4.73405538755 -13.0722024657 -15.8950503695 -4.38838049786 5.30016486405 -4.32920689032 17.9753540968 -2.08460604314 -14.9351361334 -7.91971198485 -37.1430968339 1.05241704796 -17.6156956222 -3.06779215869 -15.7208448199 -8.4928096126 -3.75367167329 -3.56934449423 -6.28655102465
CON
17.9059809769 -3.75907329806 -27.1833353196 -17.1052948437 -0.34342041746 12.3051932855 -39.793342352 7.99110788017 -13.9406499507 -7.87520042528 -14.5496749979 -5.7109927467 0.110056939678 18.0510413387 4.73587079403 -23.5545929291 -24.8166561102 -4.25490871311 3.28114316689 -34.0787878209 -1.12397512857 -13.4303882971 -12.3228002751 -8.26253034483 -5.84151741302 1.97273403351
COOL
17.6344585103 20.4257797252 6.20562270036 -31.6018430844 -24.6870193979 -18.3705247022 -6.66838772552 -6.34674001787 -13.7513856761 -6.20259449062 -1.74568184995 11.5372382405 -0.422088987723 17.8589942133 19.5281195451 1.34048145271 -49.0022882056 -33.3321703871 -6.93088599234 -12.4982997224 -3.59913072527 -32.1748452585 -8.17264510912 -7.95895780377 14.0416428693 -2.40173702843
COT
19.5527245213 -3.30507477202 -33.4678009012 -26.2180983977 -10.2370643669 17.8144063586 -38.8809878231 -8.99088984554 -5.84149618777 -18.419230828 -6.65082363027 1.79798138531 -15.2643480154 18.3267143558 -0.100230095109 -25.9702114128 -17.771876332 -8.63659243735 9.44708629198 -15.7568929302 -4.45311797027 -13.4070972022 -12.1286604752 9.88127376842 -9.0348688103 -12.162130266
COUGH
19.2195860522 7.49137778743 -14.5534777854 -36.7756477808 -12.0129852572 28.2239147248 -15.8794783406 -4.18973822806 -14.4681891155 -1.4995067165 4.43352267344 -0.879248794968 -7.39711832221 18.2690517754 2.48167758889 -22.6882434038 -44.8349858583 -3.80200752097 16.4281714176 -31.5881865931 -18.355460991 -6.28944809226 -20.493840159 -7.90541732616 0.19889990881 -15.1921970583
DEATH
18.6103625984 -6.30144222244 -6.43474504839 -24.15488261 -40.1105542899 2.02738766194 -3.88614768718 0.184498711173 -23.0750820504 -5.294345779 -4.53364291476 -6.8661757702 -3.59686417365 18.3906214407 0.229912124274 -12.5270376596 -22.3467348291 -21.3158739934 13.5817651143 -6.31983990691 5.67096135098 -29.8813006357 -7.52398743203 11.2874124372 -0.181495899777 -7.33070823495
DIG
18.3152025959 -0.793445189054 11.5140845957 -14.894747914 -43.4763998082 0.541791677089 -5.29881601068 1.81973850803 -1.41012113931 1.3184813488 -5.70415134656 -4.83111770064 -2.87246382306 17.4125055617 -1.70723001755 11.2709755381 -14.2570862888 -50.1995105105 -9.9587044147 -0.312552861158 -9.19294743687 -5.85599128186 -4.53747701512 -11.8130712755 6.01770802652 -10.4037718571
DIME
18.453188967 0.667995309529 -20.2699654702 -22.1253897279 -11.7923262949 3.39065909305 -21.9088124511 5.97163466119 -15.8356826352 -18.4496770581 3.03181565155 -6.51569934018 -5.15014419071 17.4315594381 1.01077655348 -13.3348963214 -15.4232807172 -17.1423945674 -1.17914344123 -21.1085892815 3.84910397183 -16.5976297013 -18.6193106966 5.79168345287 -7.47829966095 -1.39029837294
DOCK
18.6221513115 -2.93997164505 -24.8768180119 -28.9781357221 -9.24006211544 -1.73636276648 -21.4755225583 9.14844177271 -20.5074017489 -16.8445936105 0.468532385938 0.992568009069 -7.61070102928 16.3640383588 -10.5380607598 -18.6523461206 -17.475810628 5.28354276888 12.6987075161 -29.680096134 0.0337585655994 -8.91781760727 -8.92176481962 -10.8433837422 2.67544553849 -5.7678773234
DOLL
18.8597542113 2.05773992746 -20.3398167676 -37.2522177991 -18.7250929546 26.9034889819 -29.8366328956 2.83554691468 -13.1882534263 -16.3335094806 5.61888394586 -0.383928128585 -0.00482755569143 18.0190178308 10.6912617532 -21.7837109814 -45.2641771568 -10.2897712373 27.5307111593 -26.7920273 -5.31107025044 -20.9794077606 -4.84797755165 -0.27742869015 -5.64096507687 1.81718853676
DOUBT
18.9689273836 -4.31174873751 -16.7341228737 -23.3520079576 -40.1156506437 4.8656159279 -3.46370062219 -9.72809132309 -29.0639656629 -9.55647037202 -3.30389154268 -2.69505369705 -13.1965965409 17.5333927761 8.42618970099 -15.9367694753 -31.9153336881 -12.0346974492 5.68069443355 -13.6873139349 -1.51022798133 -1.12518825563 -12.818581773 -6.50361551291 4.55921547701 -8.18139729004
DULL
19.0222944359 1.00435458126 -11.5785871712 -38.3637603748 -19.2315720897 18.3539788601 -28.2780969586 22.8392342028 -9.49051757993 -21.3784749701 2.0867075614 3.47064866737 -5.76847160619 18.2596619217 7.7551789315 -14.6765981476 -47.2616247682 -15.1142018223 23.9347103866 -28.561220929 4.11701999357 -15.3048123578 -3.70213866306 -5.34382202503 -10.1201633842 8.71865643743
FADE
18.123046454 -1.97249195065 10.0251757352 -8.26978786713 -46.6232029356 2.2539686471 -5.24898456025 -1.77005062976 -4.20422363284 -3.20656989469 -7.97454818679 -4.23458590431 -3.46172872306 17.7831690317 -1.75956931244 20.6283029862 -13.4526838675 -47.3860189518 2.19463598512 -18.9791660402 -8.24752777223 2.99323850346 -12.2071357533 -1.91949232344 10.6128297628 -9.66906663412
FAIL
17.1117564357 -7.71115018774 -11.0737565501 -12.0185460414 -38.9552279733 -3.05890485539 -5.46994647863 6.50337626982 -32.4131335367 -9.78586513476 -4.85740900708 -11.5348106476 -6.96047984824 18.868497137 -5.59076189041 -2.65144652395 -26.302746668 -54.0016733405 9.30704988371 -10.9419637762 8.2664760684 -20.5086178348 -10.1173933829 -15.7418654351 -4.81292807886 -4.62978262957
FEED
16.9951073409 -4.34809193017 23.3508079713 -7.1067789648 -36.2511143894 -2.2165852706 -36.2999652713 -8.50406327716 -5.05302655647 -2.6081856679 4.45788943979 6.06471502085 -7.24036503012 17.4257346762 -1.83657267171 19.806798003 -10.7229629061 -38.2694030916 -2.91543672331 -38.3489307374 -4.52000506629 -7.92618076263 1.30905541066 7.88892447235 6.32586532643 -5.85252816763
FELL
18.2590585972 -5.79491402 -10.5225814755 -18.3826377312 -21.33711108 -5.61949755045 -10.076549741 23.5108402227 -19.9246442076 -14.9958628142 10.1385703406 -6.59119601025 -11.0282613011 18.8324313704 0.688277589616 -20.269319127 -23.0355502724 -22.5893811033 7.56959767781 -13.5041323317 13.8575760612 -25.2980548019 -17.2583643556 11.8931944755 2.10087379548 -11.244971409
FIRE
18.46734974 -1.76266878154 -23.4288265967 -21.9619152608 -15.2611572135 13.4853948448 -24.5623219127 6.96695669411 -24.0008910517 -13.9983664168 6.77891832662 -3.53290694024 -10.4118125238 17.9606857763 3.72266337111 -23.3358049947 -11.307295395 -30.8376254975 -8.983762907 13.1976100261 -1.85687630914 -27.1097797637 -4.23409354951 -9.76342189159 1.33783032465 -2.50560311978
FOOL
18.1060702567 12.3628340973 4.58725981172 -37.5007006128 -34.7383295263 -6.69951810031 -10.3355359562 9.1345212654 -20.1541597803 2.03587090086 1.14318280601 7.14656375904 -14.7000560552 18.5031039879 15.8675950651 4.04478044448 -36.4630746871 -25.9573969554 -3.91764532561 -13.0135495738 7.64299072611 -13.1599203257 5.49265800654 2.2979615062 6.64369820171 -11.1354334425
FOUL
17.0788148917 -6.05286495593 -21.8151766407 -9.39533232516 -16.8001356709 -6.1851721576 -8.7577400156 6.68722270954 -29.8602183676 -22.1608630672 3.093720706 -6.97917849644 -13.4969038989 18.729544988 -2.63625648671 -25.4269180759 -19.0591050227 -12.4890538049 6.11698761783 -21.8978274131 -5.38963818725 -28.6133691033 -17.6785708819 12.4739126274 -13.2340292412 -12.7771834388
FULL
19.2213664266 2.00019588869 -7.47652501182 -53.0908265049 -17.6518859646 14.5109657291 -27.5368186701 0.740361026298 -4.84119060787 -0.332469477746 -12.9761257743 -11.0834850539 -0.904367583816 18.9676254012 4.81726244048 -4.91742427895 -52.8663316519 -18.0863945397 23.425613036 -26.8418277831 -0.576041994321 -3.90513124569 -3.37769045347 -10.4929751644 -15.5471285653 -2.58467928104
GAP
17.2327563694 -11.4627254159 -8.96016704051 -11.655820699 -35.2656963284 10.9417843251 -1.39842778327 -2.72012204839 -9.97595615167 -8.16520214286 -2.60135040808 -3.2639330904 -4.6369167606 18.3067200485 0.488000276481 -26.4415363674 -14.9536634558 -15.760200414 2.50178624557 -2.36038958429 -12.1724528011 -18.917805937 -7.4584573868 5.81144273417 2.99351160696 -12.6073893248
GUIDE
19.1254429384 1.07796957086 -29.134257409 -21.8106724372 -11.0299945314 14.3512455898 -22.5506805423 -0.00253249140404 -7.85822770142 -16.5409722444 2.93003693144 4.68623177486 -10.6876333297 17.8567586191 -1.45556507003 -19.2994546992 -19.2662469046 -29.714390451 7.96174911136 -8.61837161234 -8.73391877557 -19.6258598537 -9.47637442326 0.406543385575 -2.26476310472 -9.57952123031
HEAD
19.7191816868 -1.18811049617 -30.9780116797 -12.879206832 -22.3188021276 4.93415972865 3.16893943628 -1.22947538896 -24.843922561 -14.7386181262 14.7253793448 -10.8194865941 -6.02993665337 18.3703730481 2.89124732383 -15.8488981623 -21.6306530106 -41.5884041647 10.7831683872 -0.342557885697 -3.06721738632 -16.6803664247 -16.079145438 3.73740272446 -3.76623335419 -6.17351495645
HEAL
19.4746193114 -10.4589973712 17.2150095951 -1.22407325888 -49.4236976679 -1.13220801365 -24.8521511626 -14.3110247276 8.58663022 -4.65168732351 -1.80669448163 11.7467141605 -22.392669199 18.1603779169 -2.75104656562 11.0849361491 -15.1468537669 -48.6198776169 -2.80228682729 -23.3607012766 -0.103423364696 -6.14609180884 -9.68552830485 -8.21946244253 15.8298096944 -9.35898827208
HILL
19.0190911865 -3.82372573309 -6.5507557722 -13.7105459376 -40.1397094207 -4.56028153004 2.86651080323 4.38469236434 -17.5765474898 -2.88771432735 -11.5525510027 -12.0871343389 5.15022019242 19.0112025017 0.0480688202048 -16.5392324185 -17.5034503648 -31.0784656534 -5.07581306835 -2.59001642943 16.5496644187 -16.1664314526 -17.9093072845 2.75579647344 -4.64112015809 -4.64761933768
HOME
18.9749342006 6.69524174486 -15.187217413 -51.7079285846 -24.4219826633 16.2266163313 -22.0285098409 -3.34264212646 -24.1294977464 -13.5391203218 -3.71994186083 -8.12131513624 2.19052605943 15.7350027142 14.966271868 -0.827965772074 -36.0163269909 -14.2450082288 -6.8912570129 -17.3599457871 -7.20988700995 -13.2555310575 -9.63047456402 -7.61336810223 4.03322780297 -1.52573674444
KEEP
19.0119276705 -7.5846441953 28.632252198 -9.24836233518 -42.8130973499 -3.31984984135 -37.9481927902 -3.44282046264 -6.08378318703 -4.90302607349 -2.93983262698 1.85134763711 -20.1043383892 16.9519664536 -2.5944047128 24.6240341961 -5.42269847015 -41.5053562253 -11.7938451518 -34.3872208262 -15.8242089865 -4.20079814996 -6.41021160843 0.21315558909 1.8351892364 -14.6757200106
LIT
19.2716253874 3.44697185707 -14.3587427626 -7.95496288147 -31.5933311249 -21.1102716138 -5.4543893903 20.8186291685 -12.2531773088 -12.0143455254 5.7314168134 1.73896454184 -16.788855779 18.0212965792 1.7264367393 -9.30677015194 -11.3153635966 -38.2412545814 -10.4013200198 9.06898208587 12.9998819469 -17.0161747508 -5.02747338197 -5.61669014921 -9.93907915831 -7.651793167
LOUD
18.7337904493 -2.09832898904 -27.5183581668 -17.4713836429 -6.30943751238 0.0373967409687 -25.5467654103 -2.99815360676 -25.3639110212 -17.6402543695 1.03011928127 -6.64432556779 -11.4180332989 17.3856573003 11.7943524058 -14.8266334888 -35.1805205907 -12.6319599787 8.38468467999 -29.0234277694 5.14911914505 -7.98553727002 -12.6243913999 -9.44521705606 -5.67354609314 -0.0683031893244
LOVE
18.7976100386 6.22658315479 -13.5260617492 -42.8571871246 -10.0594321065 7.99991704063 -24.9441099924 17.0481443868 -11.7332286189 -18.7796997701 -6.21448233579 8.42211979222 -4.70863651625 17.5741085358 6.79682676998 -12.8133614587 -38.8320904686 -12.6534165473 6.50821019247 -27.7143764921 10.7494326404 -13.7927956086 -18.7755194846 -8.50158728266 5.90576654778 -1.35090314306
LUCK
19.9059128925 2.39571037301 -26.6903157453 -33.9748333828 2.69431725513 13.8889256125 -23.1778856176 11.0136673106 -1.36578528282 -11.2106829756 -8.0620565044 3.72744268618 4.41401026183 17.189396339 5.83153674195 -27.9698056093 -22.2873887424 6.03686395655 12.9828835956 -18.5815446741 -2.41771117463 -1.96863856457 -16.3971352741 -10.2709881565 5.42379817361 -2.83631573743
LULL
18.9826785726 7.53531196888 -12.4097516992 -64.7797645456 -10.9894392905 13.9219073329 -32.8736580224 -3.39477477677 -11.6265814915 -0.787965245422 -10.3716957981 -19.9237968929 8.15501916631 18.8001471214 8.55016592337 -11.5965419409 -50.2375573819 -6.29522642919 17.7972930832 -16.9623367209 -1.09264838359 -15.9404351187 -0.596941535742 -3.57196721599 -7.50532606874 10.0489740696
LUNG
19.1067986475 6.78684072389 -19.3567430482 -44.478570389 -5.27559647606 15.5516673686 -39.0272392672 4.81150072138 -9.38008627135 -10.3508132208 -12.4118138222 -6.30292544182 7.20842752006 17.9420742078 8.08059863718 -14.7626038968 -38.0958386082 -5.74945051019 11.7606128223 -37.1670816296 -3.03146745372 -8.28805778327 -7.14704025628 -11.1607550075 -9.99632946325 10.5156334321
MAIN
19.0573149128 -7.23623822471 -0.271555646689 -8.15252754949 -58.6913966221 7.41867895041 -11.9082568878 -8.68558326316 -11.2129295246 -11.7732495607 -8.9226428271 -3.61876497161 -5.96340902104 17.7837562058 -5.00303756715 10.1665080522 -13.1504145515 -58.2809345505 12.9702612779 -15.2998392618 -12.0471963576 -8.42108704045 -7.32328815788 -9.41353087844 -4.95770866687 -8.44061325997
MATH
18.7496972056 -4.24963739841 -12.5079708339 -18.9839128463 -27.5819381413 14.0126206886 -21.730898336 -8.2801266949 -26.537928236 -4.44566510713 2.68027101412 -13.485586273 1.78043186788 17.9289221923 -0.918628154443 -21.8757045275 -17.1577106391 -12.0161042166 0.714142863013 -28.3791834546 5.11622416161 -30.0114142301 -10.9773216621 8.81167976902 -11.5812691925 -2.27929284212
MEAL
19.8109787901 -13.7498366457 12.9629353621 -3.42873517963 -59.1074096794 2.43976514702 -9.46060576399 -2.73652781944 -3.40054825534 -1.12490472634 -15.9004195587 3.85838236991 -16.5864259635 19.4592326193 -10.8647106181 -2.92465246357 -9.33185946771 -55.7124271536 -4.70596887467 -11.7012055918 -7.01106146396 -15.135403433 -8.78073819991 -9.71217965519 2.88585445751 -15.416039386
MILE
18.4162524036 2.78318327071 -17.2695884144 -40.4351770423 -4.93533628642 18.219204873 -47.7354643191 -2.77371485898 -29.6955033356 -0.48882787531 -7.71272609054 -18.0681066703 4.845087399 18.1715162768 1.22756331469 -15.1719044926 -23.5460498536 -6.9632671727 3.07817581316 -28.9822587841 9.05012503174 -34.0354820013 -5.44823767423 5.31051327049 -10.5217301615 -4.51567881352
MILL
17.5610267142 0.527301384063 -1.28289402077 1.45834792921 -39.0446262722 -25.6927030971 -22.1053242601 2.19099602043 -18.8782826954 -16.6812282855 8.21897889754 -8.93158451966 -7.34936388926 18.6979794428 -1.99572262671 -15.547505047 -11.8590742645 -44.6634589392 -21.1456836733 -11.6047459004 11.9739577574 -36.8596665049 -17.5150216699 5.93569708428 -21.509672561 -2.11866130364
MOB
18.6271185951 3.72793656295 -22.2891981184 -36.0234667933 -5.89971390328 19.8816994801 -57.8998123657 3.97984977796 -16.2034314597 -10.4342806675 -12.9982430927 -11.4235916219 4.28353186714 18.3728672677 3.35393912118 -22.0768456151 -33.4747991745 -11.0593213274 18.8828980112 -43.2677684456 6.27540679677 -17.7730619148 -10.0290654527 -6.59519348345 -11.5312840557 3.94075040269
PAL
14.9340763423 -19.4202683996 -11.1292946996 0.0899857033802 -13.6940765187 9.00062774228 1.10810533528 9.25500102059 -18.4654109187 1.43576530727 3.67495196092 -2.56979835147 -1.36843577226 19.0412093334 -3.43220167466 -30.1323502636 -15.1348212278 -10.2001155557 -2.21370063715 -24.2088489405 -1.04678204521 -28.5988169566 -12.7555388219 10.1290351865 -19.9403459591 -7.31249814611
PEN
19.7326191585 -6.34141633829 -31.0413425507 -12.2385018858 -31.05665351 -5.99940827188 -17.4901116402 -11.2459146788 -36.1130467809 -16.1751982548 4.81065930054 -24.3119770893 -1.7223030138 18.3964570378 0.738144640635 -20.4447136908 -9.74107763734 -24.4222921826 -0.204094475949 -14.1404337972 -1.430795454 -21.1870044488 -15.4399381967 15.3277063385 -18.1257736044 1.87986854897
PIN
16.8637397269 -13.1582916239 -0.702364109602 -2.00575398213 -34.8745497492 -0.0426110101698 -3.88218334762 -4.40286328517 -8.47694376832 -1.73772298728 0.906492325973 -7.6466186134 1.39720327416 18.6188791275 -5.83685043267 -6.23257482535 -16.5757225368 -46.2945880636 -4.99716386379 -11.0628863747 -8.80920191367 -19.2185880029 -14.2486802155 4.57536731054 -16.610491613 3.49633480437
POKE
17.0664240018 -10.1791086309 -12.1567714364 -25.7528031231 -11.5748982694 6.79942264435 -18.3706164018 0.988539848532 2.00977486257 -7.62688392196 -8.90443475099 -0.506233196299 -6.47383315505 15.5384621777 9.6981222261 3.48760797235 -27.7844364672 -17.5875791213 -1.47414993911 -12.4325084977 -9.62741124022 -14.7232770279 -5.48800929041 -4.38824101782 3.29115234766 -10.0662767962
POOL
13.5538584111 -18.7941990769 -15.1639304711 -5.86123944323 -2.46594395428 -5.00112134829 -5.60955578642 -1.15021192007 0.317808847081 8.75144362543 10.4739706273 7.85127370037 2.91317804496 12.150395423 -15.4035935558 -16.1124090549 -22.7902559144 -4.22718293192 -0.587988755162 -5.05959491508 -5.33847635021 -4.90313104213 6.44014860626 7.71048230313 9.58375416102 -7.14957021952
PULL
19.1008064581 3.81427537348 -9.98452030364 -50.2572905817 -20.9897471947 15.0556571994 -26.6082066567 2.16000827809 -6.24965430309 -4.3311323759 -12.149644594 -6.0055945971 -7.17052880387 19.0892627338 6.33324253644 -5.08911355528 -53.4953622309 -19.6505937523 19.1423756618 -24.7252957303 3.9800803245 0.0236169736759 -2.67997458378 -4.58518017949 -13.6134996597 -7.29258631608
RICE
18.8234918004 0.442612896564 -8.10348451574 -23.5199997798 -39.9340369927 16.993369583 -2.42329556125 4.73212474829 -23.8248754072 -8.66024854338 -0.115390492494 5.3134401035 -5.86512294468 16.9354932084 -3.46692900281 16.2390746659 -18.1059340848 -57.4176361571 -6.01538328342 -25.2372935336 -12.8337140933 -3.97070077088 -14.1614282903 -9.16507578182 3.00588148393 -11.8510340197
RIP
19.2018610151 3.33640822797 -5.15281756264 -13.0283865318 -31.599794445 -4.50491683708 4.0599243388 15.9752568084 -8.22917659539 -0.777785305859 2.79130708006 -10.2290298497 -3.28365641186 16.9834476921 -1.02206550448 -4.30905643914 -15.7296421994 -22.9693439339 -0.666953656525 -4.87658897393 15.0607057828 -10.0184272859 -14.8385778112 0.619792156935 -0.348088561586 -10.8363465062
SAIL
18.8466645259 -3.98187572025 -7.36239366048 -22.3959572645 -55.40867446 12.9259464694 -12.535671249 -0.124031636733 -33.1291748229 -7.38147470119 -9.53464093663 -6.85157584487 -7.49968134703 18.8256511581 -5.84295676949 -4.44902828803 -23.169861931 -57.341221242 10.4578158662 -11.6190691148 -8.20958672921 -25.6801442203 -7.25150308488 -13.5769303485 -4.23590909706 -5.73569008508
SELL
18.8115841862 2.50208910583 -8.31219046564 -25.6760870823 -28.2407900647 -5.35386461569 -0.673026068474 16.4643652787 -27.4918960459 -16.4378233049 1.31085850686 -7.44409221927 -7.18591648477 18.5193977692 3.70203475623 -15.9311421916 -26.0123335093 -12.0907684856 3.38336697909 -6.75958421311 10.9774747143 -33.1145730631 -16.2884976422 4.66557033679 3.65879544833 -12.6911788922
SOUR
19.4182178078 -4.67704270848 -32.7611875175 -20.4370259238 -14.5209142103 3.53005640831 -14.423211435 -3.31445844176 -38.5288576515 -3.97381496252 7.51742356941 -1.11829530334 -13.0132983835 18.841166736 -2.91068703788 -29.2235630735 -16.1422823538 -4.12668534757 4.90972134048 -19.787948785 -4.59311256834 -28.4543571092 -3.60728724333 7.4869746375 5.43057272521 -13.5515562684
SOUTH
19.1961588763 -3.31735884323 -24.5478671224 -22.405303101 -25.1035347448 6.13808805053 -12.9930097611 -3.2252836886 -32.1119094098 -9.62889153525 3.30150957295 -6.78740991697 -12.7561303229 17.4885391329 7.32631265607 -17.2970233288 -38.681210238 -9.57162367671 2.30426753875 -20.0125614447 -4.89385671165 -6.89437261285 -16.3063662448 -7.34782576647 -1.10505659471 -7.37780642372
TAPE
17.6162085661 -15.9000079755 3.42961291 -9.68497365209 -34.2776731676 -1.47766973317 -4.59374430798 -4.41634670957 -5.43040615636 -5.69893449913 -10.5443199094 -2.45355839925 -3.86840535182 17.7758217149 -4.42658313567 9.18878599598 -7.71175196722 -51.3546065682 -9.71338664751 -20.2872643753 -16.0144479454 0.493834256331 -16.7802393396 -4.11019256902 5.44339424233 -4.12274473136
TOOL
15.5502180642 0.212347817389 3.43349672404 -14.1644514961 -9.2109121736 2.08841856222 -35.8269289473 2.38902664881 -3.48005395583 5.32043014847 -13.3918362886 2.87426203593 -11.8141703237 18.6743405344 4.91995213797 8.27696463719 -41.983978391 -20.6455917987 6.27344439388 -25.8892972346 -6.26624895961 -15.1732129032 19.9345244602 -8.98211318049 11.2889012285 -27.4760930135
TOWN
17.4401252748 -14.3505346625 -17.0713258476 -8.66001139233 -24.5666886731 -0.314467067626 -7.59389304885 -7.22313829109 -21.8137876072 -8.57710628437 -0.680503708666 -10.7897504714 -2.40259244275 17.7564490142 6.6102938806 -19.6190098327 -29.9890857551 -8.50393859319 14.3419407497 -35.4354230041 -0.00106765638706 -11.1785554523 -15.4148042685 4.86656811342 -7.3941966117 -1.62657924693
TUBE
17.8911717841 4.55427215911 2.43845683739 -19.5847490017 -17.6715220312 -25.857806802 -30.0844514851 -5.51243815426 3.44094924963 -6.20796320387 -5.65521844863 19.4725614868 -7.23473090926 13.6005164595 3.11288258698 11.9686729457 -10.7916059054 -5.58892525189 -10.5951189798 -21.9613513609 -28.064951259 -14.138894779 0.466344423891 -7.90371558061 -5.18264938667 -11.2285308843
VOICE
18.5225825 14.0149345596 -3.73463443548 -43.349395919 -22.8951106963 11.5679500104 -13.7291510432 -6.96105114169 -9.3889860803 -5.96527572287 8.48307623861 -1.03589374414 -6.4881552479 18.039110987 -1.93019603252 -0.772389749923 -18.8184505297 -41.7976921631 -11.0932600395 -20.2840942968 -4.24672366135 -10.4607981412 -13.755428068 -8.59164950643 6.38671657352 -12.7010314763
VOID
17.9759858474 13.0531137029 0.351670048871 -49.1896390264 -37.9197422749 11.4030150274 -19.1159434835 -10.3573746917 -15.0476303304 -8.52317765502 7.12161990425 -5.83087579398 -8.6745324934 17.6734426442 2.47744696809 2.41010551475 -18.3668182193 -33.2474088511 -6.18161049475 -9.10259888877 4.34489648197 -3.05586692059 -6.60586163235 -7.20114580691 -2.19654582182 -5.97835624135
WALK
19.1943662482 4.81095915218 -21.1798510355 -42.5543792845 -26.862985686 46.1366215454 -28.1291204339 -2.17214000493 -12.7899947965 -0.138073830174 -8.0922174776 0.894392123695 -6.60159321472 17.3753828691 5.60245948722 -27.5169166505 -41.3680245822 -10.8500732893 23.6496727441 -33.1519541142 -8.41074701872 -14.4265256204 0.743637857647 -11.6667780602 -4.46806342193 -9.03388183774
WALL
19.1201609499 9.62638365073 -17.6944083715 -40.4448941437 -7.78869977069 21.4311853493 -4.75491313561 1.47139537351 -19.5472114211 2.43756772979 6.63780406655 -6.7031274712 5.11637021383 17.8712358094 10.7984374698 -10.0980384121 -56.9337540748 -10.4885967968 26.4435986822 -17.8187426823 -5.18300490831 -37.1637351604 5.36194179839 1.07119121607 -11.017016275 5.37811785308
WET
18.8220523623 1.74246279911 -16.2193953069 -14.2698888357 -25.0636301721 6.57555815016 6.47303411853 7.64768360855 -39.6716311038 -7.55837902828 8.24449834863 7.85526340682 -12.2498563521 18.7080820839 -0.502578430092 -15.8028176763 -16.564844941 -38.8802518317 10.8563123103 1.81314635145 -1.45844944284 -41.5632278291 -4.96942854614 -6.40872579587 4.36378520716 -4.10028553106
WOOL
19.3094862643 3.72355338665 -7.2122499628 -57.3657144528 -23.814170758 25.259792459 -22.653564317 5.64636411671 -18.8836132113 7.37341832197 2.09714721053 -10.4959552091 -14.2364229673 18.8040593867 7.10077703312 -9.37910654521 -59.3537532936 -20.8304582561 19.3510455825 -20.044820195 -3.93699397367 -18.7732557202 3.07348567478 4.46392218375 -13.2161465841 -10.2149627981
WRONG
18.6637706005 9.68544463831 -18.4612686827 -30.3584750382 -23.0618944428 28.2833305153 -8.5933731504 -11.055866543 -10.7402651818 -8.46610944231 9.17227948057 -8.83049420743 -0.273594124212 18.8687489893 5.31813094088 -15.1348997709 -43.3803699546 -21.8731954309 37.2962973436 -37.2550414955 -4.49804929994 -25.6764164539 -6.89788304558 11.4692943918 -21.1713181869 2.76325543477
