BEAN
17.7081092403 1.19702746089 13.212361423 12.7553735531 -53.8225332222 2.0272107879 -27.7086137781 -12.7582104308 -25.9639281782 14.72671551 -16.0017767247 8.45583624642 1.09439544234 16.6734719939 -2.40399331464 15.8723739267 9.04991333537 -53.4518155329 26.3381087105 -30.0574474255 -17.1037829852 -16.0107043377 8.33996904117 -28.8828694815 6.67243419172 3.83950151066
BITE
19.0614732097 2.75077730145 -26.3603516483 -22.3725717325 -24.7022893014 7.84210149055 -6.35554857137 5.47725341151 1.24362884502 4.68521714088 -28.2404229964 -10.0503717552 10.7085059231 15.199868062 -4.45398407768 -1.50268843396 13.0052783426 -39.4688321036 -17.088658233 -16.3846915494 0.118874661798 -23.0774169854 10.0352190857 -9.47437989575 1.27158731443 -1.48833793405
BOAT
18.4450465907 7.00959440845 -9.4333479948 -14.3994543403 -45.4259674667 16.5510285941 -35.54507258 -6.28449228843 3.72821667309 33.410812033 -7.89012033153 -20.6915878411 -0.444839520836 13.9353745045 6.2870467186 0.0633351133712 -8.60194256907 -26.9534099325 4.01545921951 -26.7231375753 -22.1339168899 -23.2872154077 19.1922780923 8.96112939346 -4.19876956537 0.366540700856
BOIL
17.7463178205 9.08418454409 4.60342874618 -29.2734208212 -58.8592884078 15.4818894094 -29.6499990733 21.2947815305 -12.8859152983 -4.510205381 0.957350344576 -3.81935026375 3.09154717047 17.8784008997 3.20786832599 -11.9465498397 -13.1398379838 -36.8083710662 6.73221417539 -40.1082467422 -4.26805687923 0.272826053047 30.9719105517 -18.2038661825 -2.06670606451 2.04791468888
BULL
17.7279387267 12.788109036 3.48083238573 -22.9055270719 -56.070395993 18.9755356528 -15.2848796146 1.55790267899 -9.7443378845 -8.14770360249 -3.99276270165 15.4728657747 -2.91033159294 18.0299443596 13.0581346023 6.50758697501 -22.405385463 -67.9616567797 24.1864604262 -17.9072472131 8.5596771012 -10.1862952466 -7.07822782806 -3.62733707546 15.6468139756 -1.57027568211
CAB
18.6592385267 1.98862858612 -25.5736854214 -3.13130026285 -30.9626566988 -14.6447651936 -7.59973087792 21.246604803 -3.22333096313 -14.2896579745 -10.845410715 -3.62755048611 -4.45592392744 16.7515835558 4.70506234721 -20.4626320917 -11.0290911467 -31.0023395777 3.25307346079 -9.67075570138 14.1525813172 3.50983479336 -2.08830988412 -29.3358762121 7.6330101318 1.45490349069
CALM
17.086498748 -5.43646579323 -14.4066936326 -20.0320261783 -12.6011427606 14.3526459063 -19.3275963873 5.57073984123 -14.7855751023 2.99694230642 -7.96533128108 -1.90098109256 1.99630135445 17.8382752552 3.6493088778 -6.29722991841 -27.598631616 -34.6042469355 27.5048109016 -15.1438933186 13.1668711231 -44.8918208167 -2.61970984916 3.4328159771 -7.60499935955 6.4997485999
CAUGHT
15.776584308 -5.01752592753 -16.9179772353 -17.1992656631 -10.7840563214 12.5392338975 -20.6365013929 -4.59514467003 -4.7989972891 15.0465035992 -19.4858810482 -0.332881396695 -0.852683387063 18.5383159654 9.26390100576 -20.0399888534 -34.1973399283 -29.0700263168 24.1460921635 -8.70191192352 3.91042114177 -14.754980573 15.656698646 -24.5564820395 -13.0621366543 2.52133411644
COAL
18.2859063497 10.1414246266 -1.17291744825 -27.9120895485 -56.7915898464 21.5236688148 -18.8929616514 9.58018970682 -10.3448420641 0.32344397363 -3.35657303968 4.48839454457 -6.90628468064 16.4640514241 15.8640268222 3.37419446573 -27.3854405139 -58.0480178874 9.59031807133 -10.5651057659 9.87153012942 -4.00993753794 -12.6857328254 -5.91025423013 1.14341156256 2.17561136889
CODE
18.6657218517 1.79732089654 -22.4217174344 -0.78586699244 -33.643927463 -11.4071052483 -29.6052905205 16.5825420853 -3.51921960241 19.9982619672 -16.0269597169 -12.981851628 8.55612163361 16.0034065564 7.04529915243 -15.4453567085 0.715744506684 -29.033377987 -7.62430536942 -37.0300836611 0.25440271165 -9.70129782368 23.7378176069 -11.7907369782 -13.9002177438 13.2670202559
COIN
18.6544100552 11.160387468 -0.870165172564 -29.7533805241 -50.684892088 16.7075290243 -9.82916232988 12.1700746302 -25.933178939 4.43441295833 -22.4829564309 2.37232437529 1.42107966733 16.6432914635 5.76569376337 -4.98746957083 -8.19781513271 -38.1903044233 7.88509652525 -18.2105207703 -0.217652913565 -30.0065997535 4.27497929026 -13.9764153519 1.80575946191 1.15607356924
CON
18.7831282905 6.77763295213 -23.3264846921 -20.440638961 -15.9634324682 18.7850794962 -23.9720398084 -0.27706733862 -17.7915731896 4.48350344716 -15.1384539959 -12.1434144142 8.68627760338 17.5057608065 10.0441563108 -24.9369714845 -21.5526061242 -9.58251666724 17.5554911571 -27.0474345812 4.61092780442 -18.090370706 1.18142196158 -14.3013650041 -15.9133220182 10.6268940383
COOL
17.2412435333 12.2806247562 2.32458191887 -12.7761642578 -35.8311895384 13.7462330909 -35.8026298146 -11.8129075966 -44.045307298 13.706958083 1.6622467729 12.1261092352 10.1689453294 17.96955431 13.1501228261 7.487661448 -17.8096206168 -48.2789311063 14.611267244 -30.722570781 -6.72811087619 -38.996809504 1.06545382016 -2.47201790277 23.8400717901 16.9231600365
COT
17.9870510322 -2.91973818496 -25.2467817408 -12.5951468857 -14.6681730193 6.1121122064 -17.7546676493 6.29559447274 -5.44785598661 1.14317515661 -32.369114254 -4.0392127529 11.2792001105 17.8901468761 2.68455645773 -30.9342129564 -20.5942154147 -17.5143855078 17.6151255068 -11.7784365405 6.99777496232 -5.52482377124 1.664352731 -38.0962480979 1.61819578697 16.4050600028
COUGH
16.8954760705 -2.92141145007 -18.6164755017 -18.6581309237 -14.706380235 16.3226821461 -17.6676370267 -4.61850153926 -8.10832682306 16.0574108488 -19.1096998682 -4.34621713588 -3.54611092992 16.8492121811 3.34186796235 -15.758529971 -22.8989606706 -24.6846870574 28.8365147904 -4.7004589396 -2.405339008 -15.624092799 14.3942553031 -14.5385886968 -3.67951168107 -2.17646734419
DEATH
18.9466035728 -0.990081881618 -10.2423592238 3.94152333283 -48.4660269178 -9.42827698267 -16.8194331523 31.9053757489 5.32455348587 -11.654133505 -11.0092297418 3.9329062696 -14.3500227262 14.5711193287 -4.45158100839 -15.7140272811 -6.08537643499 -16.3402767162 4.40092274529 0.474769578139 18.9699307691 5.10520836431 -14.625271245 -11.3217464126 19.5401055378 -11.405956482
DIG
18.6338318412 -4.53272811704 2.36782955903 13.767264932 -47.91129737 -17.8401090341 -34.4929454102 16.0574170705 -21.2334931855 10.1914562617 1.89255974343 16.8382179368 -11.8164959826 15.9547544324 -2.26348635782 1.09104554056 13.8184063124 -41.0699236357 -24.464940987 -18.0120043149 13.705532152 -23.9850863574 13.8118214612 -7.72144735352 8.48473375913 -8.23218299
DIME
18.7038749646 4.04775058705 -23.7149043576 -20.1155616777 -18.1653664794 15.6256361913 -35.3697871542 16.1319125845 -8.41109572743 -10.1775668198 -21.8614767499 -2.2196600837 9.89265857955 17.5061438381 -0.735674472712 -19.6855384562 -5.28982869288 -21.8742807332 5.77908195181 -29.4439534162 18.3447190271 -17.4560710584 -15.1834363598 -19.0031111961 0.915242349287 4.86920400508
DOCK
19.0915466761 0.676166677918 -22.2974572667 -21.7037515821 -19.4622760883 8.33688107809 -15.666053102 12.5098136897 5.58665309274 -3.75811071388 -26.176983665 -8.4841138485 11.4074055999 18.1986750349 1.1456213628 -28.4317626885 -27.2804833327 -14.1881678453 18.1729203503 -6.16533000141 -8.08576322471 -7.38380817043 5.22375993844 -28.0489015132 -14.8829787451 22.0061642392
DOLL
17.8926919572 -1.07194270812 -10.5390462149 -16.388548207 -36.8051723436 13.7061752658 -28.5618108051 6.84928920731 2.40403514812 14.6176010779 -16.2461465912 -7.05021394818 -6.1583995173 18.3073236176 8.12637027337 -8.31762825955 -30.0695754548 -47.8185681983 36.8168457201 -12.4192523503 9.38778334505 -18.8241515656 5.15166808806 -8.03697455295 0.054180910755 -10.438367647
DOUBT
19.0145732505 -4.25625865829 -22.1866366903 -10.0193437532 -31.6198770747 5.98859048295 -14.0458007029 24.5550010385 -8.54269432766 -13.6723446183 -26.3030889558 10.1181609571 -0.680017492404 16.251462884 7.21167630309 -18.0362563821 -21.7464073564 -34.757690817 17.5765898547 -15.2620193062 -8.20371988294 -6.46796095758 11.0951490516 -7.20786574463 -5.51543220259 -4.28502388587
DULL
18.4909380208 0.383383489234 0.459325465984 2.19734456786 -35.2435183749 6.27667383653 -30.7097719402 7.02365862612 23.7901602452 18.9043371767 -13.0607546888 -6.27432128433 -10.8166300041 18.4498820408 2.98492399867 -7.77340684198 -11.3254798507 -47.1274398099 16.1013868701 -45.6754856364 5.82308113403 9.62527595578 22.5379531967 -13.1797924634 -14.0238480092 -16.3904337272
FADE
18.4773799177 -3.36118950004 -0.749547693747 17.4379304172 -56.9656007852 -22.3799308986 -22.4396810162 16.512896542 -20.66884813 21.991944102 0.605142854288 1.67625121682 -12.0343746775 17.4167181214 -5.14019935167 -0.217420834213 24.8244037419 -48.3329941036 -22.1935565409 -23.3145951299 7.16233094265 -39.9957533201 24.5313822104 -4.26381045556 6.30851723518 -2.57878176495
FAIL
18.8340632608 -1.78909303613 -9.75401130513 0.0327694944884 -47.527662473 -12.1866754246 -26.7493676203 24.1893227384 -5.96825631838 12.5175261772 -18.3360578323 2.84669737005 -13.7051239816 17.9055161058 -4.35433826348 -17.2116571837 8.52416879075 -38.424460327 -17.058995868 -18.6154009645 17.0114927141 -11.3555087775 10.4291750571 -10.8410052031 0.693358519272 -9.53247281946
FEED
17.3699188072 -7.48484216518 17.6596856605 19.7867612709 -48.5768909996 -11.3356922315 -30.0283885871 -8.34148268747 -39.5948976655 14.4688949045 -12.6336772323 2.63343407106 6.34154664711 15.2739997554 -3.72036383069 17.2245731946 22.7068546296 -40.4826288406 -5.03700416224 -25.8570050459 -8.43283216741 -36.4646628575 7.75463283305 -8.39993791405 -4.67898546342 5.29493256661
FELL
18.4866169743 7.02898365901 -8.00602564828 -11.6169356996 -44.5349054546 6.88015695006 -32.0631517385 18.3662954232 19.821695651 11.3088788233 -37.1650324512 -0.993974592719 3.21667768307 18.8732131287 7.55694856524 -15.7082768641 -22.5170284134 -34.7983151866 6.5974360633 -24.6075680371 21.7117446708 17.9906369351 -1.92400897637 -40.3688390975 -1.08940934335 -2.00286376185
FIRE
19.0989699657 3.11867883449 -26.7729517363 -26.0983428565 -25.8564331515 30.0439793406 -16.5855160219 3.21998736072 -11.1960086686 12.6783628127 -31.9671337122 -4.34011550279 4.93695524999 17.837774501 -0.577828427938 -28.1709321971 4.23360149621 -32.0498195174 -5.613743484 -11.8960212366 31.0764666286 -9.67612989777 -7.23875709313 -17.1078844727 -5.75748596351 5.95850450975
FOOL
17.4592359506 14.9928371877 1.26544584127 -16.9221262697 -52.6944485401 1.64327457295 -21.2339350087 -8.92256228833 -22.5245147343 -4.55953870471 1.45310139085 14.4791148653 12.1056360099 17.6587497456 16.9509513544 6.94266361085 -17.3249473553 -57.3442552693 4.63441273482 -22.7155420903 -4.40403676564 -21.5718003351 -7.38436849631 -3.95372644936 14.3994564095 12.712354252
FOUL
19.1309616363 -0.931520111822 -24.9223816919 -30.1021504068 -14.2058395476 24.2089685238 -23.1133662706 10.9752843786 -3.20211634828 -1.45203658493 -40.2404192592 8.34453229204 15.3304449854 18.5781910718 -0.620669250444 -26.1336242658 -27.5693063188 -22.7298109544 35.7033967523 -22.3478968924 2.09729454087 -5.86761139289 -4.11029650256 -26.2185436077 2.56600167562 7.72839561103
FULL
18.3967419442 17.1903237353 -9.07663273798 -35.2254625376 -44.997214158 1.97473065104 -8.35074673784 1.1567803638 -12.9238971441 -1.13424975564 -0.143186488918 11.9215118235 -4.37479939152 18.8787947298 18.9091994102 -5.48559932585 -35.1474981057 -49.5476842312 9.0725533641 -6.54263638781 5.62952528915 -5.87206174178 -4.04354215284 4.42128918274 11.8078998493 -2.74297690061
GAP
19.1765382769 -2.50054731008 -23.0869290631 -0.164647477981 -34.9592923702 -10.2733209331 -2.2951761438 26.2777824179 -15.3274184703 -8.08085864626 -14.7922002826 -5.95210830293 0.590837039423 16.3130457797 -0.482052269819 -26.3335911173 -11.7637083049 -18.7429923102 -4.11015745495 -2.8291444098 12.9597344676 0.378796568803 -9.35688966572 -27.2742205065 -2.38575039104 11.5025741123
GUIDE
18.5944902459 2.69598538733 -26.5702072122 -16.4933473153 -26.0045848605 7.99030307936 -10.7080298413 12.8615048645 -4.57168036021 3.21301637521 -39.0004490937 -3.72300369229 17.6832287 16.6912002882 2.32693812672 -14.0480704086 -6.1401026264 -35.2287842596 -6.26972187653 -6.7043480221 18.356381914 -13.6369255753 1.98647104718 -16.6644767158 2.0335755847 -4.71650102006
HEAD
14.352223722 -11.572096406 -13.1911143134 -8.77160656773 -21.7229620096 -0.65822338247 0.173461116062 11.7905848915 -4.94362305879 -11.1297257417 -3.48456994795 -1.11641727684 -10.4513433578 18.3704905584 3.54453321073 -13.6671617754 -5.52930461643 -40.0320104991 -11.8240784285 -16.7785316648 24.7391290594 4.69158380315 -5.47873523482 -11.1031498944 1.86470513711 -22.4667953724
HEAL
18.6622821115 -9.18129582006 17.1656545386 29.2869683896 -57.5052056522 2.62030973424 -38.6551566465 -3.01488596118 -44.3443786197 10.639220634 -9.3442734019 -1.6111798699 3.86198976025 18.239350253 -4.3391821546 4.74806999367 22.2468696561 -45.3810929495 -16.7299038536 -36.0687379819 4.02461296402 -33.6386005398 13.949726817 5.27177026567 0.260555063996 3.73509410189
HILL
17.9884057948 -0.603641057393 -7.39216442656 1.9315005044 -39.0760396715 -18.1573476431 -33.0091398628 21.2991993354 -6.25596736661 7.51777807032 -8.49825169596 15.9046266206 -24.1110011405 18.5757395317 -0.00391021339326 -13.4144718095 -1.08200059399 -37.6967042247 -11.7249460665 -37.08235334 21.9587416588 6.13016121843 3.39085830371 -18.0486153848 15.7062113358 -17.8139957831
HOME
16.224923579 -3.28363662733 -21.2888894473 -17.8045619036 -11.3552574117 12.13491935 -22.5539515973 1.42317023741 -13.4576484953 4.49956841733 -8.17385695957 -11.7963262434 8.5016797187 16.9574648651 6.44776890907 -8.24294581886 -18.2326305677 -26.9772257965 12.9101232828 -12.3441182656 -2.92852637632 -34.6992544847 9.10460002176 -15.4238986291 -5.71169531504 1.70515203346
KEEP
18.6171343124 -7.59229956736 14.430781102 26.5372248235 -51.5516696283 -6.61801275519 -27.9977168113 -14.1748004685 -28.0758593531 4.90436290803 -4.17157951188 -6.57130449327 8.85632371179 15.7729088584 -3.17591968482 9.97069113528 29.5133038066 -37.6200444216 -16.2752003957 -21.9257306379 -15.8407550863 -25.9180458216 3.94387620132 -5.75725664773 -6.44859220418 7.82331410306
LIT
19.0470878486 -0.225757768028 -11.6019752491 10.0122272036 -47.1387318677 -7.48747232369 -43.4144801595 22.15181226 5.18804298661 8.21972727072 -9.96228863563 9.44825117286 -9.17455468064 15.7071124136 -3.58725452891 -4.50072635153 2.3272328679 -34.1262836253 -13.368096975 -29.5747732727 21.5535355106 -10.243533908 0.65208839333 -13.4191090486 11.1941728928 -24.8964884123
LOUD
18.4267295412 4.20827051531 -25.5524251018 -24.4527613421 -18.3045352653 19.4284269363 -18.1836319134 2.92175863774 3.86767787233 -8.60630607399 -32.8788167155 7.59702227503 1.71228643126 15.7862592771 9.31154122459 -15.8787517418 -23.9316664662 -30.6131596348 20.8090420927 -11.1414131375 -13.5738518142 -0.776956837824 3.26123990072 -3.39492418617 -4.64596191929 -12.1187427322
LOVE
18.6790430327 4.28779612769 -13.0089497426 -31.8056395134 -34.953277126 30.4817740044 -37.3624479728 10.5777051352 9.80339813298 15.3512864693 -28.5249008618 -11.5381258433 -9.51847900014 15.7367019186 7.29212894118 -12.2816065786 -23.1088489623 -29.1448505211 20.40781582 -26.1684118389 -6.3456687563 2.19143395149 22.9310524582 -20.8795731914 -5.25917247756 -15.2814371343
LUCK
19.5342374624 -6.56990725165 -17.239258706 -31.8562139634 -26.9081014398 11.5440910043 -5.49147761786 5.98223274449 3.46178215639 8.03600558712 -10.383311471 -24.2878463704 -1.96519602107 14.9441820706 -1.23646756243 -10.0113786753 -27.0989137847 -18.8439456756 8.28371484594 1.31252559975 5.42611720731 13.171053288 3.08831633468 -27.9693249076 -12.2019772193 6.72656251191
LULL
18.1837059686 8.86778061876 3.76982383499 -40.7712197849 -45.9901345825 32.0294995737 -29.7473972335 13.4878723303 -10.6976956187 7.21545565716 9.86627042844 7.68869882799 -22.2994320042 18.425468355 8.23064395919 0.122263206987 -40.2621513898 -46.5425698312 27.2027240754 -29.6777369212 15.8858785279 -20.3520768519 7.74352388664 9.07528993097 2.20775053945 -19.9166346165
LUNG
18.5782138273 7.83815115538 -14.4884234323 -24.9634744545 -28.4220346923 32.2883589926 -42.1606906311 9.60766090265 -16.4284578651 5.56574048968 -14.843932468 -19.9179031336 1.27790562428 17.2370691421 5.023772035 -13.5913184668 -15.4909099725 -23.5843188289 21.0716393252 -27.4413230225 -7.80962062398 -28.0175895582 15.6680397642 -15.109142685 -17.4393405154 5.27925197162
MAIN
18.1605195724 0.394647673041 -5.03904657309 6.39551363474 -47.4939607033 -3.55088472343 -8.48302359838 8.14162994215 -22.884869585 -2.67005568046 -8.93423109263 -12.4344048236 -6.28308040212 17.7499922329 -5.35941990352 1.41231921061 16.5003658642 -59.1663941475 7.95887882208 -12.1364674866 -4.95146444133 -26.6742701329 12.2379202833 -11.0363654926 -6.93688188895 -2.70930720711
MATH
19.6760855019 -9.22670133935 -26.2773526719 -4.45816489549 -25.406330456 12.7121129117 -22.7361893101 20.1803766887 -14.501000066 -26.7159443948 -11.3023518387 12.0819763412 1.84386729559 15.0062394208 -4.90054574912 -18.1549060891 -3.87554417082 -8.81294602678 11.1046650373 -5.74712275537 16.7994939863 -5.02134991362 -18.9671142002 -12.4325616225 13.8426772402 -1.73647334794
MEAL
19.5846445908 -11.4690762087 11.8838802661 9.47693349501 -58.8793420302 13.7784411627 -30.1313864307 -4.20722824839 -37.8634703091 19.6418428872 -18.0471492193 5.22164652052 -6.04138839392 18.3179714708 -6.67134116139 7.46493139379 8.96704133098 -54.0929728484 -0.70317630587 -25.0515255185 -0.835714716204 -37.9911423759 15.7979710922 -15.6706712039 2.54107784142 -3.54074570365
MILE
19.1930128855 2.23852933371 -23.0122055366 -26.5625165182 -20.2068414028 32.8616150567 -36.8483117492 7.90334719332 -17.4752667545 -2.27392036254 -9.49968267493 -11.9923922356 6.76545897051 18.0295451764 -0.969981478502 -25.164422937 -7.53307539358 -23.5003885559 5.65264648936 -26.6795774063 25.4006495576 -9.79332574006 -20.0511125097 -20.69687777 9.10141187669 5.00518394615
MILL
18.4130777119 1.95439203703 -3.09318952195 -6.39632789689 -29.9121806645 -1.21104375646 -33.6332717937 35.6993980794 -3.6231489687 -11.2127755547 -9.07386364704 10.392705514 -12.9486019827 17.9606686631 3.39040839922 -4.13961820705 -10.7789690523 -45.4302918153 3.45096607261 -34.4603979428 28.0165792111 -3.73852073432 -8.00722507203 -23.4726598582 8.69743125442 -8.06369792037
MOB
18.8499757723 8.44962681965 -27.0097652393 -29.0292570592 -23.2419952782 35.6195668159 -13.2121892751 -13.1092380797 3.66442925754 -13.4519098856 -5.45705096188 -15.2617757081 3.07528116899 17.1560876724 3.05133451564 -21.862887893 -28.3988044306 -25.6072247529 41.195324967 -9.84907973978 -2.85495086903 -6.77052931797 -4.26142286536 -5.33116233042 -15.3746017404 -0.250883774433
PAL
17.0067190537 -7.51019170754 -21.9019823657 -7.18043914134 -15.7587527124 8.77699720876 -3.78563072188 6.47678897364 -7.73759075907 -5.96810085341 -26.1233015699 12.9483852165 8.10484259143 18.9227414882 0.897568492174 -28.9248746952 -13.5472603537 -27.2699688589 26.2463976712 -12.0131224999 7.21695691315 -8.06361241266 -4.07899514824 -33.2711196013 8.41157587727 9.43003623188
PEN
17.7002513288 -11.3471524663 -14.4024472222 2.11754062696 -24.2490627332 0.17871634308 -15.6686134261 20.8793173819 -11.6935173502 -10.0214558831 -6.99087396406 9.65555613874 -7.85064465578 18.4055665051 2.00433470778 -16.2735208504 -1.23353019084 -34.4849872754 1.77377434968 -30.5315668221 29.9449073845 -23.1535020186 -15.6331558824 -8.21619386979 5.13342744205 -8.31287614276
PIN
17.0389306165 -6.97874833721 -8.13184229788 2.01696286984 -26.6788286257 -6.44483997489 -11.9324765322 15.1093467776 -14.1376229125 -7.48495975713 -6.12293174225 8.72629551373 -12.5953205933 18.034674976 2.0343529776 -14.0978173915 2.52597790864 -28.1096338685 -12.8599938451 -25.5190658208 17.5410358286 -26.5760853981 -9.1517517807 -9.54322159916 7.9672448822 -13.5904274258
POKE
16.6332346258 -1.67755555883 -20.8773876368 -12.464569188 -20.9373865462 11.0887278103 -14.2275514103 -3.98071027284 10.3015294253 11.7595439607 -17.1854644626 -5.88959462426 6.86838268112 17.0055390504 13.3533940402 -6.22813958387 -19.8804232229 -42.0455949542 15.3895004025 -23.4942637859 -15.6821173512 -18.4298107637 20.8591491679 3.82226052064 -3.14077206125 -3.38953606357
POOL
17.5323440029 18.1400792601 9.49487542596 -24.3326076747 -47.4339459855 10.4018968862 -27.8766352871 2.18498128379 -37.8453324364 -3.09102708279 -1.64934259542 6.57173911426 17.5305441602 17.3865625941 17.3937776232 11.3793656058 -16.1320326944 -59.8508295969 5.58650405821 -23.3006479006 -5.23673613981 -21.860219321 -4.84562092967 -7.92012676015 11.0142488387 20.6730278889
PULL
15.6145992641 -16.4085159011 -18.6471509041 -11.1985273713 -11.5656998615 -6.49479252019 -6.87430779496 -0.976186490675 1.031951981 4.99550073677 4.8610283609 10.1329432672 2.29229579081 14.4633094772 -15.6971514042 -17.2649215821 -14.874498118 -12.7939712121 11.0165867152 -0.320205554978 2.1001169489 -5.43641611382 7.11529608178 -2.09181349324 9.78949989309 -1.45527985257
RICE
18.8362425118 3.85805847073 -28.6116598387 -16.1712776831 -21.1280046531 -0.354476311378 -3.79552529634 18.0433969835 -1.86726037026 -9.99498248528 -29.0090280802 -6.77190480685 18.4218331193 16.4906134135 -2.64581232704 -6.64023994616 4.17427929584 -37.0386779198 -18.9891520381 -7.27975898519 18.9651112047 -15.1383442858 10.4844598502 -14.3225676287 -2.68353297322 -9.54384232602
RIP
18.9874115219 1.41363064852 -5.13530961317 14.7575724793 -57.4029419736 -14.7429615535 -31.9538127827 13.3679467168 3.20307756788 1.74018980426 6.05414215246 -1.58265705932 3.07117539454 16.4342774945 0.847820070247 -10.9983631921 7.59232051711 -39.6939091365 -15.772860955 -25.1054734256 14.9684983243 -1.79219103625 -0.560860539854 -12.4363760267 0.758566622553 6.38872700755
SAIL
18.5851125762 -1.15790185304 -5.95645242744 1.47497128433 -46.0772676301 -9.87312430728 -35.8373386976 26.4403882414 -4.94786973253 5.64017883307 -12.4553085851 13.0876557735 -20.8303966403 17.7440724108 -2.50815308999 -15.6740172301 7.8647596519 -37.5538143056 -18.7882777895 -23.4489843938 23.8764498412 -13.8052044061 10.194504597 -15.590009222 8.92144317487 -14.8963353668
SELL
18.5377038758 5.33317996608 -2.96797364275 -22.3472666713 -29.1176764822 2.16528130268 -29.3628344439 11.7379172613 25.104135566 3.56997243076 -30.9879380721 7.29643600191 -18.0395197787 17.8112354151 8.35006373378 -10.494197522 -25.317626606 -28.0793563887 12.7839821217 -21.0156031401 6.71790020857 11.9337159468 15.253156018 -34.1276188166 -3.2740720712 -8.75082577767
SOUR
19.0534117233 -1.29846439111 -22.2927431102 -19.3522337366 -19.6222803637 6.7961660856 -19.2060083263 22.721049328 -2.42493570842 -9.89874279198 -33.5288495663 14.2312184251 -4.18610331123 17.5707693384 8.88319557668 -27.8396723933 -22.3911727216 -25.302440434 13.8565091023 -8.29182522433 -6.03711461154 -10.5881592687 7.0385870093 -12.6418821592 -16.4139540659 1.42715324835
SOUTH
18.8012803535 2.46229365334 -19.8887712184 -14.3706902316 -31.377659134 12.8722827434 -21.4706028396 17.238707795 -1.95701599556 -6.20343541854 -31.6549918466 -3.62960022328 11.789252985 15.8143672924 3.06627913052 -16.144386449 -21.9710546182 -25.6656327358 23.9022834778 -8.27516948567 -4.52583993897 -12.4370268295 3.96023916604 -9.3624449345 -12.2163021862 6.32678788069
TAPE
19.1117771954 -3.76274695762 -9.6574683409 11.0557569534 -43.1048851656 -18.0656951467 -18.9499142245 13.8522541256 -14.3875961663 7.86875284171 -2.81416660363 10.4330777872 -20.6577427675 17.2724233041 -2.82137214406 -1.40925876608 13.6540497691 -35.469958004 -19.2649864151 -16.624603404 5.57935133877 -27.4573989737 12.9923663444 -7.54467999027 7.41524625247 -7.89716100921
TOOL
17.6204473911 11.5879781411 1.05823621895 -10.5413027822 -35.4232659545 7.7634188481 -45.8573085343 -14.9502382796 -30.3367922879 23.7470580219 0.208547098994 -3.66625797799 13.9379228358 16.6382936371 14.103360513 10.1375609483 -18.5309835837 -51.787699667 7.73338816678 -21.5936552518 -7.31100897348 -31.7060204201 5.75897846888 -1.44049742333 12.5654214869 7.39897757941
TOWN
19.2443327953 -4.7682608035 -27.7074582825 -7.92012916988 -19.9724730208 1.2484528535 -10.1212637101 14.4860156234 -10.5031559449 -29.29825314 -9.37301345542 10.7615168134 -4.76582686985 17.5742288173 3.76383470182 -22.8871340687 -18.971817434 -22.3506838117 21.6542285895 -27.9539569623 0.867917253026 -18.4390853746 -7.52205475301 -6.78012051294 -6.11694043107 0.270261434681
TUBE
19.4824694608 -9.2457808758 -4.74343839785 26.9638226986 -43.3092901529 -19.9762830027 -39.9629545234 16.6474201758 -37.6615535834 18.0078859593 2.21015121264 14.0436440836 8.80143356612 15.8028828913 6.76847472986 -6.27647187706 5.95720550936 -19.1881779516 -10.5897391021 -42.1892944206 -1.56904964324 -32.8527428889 23.3332614391 -6.16005527875 -6.37472785493 21.2085695333
VOICE
18.0969274463 11.149900599 2.73808920137 -21.2078180954 -60.2370622993 15.770658391 -21.7666961922 0.27733575165 -8.69682465674 -2.56349590072 0.356695482726 9.49882471314 -2.55170918678 16.6966335715 0.819972500961 -4.74399000842 1.56409790475 -29.9762448635 -9.91384277655 -30.7030803582 5.47773043454 -12.5906973497 20.5142193866 -9.30299192199 0.682740210088 -5.33307257831
VOID
18.0685821526 13.6828809004 3.84179447088 -24.7832436256 -61.4349529928 14.2877685953 -19.9012455936 10.176202459 -3.86302197738 -5.49321095162 -0.600173672971 11.7249233728 0.475968586732 16.9387800707 3.32715563009 -7.02115697852 2.41087656206 -37.5351656791 -11.6847651506 -32.4699924216 6.51154731551 -19.0626958833 26.5439744846 0.281178225953 1.69863084205 1.44913185586
WALK
17.4806707412 9.8399348891 -1.68584751899 -27.4436056695 -55.9879770966 19.7907224493 -11.3775863258 5.41367119416 -11.6368971252 -2.68753714649 4.04509999893 1.18372735547 -0.40431995717 14.7858078979 2.37654155035 -9.06954982144 -29.1045757862 -31.2528130574 24.7807631014 -6.6577764498 0.358392841468 -22.0866524414 13.8841152682 -0.897433493343 -10.7337755826 -3.31215093851
WALL
17.8873636097 8.88812763339 3.98684180298 -29.8391391337 -53.3385955761 13.8365651023 -19.0195041677 20.1823347456 -3.71188537232 -2.07703186397 -1.89297194103 8.26789330473 -3.90302574096 17.8540814553 6.24151104106 -6.41693143491 -34.2060959676 -52.9799127352 30.7208738572 -6.20519444502 17.6706053728 -4.7490389827 -8.90531505225 -0.811249487366 3.46884482711 -7.50113682705
WET
19.0949069325 1.08381721911 -26.6312905352 -9.88832667217 -29.7103543369 6.21468940588 -22.1521050309 23.3366444314 3.68931990527 -11.3438986102 -29.4631454525 -2.23328011191 8.84242973408 16.6409698029 0.489531059176 -15.4853591321 -5.7216459924 -32.2962299405 -9.38360229294 -17.4904966609 22.8717132959 8.51988576979 -8.98499043823 -17.5278540489 8.69119200759 -16.161825911
WOOL
16.4056086969 15.7077603601 15.5360008498 -10.4778428395 -56.0024280795 8.74450583469 -30.2484342731 2.01891918214 -14.9358343019 -7.86486754315 -3.15320909504 4.31392723344 11.7463080883 16.6936935676 13.746229833 15.3316311638 -10.991891688 -53.7549597448 4.3033506502 -32.440910046 3.47745648281 -10.8677802827 -9.56201277927 -2.87622470085 6.08912484995 8.32271494489
WRONG
17.610333959 5.95353159482 -10.7306674842 -18.6176445196 -30.9698206642 26.3818967148 -9.84410663871 2.5484507131 -35.29582851 -8.11586637058 -1.69670397748 -8.57339947143 -4.56769335108 16.6907098143 4.62275290844 -8.18721726568 -22.4472319521 -28.0639174635 18.1234249233 -7.97005350508 4.95617078052 -37.5955875314 3.20370358709 -11.4258705209 4.66153824829 -1.24790353018
