BEAN
19.5129374369 -16.7155217173 28.4971815282 -18.5144116807 -47.9740958521 -2.44799472327 -30.1926140486 -19.3590959803 -0.357203018656 -15.4861711933 -6.74353867157 -4.34204045998 -15.9888320406 18.0588286125 -7.47886543821 27.7902010096 -24.5214250347 -39.0371590436 5.44432445806 -22.8003812821 -8.86754236557 6.96797510417 -15.5090233842 1.12603323004 -10.9627154996 -12.8161726607
BITE
19.6788034438 -1.44682281407 -24.1851081509 -30.6450116713 -16.9818344071 10.3319321668 -23.2708585571 24.5075438408 -16.8660158389 -17.9455006975 6.14436544598 5.46750294619 -5.24817588405 18.4675992554 -5.34257122718 -10.6248701968 -15.7976040734 -40.32498627 -13.1057966382 1.09947490136 3.16492513243 -8.6446432363 -2.46480764726 2.15831391522 -3.05770170708 -14.5200653903
BOAT
18.8474255765 6.97423184047 -5.3137793568 -41.4347719179 -20.0632156598 7.21345700401 -17.7831784715 -3.75943741427 13.5777688169 13.4394601756 -7.95824043125 -8.00287726903 -20.7091686015 15.3677737427 3.9933094975 0.760721287331 -34.7453479012 -22.2203030286 4.89102936311 -13.8999196002 -8.87799762271 3.82726411316 10.6174127123 10.6667451948 -10.6808687134 -15.2515884037
BOIL
18.5665203896 8.64597625174 -7.04698492541 -33.6133207717 -22.3512053369 16.0072725357 -13.1154760529 9.01910149149 4.09839635746 -4.12011929326 -1.45434862029 -3.35212552134 -6.0411624685 18.2720767816 -7.46933842369 -7.59977912716 -19.0237404557 -37.2782798898 -5.26157427798 -6.16288171274 14.9397885475 -6.33781317893 -6.56625650241 -7.85174254141 -12.5322566671 -9.78656303607
BULL
19.4744195035 -1.94226256166 -7.02455642416 -60.9028101417 -16.2446620604 18.0996690934 -27.7259386869 -2.72139052539 2.29128754162 -0.379553786831 1.90853508054 -29.5264858662 -0.130243677435 19.1233619345 0.364178032301 -6.20708020385 -52.1450871498 -7.32265710129 21.1720308876 -17.6169808479 5.7662673716 -8.09420350875 4.01181612841 4.12256435035 -26.7020114751 0.775645059443
CAB
17.4434326062 -20.448155748 -6.08796649413 -13.67793279 -35.2822338206 1.7305857997 3.36327960518 -10.2000249103 -4.85789005664 -9.74625139661 -2.54960423922 -2.99686739943 -10.4025948901 19.0463942833 -9.00914991634 -22.4693258077 -19.3865715511 -27.8123163511 3.59885483147 0.472085041015 -9.11455922049 -22.1586573943 -13.3133311462 11.269795393 1.02814200293 -10.7749836763
CALM
18.5325299747 -12.3725505716 -24.2375596952 -27.2974789394 9.13989437494 0.977005159963 -34.0329668525 5.74805947474 -7.62187741334 -15.6584440665 -7.44770153563 -1.68832443336 -1.70158372208 18.4198033872 2.76573296553 -18.6727057955 -37.5160672549 1.69125546296 6.90808377184 -34.5788115618 14.2581782615 -9.79330580399 3.65908670026 -6.22681960751 -17.8596301983 11.3080089699
CAUGHT
17.7631489197 -9.55319321134 -12.5373736105 -38.1034101611 -5.41604636065 25.5696356435 -19.2636360003 -11.5374725568 -3.02095423481 -8.02708647819 -8.14917827969 2.85489707336 -10.199104578 19.133677979 -4.9994068582 -24.9510701123 -38.4794835714 -7.95936295254 16.9498630388 -17.4884790498 -3.67532996282 1.67934309787 -17.8314421624 -3.47015365329 10.2614081866 -4.2327416682
COAL
17.0531136688 -5.3276504409 -5.12769495408 -41.9945515938 -10.0144886221 15.2984676407 -11.1600304689 1.19192948523 -1.56515595619 1.0638026316 0.247800071883 -4.02348027467 -13.8244547675 14.1905660504 1.01471728125 6.50437652978 -32.6752526887 -15.8913584798 -0.27991925837 -4.16518571649 4.59408503033 -8.31066861682 0.0859004645325 -0.214997708661 -11.8981040446 -9.77499758258
CODE
18.7486441616 5.04892631983 1.12395408433 -44.5040667874 -23.3623049079 5.00146502596 -14.8362580804 -10.5238140282 10.1988939457 -2.20612595311 -6.58068955419 -6.66816277938 -17.186543885 16.7353913611 9.3285738154 1.85605722777 -28.9654240616 -21.8456578505 -4.96519940868 -23.3280546357 -2.80889662104 5.52815416749 2.51536208266 -9.95226409405 -7.95702566371 -16.1925389425
COIN
18.4840971277 6.35946000309 2.62149687121 -38.55111311 -25.206323571 1.32682128753 -10.5445098885 21.0965450461 -21.5050356373 6.37903164316 -8.74927546042 -2.98973918966 0.467415993097 17.8943429991 -3.12213512405 -2.78144463903 -23.5435401466 -29.5275311486 -11.4647546489 -11.8544227641 10.5943353348 -7.7400152442 -2.41171544494 -3.88498999071 -17.5414131321 -2.91265264437
CON
19.2615051599 -11.5348990367 -25.8439086945 -27.7747698064 7.24026446801 11.3063051953 -50.8125299987 17.3433146231 -13.7486702215 -9.18388277331 -10.0650563045 -5.81411172165 -5.61878360735 18.3647662023 2.84421584541 -27.3064010193 -29.7997877113 -1.7265766217 9.80762284249 -50.5652765857 22.4324564697 -12.1742952083 -8.24869489504 -1.35553174325 -14.2857642292 3.01407572376
COOL
17.7282620848 12.63155002 13.1767434423 -40.4784264317 -32.7245929435 -13.4755930642 -12.3079171698 4.51589738488 -14.7167164949 -10.0318410331 4.58854002549 7.33256921895 3.39126631188 17.9990683674 13.3578687401 8.39263079603 -44.6247173454 -31.5237855721 2.03308191297 -14.5783292325 13.5423576027 -13.553482009 -1.80414216658 6.4772598384 -2.98634237633 -2.20506887513
COT
18.761106824 -12.9586222097 -29.2128279785 -24.5980009633 0.381974356356 9.43563141304 -30.0862900744 -2.01137437893 -9.82577557503 -17.695882448 -1.18605160417 8.2691835731 -17.5142209639 19.1987638012 -3.08693577196 -30.3045498428 -26.1234496625 -10.7465315576 10.791455105 -24.6992641474 -1.92267908196 -11.2117345286 -17.6367981212 7.29930328731 6.07334329911 -13.5543287909
COUGH
17.3403698533 -16.5311452723 -14.3961922332 -29.0478624302 2.53752163426 16.8700664494 -18.8230509972 -3.82984974216 0.698951771928 1.1009919821 -10.2572879891 -3.22384659323 -9.12984781098 18.3140328279 -7.99059462961 -22.7796769973 -33.4192753745 -2.76898304559 22.0735536543 -21.574643071 -9.95470404453 -1.31884807399 -16.7286347008 1.13607508497 3.06635524348 -3.54459091654
DEATH
19.4264336521 -6.87790103044 -9.23373305878 -19.7719168632 -23.3068677754 -5.31571117301 14.0487889428 0.666564102909 -13.4997781338 1.91074534737 2.42771892962 -7.29023365076 4.67654164686 16.9931182495 -8.50176606618 -26.4453223121 -14.3109369508 -7.75403179996 -1.14386482666 -1.58067858155 0.546998551576 -37.5974718342 -8.12270831961 16.0982005417 -7.37914323191 -8.6067492356
DIG
19.2933554544 -10.2219636753 9.76641926414 -15.7974699515 -46.1700558095 -15.5792107893 -1.54305939684 -12.7581035928 10.799479568 8.22771510408 -4.22639140856 2.24577164493 -7.81695986496 17.9851922876 -8.93611181876 12.7741009961 -9.17856903037 -50.2907124615 -11.3235454733 -7.25757100521 -17.0730268095 16.6916357164 -6.67091592573 -12.2705338781 0.339989695823 -20.3984391665
DIME
19.3865898988 -2.84084495762 -33.5813352529 -24.411288104 0.658249901613 7.48744651267 -30.2523452383 16.7510280958 -11.1761140363 -12.8880480703 2.47652464216 -5.60347298003 -1.73682889411 16.1023595677 -3.179648007 -7.44506683012 -14.353274021 -28.0274365337 -7.48403251268 -14.2320326094 1.36315417954 -24.2554724292 -0.489987710451 -4.87911378568 -15.6998915813 -5.06551962356
DOCK
16.8437815342 -11.268626636 -12.5954177952 -19.5461629679 -16.9861820795 0.540662289473 -4.66975461942 7.48749444523 -6.87621286433 -6.51922407871 6.43494746225 3.23350163019 -10.9765808108 18.8222960202 1.40680502805 -27.3906747349 -22.0176921816 -6.20416210871 19.4584724981 -24.7043697909 -6.95416645308 2.61313201655 -15.5159312176 1.59419637475 11.8682161996 -14.5238648196
DOLL
19.3873780397 -5.55325663006 -30.6951293681 -27.3825247122 -8.98484827675 22.5209132181 -19.8007776674 5.95574131075 -6.97523482914 -22.2829714078 6.15104286016 5.52651855112 -8.57128857652 18.7143102183 1.71317197848 -34.9724612235 -31.275654222 0.508697101725 28.2397399751 -31.5010858229 -2.26871022121 -4.35450251459 -10.0417774027 -3.42091176181 1.11111842173 -6.41387366632
DOUBT
19.2578882557 -3.21553418119 -20.197560442 -18.720909739 -26.882258398 1.78309340531 3.85672974839 6.34714003951 -24.2103865004 -6.49732722811 12.9505217887 -8.0127843804 2.76933407672 15.254045679 2.61612096511 -17.5558489022 -31.0601508321 -17.1306517224 9.18585698899 -25.6308123574 -1.77219348355 -3.78196729803 -8.12534766224 -5.06352880558 -6.53863638284 -0.190130998156
DULL
18.923580076 -3.5315509097 -12.3882275994 -29.2208292653 -33.6291190384 -24.4183727158 -13.5562688948 33.7172110905 -11.0614448531 -23.5631070165 12.9683215968 -13.2892985215 -11.1878840744 19.2122042774 1.45538501159 -21.0887631865 -35.9225658935 -17.8686632658 14.734136426 -24.006367359 23.326884705 -6.35549353139 -19.7634711724 5.80046858254 -1.26738091665 9.65003043155
FADE
19.3077960214 -13.8091361342 22.2543674693 -15.1461561962 -48.7154790471 -7.02248849085 -13.5611300081 -15.8537191788 8.55972474168 -2.03679673748 -5.26229906895 9.66487278583 -7.73257061169 17.6648903299 -10.863417509 26.0496505466 -11.3254575453 -50.9787622976 -8.255947898 -24.6674972292 -18.407494557 1.20044184063 -1.93631986218 -8.63858899757 4.35064939156 -15.4605772932
FAIL
18.9012483676 -6.44523480316 1.86204508327 -20.3905293453 -46.9886617586 -8.08067413275 5.42889735181 16.039314305 -8.37611289327 -0.177832534262 -3.85124711773 -19.1409697988 -6.77439747949 19.2261085402 -7.90649631547 -8.14670930793 -22.9473781613 -39.7867897255 1.25349066288 11.8751882885 6.46313057198 -13.608660852 -0.772864190746 -6.43116128002 -9.8483391942 5.07749347872
FEED
18.3681949578 -10.9597364775 36.2569360269 -10.9300793325 -34.6586344083 -5.40353858872 -27.382276318 -17.2748895686 3.42830310898 -11.4141258793 -6.12494882463 3.92839052455 -18.4932850746 17.8582851068 -6.84497314022 32.4598147681 -4.49427446534 -38.5831420803 -1.99289310421 -29.4550319156 -17.6434804636 3.08549181826 -7.76096072794 -1.56039254676 8.962608071 -18.3150145334
FELL
18.1231165975 -0.589391102052 -17.966375886 -21.0310429937 -25.1932516115 -9.40859915554 0.30894414852 19.4490139258 -21.1812693569 -18.9628244996 12.0345490536 -2.89665570232 -11.782153705 19.5078203148 -3.96870326948 -20.1381401139 -27.4913720398 -15.1665963039 2.90102778423 -3.51086029575 19.1327828074 -26.9987231627 -17.1050851253 18.1429067882 -0.311651819962 -6.77237247443
FIRE
18.9779974633 -3.73303167443 -30.1377211666 -17.0556542592 -19.3433186196 9.95086134556 -6.93383743524 6.48276669488 -19.3179141473 -12.9294998174 10.8540380802 1.98682950039 -8.26159858343 14.7255102779 -8.08064832659 -16.2414119861 3.27929712761 -21.7014180824 -19.3567261066 11.7236152242 5.01310707125 -24.9734749297 -1.29497739523 3.06078319978 -7.3704339153 -7.1057872615
FOOL
18.0014338894 8.56762539675 10.6581881219 -49.2446465614 -37.3697417022 2.9067765595 -29.4436970311 -3.62176415005 -24.008509973 -5.38109189542 6.437716154 13.5082442711 -11.8810340262 18.5752034553 7.36308894537 9.44734029421 -47.3617951677 -35.4596519511 2.05907265065 -25.9619708931 0.0498519088782 -26.6068643323 -9.56247979577 6.52982989589 16.944278878 -0.054187648046
FOUL
19.1445866521 -8.1564610401 -21.8934955728 -24.6468887249 -22.2073884223 1.42065199776 0.52771217575 -3.2112241277 -24.25234545 -13.6484815075 9.72507616795 5.72875045884 -15.5199168517 19.051834559 -4.67854642644 -27.4165102312 -24.4412422764 -13.0292109887 18.2294616663 -17.0521701722 -1.22038475418 -2.85730951088 -17.4602604082 2.87103263008 5.50447042859 -11.5572561143
FULL
19.2259845969 1.62485985207 -4.21212889905 -50.8249166986 -19.0157555572 26.4704702689 -24.7491667946 6.22268383046 0.292281861383 4.65195117818 0.443335455008 -22.4556656558 -5.02986036975 19.7156500297 -0.322787661159 -9.3480802831 -56.7830554194 -12.4957580313 27.7870827761 -30.4745834142 5.75014621932 -5.23727199424 9.82298630906 -2.5182185755 -24.1873547874 -1.95293479535
GAP
19.1345612934 -6.01320355816 -7.62065743178 -22.7763047713 -42.4384724631 2.0015080045 17.707329466 -2.70564473911 -15.0223402685 1.4258660722 -4.74897852405 -6.87094360654 -0.251254656779 16.6571149201 -5.96586458935 -15.7038310566 -14.7289655684 -12.7507504386 -0.26445038345 -6.3168353855 0.335038870594 -21.5788460763 -20.3483708925 11.5619778459 1.82523494497 -20.9731280554
GUIDE
19.0902756833 -3.98590766037 -31.4167972155 -21.4994196255 -9.46396464156 -1.45053176047 -11.3364953909 17.3614117323 -19.669684627 -15.4725148191 10.8708748521 5.96366397378 -17.1019262989 17.3417085795 -7.19866314494 -15.6243511777 -17.049151129 -33.4615629586 -4.74924575729 -4.19625960352 -0.464483095439 -25.3354881185 1.70470693135 4.40156729326 -3.9532827115 -8.62598698299
HEAD
19.7166468709 -10.5223079219 -5.61129256312 -29.3677529943 -30.8799897794 7.77503314315 12.7343844125 -7.71238262508 -23.4783613254 -2.59201998022 -7.7635879239 2.68250542376 8.24736610666 17.948401692 -4.81096621573 -2.73192916348 -22.7653805689 -35.6835714291 -4.54550566509 14.0239368363 3.76917453032 -20.0538185517 -0.658077263156 -9.44914385684 -12.3817644664 9.68210888121
HEAL
17.8479066323 -11.5809303683 39.8389580684 -10.8980325458 -48.3830363495 -16.6286473721 -40.9056813089 -13.7549528897 -12.3521125597 -8.18717064036 -15.139158081 5.51116459884 -15.0855030214 18.9606425361 -7.89705866317 13.7865681376 -13.0395157303 -41.2369401699 -18.2079994473 -15.2294999537 9.87517200515 -5.87322064703 1.13463248655 -2.31023431631 -2.3299572871 -10.5384767186
HILL
18.7877433418 -2.19375185887 -0.7137736083 -17.7728547639 -23.6242594569 -12.8332869297 2.35386414895 8.7074381492 -13.8613428772 -10.4095332719 4.17898041588 -14.5359844749 0.335500240113 19.1267655957 -4.16278923311 -7.62308661279 -27.6125313688 -19.1604253264 -5.94660421757 -4.30229491459 19.4429802376 -11.5764400683 -17.130945794 11.3351873417 -3.12627197716 -6.54085094371
HOME
18.3141717232 10.3721312733 3.72205993081 -43.5941369033 -33.1129782291 3.62009852933 -12.7341092369 25.465227315 -18.5523307147 6.45551561101 -6.88074694365 -5.96624892968 -3.38464065176 17.2965108533 12.5576727255 9.49989312432 -37.1257684473 -31.4748537199 -8.07352758791 -15.0187446847 18.1946517297 -15.3580766945 10.5723662207 -12.0917804276 -8.57410385848 -6.65912869883
KEEP
20.0112560348 -30.868064904 9.93797693556 -13.3813726051 -15.24987318 -1.49902148047 -17.9491722124 -0.820425510923 -4.9348497146 -3.07149273948 -4.35525794898 -2.25908442805 -0.0242031304533 17.4948166814 -9.23867754218 29.7739616926 -0.179536339589 -25.4731784654 -5.81618127531 -26.7236700929 -15.8441414783 -5.30743925585 -11.0203835883 -6.17509087956 3.06934730343 -14.8228554147
LIT
20.3193637819 -11.6382134601 -14.751405608 -26.368748097 -16.7463799004 -18.9040031743 -10.6879085112 37.6622541575 -18.6436844584 -9.54314856942 0.018399837568 -6.31283470832 -15.7816482369 19.2353480933 -9.26280446608 -11.6870501316 -18.7759638989 -21.2119894463 -17.4738880218 2.82773614592 32.8290097723 -18.992241594 0.42335972851 1.69670572867 -10.8778681332 -9.37209877564
LOUD
18.6354624246 -7.13492542041 -25.0518648597 -20.803833606 -12.6415349597 -0.434481052493 -8.33065990751 -6.53193943226 -24.8022875023 -12.8769904268 20.6835316732 -10.366415073 -12.3370603692 16.6174643124 8.77864648691 -13.9004845986 -24.4568265138 -28.7703285982 4.39746891573 -14.2857899872 0.179129935659 1.59705951935 -10.2377080034 -1.11138136812 -4.55907977742 -5.90416861366
LOVE
19.2596566245 1.12639586092 -23.291543575 -40.5101694784 -6.19262394373 17.3442805554 -27.1470382217 20.662746414 -9.74916640078 -10.1510830802 -3.66234137759 1.35102260112 12.1344327275 16.759787329 0.225210144369 -21.9454042539 -32.6305448653 -17.5644682841 14.1177165181 -37.7362454452 14.609547712 -5.25151190653 -18.0474611645 -6.00189037383 -6.37768782101 12.3387188733
LUCK
20.0110274383 2.34193244805 -28.4567995693 -32.726887611 7.54827533387 26.8506907145 -22.1626721007 6.41202903224 -3.35275081028 -5.09638692556 -5.79686392129 -5.53594114456 11.9417562266 17.9781494751 -0.517082032197 -25.2377749016 -32.3918480633 -0.386218401382 23.1835429551 -41.9806118231 0.99331859289 -7.68384516953 -13.0816301958 -0.714492178413 -11.0109909198 2.70550589944
LULL
19.1585087631 1.39726988362 -13.1287095495 -53.8189507759 -1.41760690254 21.3195629384 -27.3828298531 9.4741911993 -7.68071261351 2.20960555351 -5.6038857607 -12.3269653175 9.36548203487 19.5461900603 0.950788115002 -18.8073178722 -51.8305180862 0.18473470312 24.1560845089 -24.5069127837 8.45666863475 -6.3307587736 1.48756638396 -5.78939154585 -13.8239068496 11.2459789229
LUNG
19.6821931013 1.22893713522 -17.4261807243 -52.2765204476 5.00270424946 23.525496584 -24.3271535455 7.62025127227 -6.48657540479 3.56877094845 -7.60766151707 -9.22374819795 10.7644674431 18.9973968467 1.3960578636 -23.9710798538 -41.4052330762 -4.35120024814 30.9957970338 -22.3518576533 -0.655931220092 -1.48595824046 -6.12061907694 -1.99947104622 -15.0826634591 6.73922031149
MAIN
18.952988014 -9.86026789793 15.9971393687 -24.4216008918 -52.5655537601 6.54394305451 -7.47542263714 -0.949421795913 13.8367068084 -6.07379074057 -2.37608078979 -7.96797007304 -13.5709018858 16.9165381316 -2.78400918206 21.7644889856 -29.3015079792 -51.0052424703 1.77070009471 -13.9888296378 -9.98778091026 5.47909989654 -10.4933053161 -0.752889317772 -8.06824286838 -10.1089943424
MATH
19.5203563471 -13.2760600632 -13.2352219283 -17.5193653268 -32.1100637121 2.99181492916 1.01891862743 -4.48472138755 -20.4435192856 3.15769082598 -7.21211071495 -7.46007195332 1.65689533159 15.8294245791 -8.71499097528 -22.8541887497 -9.83081143205 8.04264986332 2.16548673838 -21.0245013094 5.69836976171 -21.971152921 -7.12092854756 -0.884490394215 -7.71048592745 -11.3902658226
MEAL
18.4840061594 -8.17391005244 23.8732720209 -16.6813913189 -45.7620417692 4.95954214608 -20.4535248132 -14.7817089218 12.6826409531 -6.92604230071 -2.91839827578 -0.368035096418 -16.303701098 18.4010749815 -7.23161280612 6.50074280886 -15.9336766622 -44.6748256669 -1.18712495441 -6.44762195713 -3.29130494333 0.327258232422 -2.48913938914 -7.40579669888 -7.14261807684 -17.388963959
MILE
19.4570012811 -5.64381716715 -31.1695082276 -24.6136465316 0.559863637006 4.62309690471 -34.2963644137 11.7256874653 -5.16716237142 -17.5674182059 3.18597969565 -2.61301490193 -3.53137625545 18.140109545 -10.1474345873 -12.1059983374 -21.5948838811 -30.0169275423 -6.41970277101 -2.02546295593 1.06774180806 -24.6464424573 -3.67456071255 -2.61399302467 -12.6204922026 0.0908354664637
MILL
19.2869628203 -6.04425984162 -7.73044863135 -16.7426030351 -26.7245385738 -10.974200295 3.21853183857 28.8231491695 -18.307899751 0.853179254292 11.450088624 -19.4803606128 -14.9574804139 19.3822416112 -5.62056587546 -13.0222821363 -22.3680270152 -16.4033017278 -13.0659456803 -3.57846440228 32.4625443768 -20.1154158596 -8.55009899185 10.8546065329 -9.83994611366 -18.6111567936
MOB
19.1499991291 0.270978177955 -28.3661722776 -27.0074657737 -4.15291748091 14.8409035099 -40.2834337906 12.6984355396 -13.1544719894 -7.15032616082 2.18229695312 -11.6010646626 1.75269249089 17.6863163624 0.334118294791 -27.2430700221 -23.1654388064 -4.30660053526 17.0244159004 -35.9971955873 5.53401725303 -13.9749759344 -8.16748858502 1.54645855659 -4.74483423425 3.97513904676
PAL
18.6210949816 -14.9073405227 -13.0196111935 -10.2588232277 -24.3632498096 6.59472362744 10.1317578698 -5.33615927356 -24.9201508993 -4.79969127537 -0.0393501305002 -6.45122229827 0.500113152649 18.7840312386 -7.74711415837 -26.100009934 -20.3197225783 -16.5364766735 6.49811984284 -5.13570992033 1.46960229514 -29.5752269124 -4.20542516113 15.372244253 -4.27945685935 -15.8192630499
PEN
17.9562940384 -19.9162747427 -13.1769309763 -7.11320634852 -21.2017937753 4.74981664811 7.70520282495 -1.40633664592 -12.9319269262 -2.22636198602 1.41631784884 3.63598149067 -2.97337835113 19.1854686606 -8.93588177613 -8.31820750217 -22.6984252391 -26.1798992165 -4.40297214348 7.11995505156 -1.91641424479 -26.4582111608 1.72928899594 0.754494547784 -17.0651259203 0.246429589912
PIN
17.1222626985 -14.4668086402 2.40803100103 -1.21610096285 -32.9998997442 -10.8903223569 8.59706850424 4.77943045958 -5.12969679118 5.65028062133 -4.7109031962 -1.57425059969 -4.59147741463 19.3468601068 -10.6263512705 -2.24387924462 -13.7434076889 -41.4003303963 -7.47171710033 6.45500245428 8.32704897953 -18.5202969277 1.4349008992 -6.95933183693 -15.0104699287 5.21612926471
POKE
19.2344215948 2.4629407575 -4.03810623644 -45.5901069482 -16.1980309573 0.379038634984 -31.4929794037 -3.89262592744 4.9010260507 -1.31476659051 -7.5263000153 -16.205933431 -19.7378178546 17.0838146726 5.55326800448 5.90470160225 -43.9396496264 -30.4815604244 4.82860056079 -21.7859937521 -0.466747231924 -14.466213768 -0.204377765315 -1.73626236999 2.6989148077 -18.0469425529
POOL
17.7629950275 10.2264778357 12.7009782058 -42.922178155 -30.8493211646 -4.75643829481 -24.9498410711 1.76473050784 -29.3271868862 -3.19292528054 5.37650221698 10.5287242237 -9.20527106189 18.4120608763 9.4460512199 12.3360781381 -42.8101494744 -30.4543757737 -3.7568045754 -18.9920861177 2.19574823141 -24.3388055326 -7.311000508 2.35296949837 15.8238531125 -1.40117409797
PULL
16.6478566622 -13.4857454636 -12.9601008504 -26.3553987288 2.64253514059 25.6655757621 -19.4037672315 6.82438965853 4.09500263289 -4.86997216333 -4.03277266184 -4.91981064367 -5.32971487615 19.3541872415 0.523695640878 -6.23241941393 -58.6718641007 -8.49534518993 24.5522590813 -20.9978778693 -2.65071029472 -6.62539969664 -3.64125711751 -6.84715408689 -20.9393514698 -1.17664736655
RICE
19.3142342675 -9.0443456686 -21.9179302302 -14.3711944101 -29.0989845333 -6.26121709304 12.067173476 13.5473030753 -17.4506195408 -9.67134281994 0.330601121312 -3.41867616758 -5.82598362888 15.6976563003 -5.7972140386 12.1143794303 -5.015638657 -46.3450237225 -17.8631744015 -7.16720064589 -13.4586116707 -0.425297897568 5.8919438348 -13.1041152062 2.03955853515 -12.2027225327
RIP
20.0189707338 -9.96279492969 -21.6432864511 -16.9273047966 -25.4170283204 -20.0689638707 19.3334993325 13.5312525787 -14.3583719565 -2.2872163074 -13.4030135922 0.467864751587 -10.5890468723 16.6109952314 -5.16345221524 -6.46901056627 -3.50638158002 -22.6279846795 -9.76994169167 3.9811067745 11.4121802641 -15.9674058444 -15.2131103884 -8.1761289521 5.68709619116 -16.2104272092
SAIL
18.7486800285 -2.26398544376 -7.70415019051 -20.2291118904 -43.3123614284 -13.4551601077 6.64117089602 11.0844066286 -17.966026436 -2.75295931684 6.06213824497 -21.4149328821 -1.91897359515 18.4284593936 -2.98298236954 -14.3362815335 -17.0521078649 -26.8407334484 -9.36427502409 5.44255686461 0.107597454072 -23.7151748451 -11.1920920383 10.1355440803 -9.01039160925 -6.45004040473
SELL
19.1464135248 -5.18566252147 -17.56935665 -26.8768588404 -22.801516993 -6.21647525385 1.11574840225 8.28616875322 -23.2392350422 -18.5253237899 14.7554709726 -7.90822945294 -6.29365278172 19.0247545681 -2.52620460206 -27.1844656896 -30.343262496 -4.09099921893 11.3033060093 -19.650746068 6.78306452302 -16.8704626321 -16.2773599184 13.0838619451 3.09151160745 -12.3064945474
SOUR
19.6401396851 -6.72350691773 -29.0781693317 -17.3543358994 -8.2986674183 4.64674497758 -2.17862866 -3.99745370808 -12.4146356806 -16.928933377 15.4354951922 2.34649972665 -18.529840557 16.3479486525 9.22307788394 -16.854026011 -34.528434217 -20.9250535863 11.823053128 -15.8722907938 -7.33830515986 5.06828808284 -8.0972067931 -6.13334109271 -3.97625580001 -9.59431728409
SOUTH
19.6459102317 -7.62539449073 -30.3502258176 -17.5359393789 -13.198230594 2.81354093699 -6.89429892214 5.41687031101 -20.7082961532 -7.40335640061 18.0471940954 -3.84630628324 -12.4223216102 15.5055589341 -8.63964692733 -24.8041149359 -25.9893420852 0.116566143991 23.58651149 -35.2018773603 3.33690567931 -14.7737314076 -0.180453513037 -1.80491507805 -8.24494745478 -1.35535862208
TAPE
18.6491987736 -16.8950005347 16.8237311276 -15.9434476059 -33.849371369 1.13672628839 -17.5979824256 -10.5787026665 4.35384076761 -5.23145653294 -1.18258940242 4.26568849568 -16.3084059632 17.5073842367 -10.6275850265 22.812964704 -7.27346298392 -33.5496127668 -11.186533906 -25.767998959 -22.9408671625 2.74595986866 -12.5726890198 7.30350239215 13.816151065 -14.3140796127
TOOL
16.30897035 -22.0507889206 -16.7181033387 -5.40861448779 4.42102293721 -6.03603100018 -20.9168550317 5.24027367117 12.4498384707 10.0613732405 -17.6568532178 -9.98227852505 -5.92721224775 15.5142093524 -13.7896165361 -8.65629536726 -10.2576210431 11.2596009584 -1.27296293073 -19.3247636177 -14.3874459588 5.68554633716 23.711588919 -3.84255430422 -13.1670267209 -11.2250530692
TOWN
19.085905734 -7.06514214887 -20.5008413115 -16.6073754467 -13.4241917061 -8.29878615875 -17.0917673554 9.79638511395 -18.0337030124 -6.48307433787 6.14366365108 -18.561519993 -3.75908168146 16.1110713183 3.98773396966 -14.2347169066 -27.7293170913 -19.0378372994 1.78545953851 -28.8086161186 11.1479970385 -26.0537666074 1.75247942472 -3.78532566556 -14.852601939 4.80479779722
TUBE
18.5736800085 -15.0798244528 8.88949105812 -6.9989834359 -32.332882317 -50.0187097839 -28.1936784504 -6.38280178747 -19.7726406439 -3.2114715814 -5.36826687722 7.69408277148 -23.5447846172 16.7890863222 0.970469248934 13.1625631722 -14.3312560042 -17.5975614016 -31.7431239747 -29.3380145101 -6.41213989291 2.12025451345 5.95605970263 -17.1230599333 16.7068379847 -18.4588524736
VOICE
18.2409691694 5.72266447513 -2.36228140447 -37.2410688118 -25.2822792975 -1.33365915072 -11.2726654641 3.73247854047 5.10640130371 -2.07838356168 -2.23389666647 -1.21089002053 -13.4571650539 15.2763153314 -17.4694162464 -1.07825413801 -1.24211789528 -30.8821328026 -15.6677573002 0.882147022448 -0.496912517445 0.00392407372221 2.02961269489 -2.40723293687 -4.98831394861 -14.4619745041
VOID
18.0048015812 9.90437096187 3.9512234811 -41.2894264548 -36.2018797701 11.6876208755 -16.29993924 4.51053319541 -8.83581133595 -1.53339503765 0.879867379862 9.76302112335 -18.3057286212 17.2312623711 -3.54416658919 -2.62361926308 -13.2300131646 -34.2779348767 -14.1685235946 -7.70536281521 -1.55368943169 6.25097164191 -2.75381100517 -12.3369754777 -3.72604633126 -17.3288956313
WALK
19.1256306777 8.34334698907 -15.9403108148 -45.8871561122 -18.5932967254 19.5126955167 -11.6487304787 0.383940779504 2.31763781893 -0.284571651711 2.70883493621 -15.4214034223 -2.57601488158 17.7788774312 2.97385713317 -14.8572080583 -36.4996151637 -12.7770833467 28.3046426596 -30.4624698701 -8.96873018613 1.32717060318 -12.7019021633 0.760410891881 -5.31009614767 -1.35193344555
WALL
19.0292619763 2.69428836144 -0.812486133386 -51.4722548067 -27.6994417445 23.7226889671 -12.2586051501 5.5807337037 -0.635493741471 -6.60044451187 15.7980412708 -19.7173687348 -7.37003544366 17.4277434956 2.85391134753 -16.9334543304 -46.056948006 -13.0956465388 32.1132213727 -25.732530219 1.65373969019 -11.8727408908 -7.58152013831 6.50009047446 -21.7570513151 6.85720583223
WET
20.2342919073 -8.20345402636 -28.4527196188 -19.5128985622 -11.0065040894 6.25449450629 5.26264172703 18.7303871977 -22.6210351943 -19.9263127668 12.3247129609 12.1229653116 -17.3154155057 19.1444767094 -8.45593212486 -26.7115835881 -17.8769213472 -22.1205221863 4.62281153893 10.830845641 7.10838783693 -32.6172670683 -3.98698064509 13.3878268429 2.4724635257 -5.84531636546
WOOL
19.0180307318 2.7502841469 5.71266010398 -55.0365546288 -25.4454101648 11.0083571989 -14.3575369666 5.69708518416 0.171383152434 -5.06149753742 7.3182873252 -22.1107493167 -10.8243313214 18.6646492114 -0.438082544267 -1.88741674536 -57.6143940619 -20.1321213831 21.5423299973 -24.3007734995 -0.937433165966 -6.1971404872 1.11352861442 3.50113692794 -26.6109115908 -2.23460526981
WRONG
18.4321318101 0.0959288071085 -20.8089818574 -33.5818295255 -14.1058515268 18.9680842189 -19.7030385733 -5.89076717414 -6.86741253851 0.109385746116 -7.6475698023 -10.9298162208 -3.37993938178 17.1633790388 1.87013975604 -11.6324813767 -34.2524822797 -11.5002885286 15.7798909684 -36.5801331466 7.98097614434 -15.3355275276 4.29385176821 2.93941990363 -28.4854121824 0.604020148021
