HAD
18.4141829836 -1.9685157998 -25.6637894424 -10.846952724 -28.3080218542 -6.3230533688 -3.78235599561 11.7103821333 -6.18572292483 -17.1105148145 -15.1137946575 11.9381258303 -7.39794578666 17.2773129704 -1.34874176925 -12.7125889624 -12.6985286185 -32.9828314558 -4.2420701463 -20.3617981952 12.8808982034 12.9252398982 -9.97580944338 -24.3186568841 14.676919298 -2.59065226895
HAYED
16.2888448782 -12.7540854491 -6.24549808149 2.55158500472 -34.8150785519 -20.7761855851 -7.02098988979 0.707759267876 -7.46536203245 -8.14309856412 11.485316955 2.48698456888 -12.4094913629 17.769737863 -4.07856865035 1.46238441657 15.3893091159 -49.8790971874 -16.1754572761 -24.223755016 -5.66150435021 -13.2330512824 3.11796885725 12.4953460899 3.41022297424 -2.44302749057
HEAD
18.6431182782 3.51554150186 -23.7918063117 -7.65480273225 -35.8737143034 -15.8638043462 -12.3851542595 24.1753040867 11.6793637806 -10.1999293594 -13.4459378656 6.52196595461 -17.5092144032 17.9033278809 3.44824348749 -7.98573666038 -9.42220550386 -37.5658172746 -15.373172608 -26.4956791628 29.1406451328 16.2172829754 -2.5132816005 -13.7772598402 9.83309156483 -5.75164953345
HEED
17.846065244 -14.9496205035 7.20705602103 24.0614290682 -48.3933912722 -9.08882890075 -19.4462824989 -12.7777446389 -15.8272562457 -3.67007844784 6.35991339847 -1.62748749883 -0.912494801527 18.2982721076 -7.96655047902 7.57251721972 28.6197553743 -58.2517606984 -8.13823596878 -22.8504399254 -10.8593276777 -25.363371169 0.264804282644 2.75023746687 -4.69487719872 -0.345074628306
HID
16.8127156265 -13.07410694 -9.54174732916 5.73468437497 -38.1825857758 -20.0877540983 -14.3261745215 -0.127973056832 -0.234976035073 -1.44597071543 8.13044303788 6.65725268888 -12.7804884166 18.3680946788 -0.324556159949 -9.33261045587 8.02532395108 -49.6341976801 -24.1922139384 -19.4960691299 15.3397686727 3.81891937524 4.57518681265 7.12294133067 15.7413651266 -14.813452267
HOD
18.6255760728 10.3720260823 -25.2263363935 -40.2103799965 -30.563651199 27.7747896771 -8.07346694697 -11.045381833 -6.80673161575 8.86883852201 -3.7800195442 -9.68235214435 -4.04390082522 17.6184196086 10.1900048767 -16.7235771332 -31.6490408365 -32.690251011 14.4594768161 -14.3607387238 0.512143721698 5.87437252715 10.6192041633 -15.3498308048 -12.6687402422 5.73851062347
HOED
15.9498875415 -3.09337092217 -14.453158636 -22.0442731931 -25.1247444843 16.1267849492 -14.1364718725 -16.4535193515 9.09571777765 9.87877809424 -4.91186301371 -1.19569790483 -5.42209996279 16.8441921184 12.6035877538 -2.31312670934 -13.8876483421 -40.4703547758 1.74350351922 -24.1133594088 -26.2660745347 4.28361912877 20.6711043292 -0.866122181752 6.83252987301 -7.89676591217
HOOD
17.9570317956 10.1121389874 -11.4060591487 -15.8822096255 -33.6456593098 2.84349222239 -32.8663875974 -13.19855523 19.0123346348 12.5507967094 -5.99306035853 -3.97947616742 -4.17606196458 17.0767574558 6.72598545811 -6.8136283521 -4.40880166354 -34.9521532858 -10.6533573289 -34.9660434964 -2.65954700269 19.1057976952 9.63852597766 -7.80579106151 7.22939084253 -2.4395143988
HUD
18.5029911307 2.39362444122 -20.3745857464 -22.3412772235 -36.2874417636 9.37164649748 -14.9839995556 -7.11404998208 12.6358689429 14.6516364631 -25.8849948884 -1.34259998954 -7.10033660202 18.2606691514 1.8904429749 -21.6147054838 -13.9139640518 -29.3290597249 -4.0166937546 -22.9233006471 6.68598076484 16.3873490663 16.8552660715 -23.6728002068 1.38573037147 -0.573434303344
WHO'D
17.7680508352 13.2438520337 -8.38261727248 -8.33733514485 -36.6833983424 3.62724093227 -34.9623598313 -37.4601334072 1.51369136301 20.8564877907 -3.28962324589 8.68708738561 -1.39183203772 16.7773164895 12.789243275 -4.44528471038 1.89732639681 -36.2494877303 -6.04341716663 -26.5815241395 -26.4761927192 -0.203602184683 13.3590714592 0.111623799956 1.23113144538 6.58657514142
