BEAN
17.4108065509 -8.171159496 23.3535746771 7.85192814918 -36.2647832448 -6.31862062971 -31.3283210121 -15.8210032181 -15.8119884449 -7.46692851216 -16.6119166681 7.52073903775 -16.9312388395 17.7513198362 -8.05109519278 20.9077645301 0.560986329825 -38.5271703436 7.99777838398 -18.137131533 -11.4934786049 -17.6236150959 -20.088745161 -12.1966345881 7.64521011228 -18.6132229874
BITE
19.4234103759 -5.63296333888 -19.9490184787 -10.8906104247 -29.80586987 -4.93083245312 -5.19600004934 13.3047843893 -1.53256015708 -5.05317216041 -21.4651165814 18.4660656315 -6.14970957263 17.47767278 -12.9999929684 12.4633117311 2.80882919614 -48.4390876434 -19.6437301871 -11.1967765913 -25.3321795926 -5.55494776455 9.76294088821 -8.31356225754 10.9154070725 -1.3974099199
BOAT
18.4556897422 1.29468801527 -15.455687069 -29.0563783484 -25.7583874646 2.01050904759 -15.4138811691 -14.043361299 2.81487028981 28.4719378426 -26.1224880557 7.20304746559 -8.09327751581 16.513044428 8.28184234363 -0.536004857679 -30.9214730218 -31.3111492598 -2.06218628752 -7.8266231048 -14.1188055154 -16.0798997808 14.8523689614 -0.0308870610457 25.0972850852 -5.24524359343
BOIL
18.5069849938 9.07922438964 -8.56937275826 -31.9416908691 -48.6946262867 15.2915809396 -13.5381722949 -5.12799366842 -4.0134933225 3.52284567732 -3.478781669 12.984530504 -6.41805946036 17.0271493527 3.07827954083 -15.4171981556 -14.7949306847 -22.745539831 -19.4231293167 -15.8915939629 6.62141304136 1.38573537594 -3.81961039528 -25.0036070755 4.35835414552 -1.83344377585
BULL
18.7382182637 1.48767065494 -13.4012077203 -39.1398564766 -26.8161553881 17.7919606868 -31.9746833309 -7.26530749283 0.882290260578 1.58801309864 -27.246631021 -5.07239890852 -11.7153903921 19.3361501148 -0.676893692906 -13.6104182785 -36.0670903378 -25.7835841146 24.2273355348 -29.418254573 -2.47568473601 0.0433956518448 6.76645121099 -18.8948680642 -4.06880497738 -9.67262908878
CAB
17.3316949809 -17.6640279672 -9.05462641637 -3.24807047693 -34.2863424652 -4.52194717259 4.94929890408 -8.45864342485 -7.72424443183 -5.45104099633 -9.50444657745 -0.377610436629 -8.18262277546 18.6709375703 -1.74040447353 -22.2114735328 -15.3592034525 -19.7536141877 -6.47902904421 8.54846922476 -2.83378296114 -13.9386868637 -25.1049358031 -12.7351747259 14.630826243 -1.26091973781
CALM
17.2638690736 -0.0731984447171 -15.9892473403 -25.3785556474 -6.24678810195 24.0155488907 -23.7325516785 -14.3513283107 -7.25811825366 -20.471620662 -4.79068652313 -10.578539328 3.8967788905 17.6679364445 9.9483831738 -4.09551469799 -32.9602854195 -6.27044279462 18.3377501931 -15.5740719247 -17.6598901223 -27.1853426817 -29.3548446047 9.68222782797 -17.3916703371 11.1790454138
CAUGHT
17.2769321706 -7.52604696428 -22.7368222935 -15.4417199902 -5.57868052465 0.758806374669 -10.3871568578 2.39540273244 2.70391757327 -4.81680459997 -24.3576593731 14.6155511057 -6.26169661367 17.9633373479 -4.52842671601 -26.998295933 -22.0717538197 -7.79527802181 3.81232637456 -3.89073037841 -2.45591333823 -2.98212319717 -14.6410527991 -20.1926823505 16.1215027388 5.48498929128
COAL
17.4302538451 8.7417636007 -7.53135165594 -37.4634333596 -26.6468795431 8.23887124726 0.314428257311 -3.39685795211 -8.90133285303 1.80023468555 -10.3170780292 9.65341403994 -13.7323471044 16.4326851819 13.306103612 4.78763568136 -34.8517994278 -42.389560101 3.55441889837 -8.93502728395 2.76596434824 -9.13332493782 -14.5037471814 -4.45168942033 2.86722989481 -3.01141192682
CODE
18.8555740125 -1.24788143837 -17.6529664862 -23.2321970749 -24.8012251448 -6.43219382334 -25.377293284 -6.65360507268 10.6859929255 8.00257019739 -34.2553082774 4.35129115175 -6.00826662392 16.5141402466 12.101344701 1.63598059762 -17.2057721309 -14.9500709819 0.976564791062 -26.4153944583 -29.8642869334 -11.5434708278 11.4023093747 -6.41690315279 5.80178920782 -11.05465746
COIN
18.9111581445 1.9104025357 -16.2959250321 -31.1211526186 -11.4452280536 23.6311326068 -10.4177201636 -6.42867738733 -7.97324917888 -24.8832951646 -1.41145641704 -11.230814852 -8.28185182912 17.2964804438 -8.68269867875 -2.02179358996 2.07892657868 -33.7387688991 -4.71057360263 2.76970562452 -8.6955267638 -9.33244145587 -22.8840138215 -14.0524329917 -9.16640187139 4.67670811062
CON
17.5096774833 0.223310563275 -14.5266013589 -24.9966775828 3.82109024578 15.1838752966 -26.369839349 -8.35927072184 0.830786696734 -15.6414281616 -11.9843936399 -14.9783004827 -2.64010610567 17.5214451571 3.97578343983 -11.492110509 -15.2099407687 -9.17034239174 6.85238696247 -28.5106231658 -4.13657488477 -3.5912797987 -29.9418384253 -2.19582956869 -7.57936986395 -4.86658904306
COOL
16.737348829 18.3517250192 9.00214631778 -31.6964466371 -22.442151968 -9.29383948768 -10.6783358611 -26.7979833703 -26.5672430702 9.29518007147 0.183621936373 11.6048749836 -10.3029860036 17.4981070314 18.3315564722 10.0707787837 -30.1959491099 -28.3936105187 -12.6328181908 -6.39370731036 -19.3695940033 -24.2349846211 1.51759954772 3.31824577417 22.5265044915 5.01515484444
COT
16.6629529037 -5.3475580435 -28.7756681935 -16.2062393635 -6.12983494178 4.71000483814 -5.29512343115 -0.836345962201 -6.87547135912 3.07118774654 -24.6099386619 14.5452905982 -2.34418041413 18.9377498854 -1.99745737695 -36.7669023044 -19.2793615191 -13.7007920047 18.6697473874 -13.1323713313 -6.45398487372 -10.1766832492 -4.46482976016 -23.9665860131 17.0401819035 1.9299287546
COUGH
16.3643757487 -10.1772490961 -18.848210006 -11.4261835849 -10.6384912367 0.981379641682 -6.23312722451 -2.76130055876 2.14445236538 -6.99621911305 -15.8707124137 11.0143082136 -4.85306037303 18.3433039875 4.82788873342 -30.4808517847 -19.7249266199 -14.3329314103 25.719625617 -10.948255418 -17.1462155558 -3.25729838744 -4.39874776281 -28.406037714 14.2706826309 1.65825783157
DEATH
19.4045015856 -9.17915317371 -17.4176216186 -13.5688633006 -32.0718403496 -14.7716323847 6.91487136921 7.36136835748 -10.6845336881 -13.0823201493 -3.85173193267 6.67474858841 -13.1706084885 18.3319721618 -8.72076432493 -17.5474629873 -10.9874474961 -21.2858348503 -3.45710630828 9.36440576349 -1.2231052942 -17.5081767825 -29.0621051357 -4.69331258625 12.9434847147 -15.2288894013
DIG
18.6876958957 -7.45477402182 3.48315627967 3.93181273851 -47.809551022 -28.3352975348 -4.25399333134 -12.8890586392 -6.34179945485 16.0702684958 -0.491378668186 2.69607250454 -7.44640627263 18.6277108601 -10.5757220983 2.42005846705 5.01694675199 -45.884024461 -29.1460379221 3.96211374275 -21.6937252866 -6.51051175171 13.7868949231 -12.3472709389 2.8502709394 -4.83351287383
DIME
18.3966519315 -1.6806200768 -18.7084525278 -19.1095666813 -8.61318084332 9.92982446424 -31.8226366295 2.42486560172 -1.5112502483 -39.577495606 -3.06140232192 -2.9197532637 1.57066809484 18.0064242074 -5.057990632 -14.086300151 5.14822326745 -24.9286153317 -2.05381592417 -5.37711999341 -0.242026882267 -12.0336530942 -29.4568927503 -5.9491557084 -14.0977064403 -4.81090102513
DOCK
19.3984541192 -3.77081991007 -33.0792925492 -18.7086505603 -18.648296286 9.56148812723 -12.1879802834 2.72953241291 -11.4737321238 -5.57103878923 -29.0598606157 20.1515175968 0.421288085143 16.7824473991 -6.65373492476 -29.9691175371 -10.6332938659 -1.57515452412 -0.0983402172518 -10.4530383595 -6.42490812417 -13.7419667613 0.0962931434809 -27.724590553 11.8305165108 12.120825697
DOLL
18.8254200463 0.523866034436 -21.9371363465 -20.3328459504 -12.7552226323 8.05442775992 -8.29614106762 3.25158250714 5.89787360951 -14.1181800391 -23.2637444975 13.0780630843 -0.604900684161 18.5015585006 8.28479765218 -28.5355348573 -33.0649787074 -16.746352929 25.5329994399 -13.5743857968 -14.3228716483 -9.06177795059 -7.43213165843 -12.9319106929 1.59018573854 5.04327672661
DOUBT
18.7629297576 -4.4045306116 -24.9140935214 -10.8157128346 -31.2116916167 -5.75556183611 1.53763968479 7.43111461722 -9.62479153738 -17.6709986421 -12.3010330581 12.3981004962 -7.67282563916 16.3101044071 0.10777185768 -13.9637846658 -29.4216824834 -23.9184570765 12.9554982102 -6.8944411565 -11.5937127713 4.85352176638 -0.000545307862497 0.740169505091 2.43522231789 -3.83297555148
DULL
17.3853471642 -1.23237592882 -8.64553560658 -22.2808817176 -24.0414258784 -22.8228268818 -15.3230710013 14.8941980672 -2.91355666688 -16.635205721 -15.5982881777 14.0848368971 -17.9074413849 18.5987953542 -5.95167074324 -16.9806928844 -19.8087372955 -23.7748222453 3.07302775777 -21.2711726179 13.0532727178 6.2259381167 -18.7966185976 -27.9102558854 16.2660459494 -6.50801544061
FADE
16.9238014098 -8.35955197291 0.641615677963 -3.56979669541 -40.223430912 -14.8282283142 -0.65408792991 -7.51482528355 -5.17756939564 0.825152467073 -14.8028303481 1.36237559184 -10.9874322028 17.3994471253 -4.15773721976 17.2664263284 3.72674010765 -49.9976360686 -9.26076643875 -14.7431941828 -22.8586512943 -3.76595356257 2.45096356061 -15.1027020356 14.9171537357 -4.48298233699
FAIL
18.9816163791 -10.9832243527 -13.4359970671 -1.19722331142 -41.907490605 -23.5390805058 3.99977310436 4.08300663461 -15.7952545159 6.58269215829 -9.32394626494 4.39553549433 -9.39841811348 18.9470539522 -4.82846778738 -18.6980387157 -2.74819283032 -43.5339875489 -17.3014398049 10.1530109195 2.3106986174 -11.9626847049 -2.28153948221 -15.3211502279 2.57610295198 -4.63061609422
FEED
17.5310558697 -13.021768832 17.4846642325 4.23059634466 -34.9657492217 -6.48443160779 -17.9170838645 -16.3769321642 -9.56221976169 1.57533295743 -9.67844691855 11.4710944953 -8.0236378821 17.7016497629 -7.94249079656 30.3964935193 11.5858773425 -41.7283356329 5.03852274884 -34.6172429997 -18.3283497342 -15.5517747064 -0.678427853833 -22.3382222676 16.8618800946 -13.6476145764
FELL
19.1877533345 -2.17794575518 -26.083879608 -14.0563977675 -28.4549679345 -7.91202911608 -4.81900702618 12.0814173909 -3.17591773249 -17.423507818 -15.4509618992 18.7716053813 -14.1538493112 19.5593792246 -1.98965216946 -28.819580685 -16.2514116142 -15.6379244613 3.41475333861 -4.74027365328 10.6343461742 -3.41185519004 -24.0817433439 -16.0603937753 21.8418378782 -7.07398507341
FIRE
18.9437166481 3.0202160915 -34.3332031741 -8.06567397292 -23.6789367856 -3.74872670388 -6.06689310087 5.54409137964 -15.8440740592 -16.5820898404 -20.4256231593 9.94016529813 7.81321883144 18.9869680261 5.06398003676 -34.3221674472 -2.80635053931 -18.1287993685 -21.4111426838 10.2829205431 12.9897485011 -26.531590472 -19.336733963 -5.3714904648 -1.60916646766 13.584122155
FOOL
17.768435405 14.3453037595 2.22410394425 -33.5974264625 -21.8431724511 -1.32367340596 -11.7111716827 -31.4095325537 -10.3468742145 13.9731382024 4.85162877721 11.8261013149 -8.35483296666 17.5472712612 15.8063219834 3.23012343448 -33.4712807222 -19.0297974315 1.11845686953 -5.8014296851 -29.4926937694 -18.3679241217 -0.687981056509 4.11128620696 14.9072680077 -6.47630530722
FOUL
18.0208296498 -5.19204387197 -27.6236982197 -9.76329320773 -17.8340215402 -3.26258967282 2.64212826993 4.50353233677 -13.1897344173 -13.7642300365 -7.34079563208 20.5152022882 -8.46945179679 17.5539924224 6.3931577738 -21.6543280475 -29.6671070067 -16.4989633007 12.478378624 -10.295464424 -6.31576227057 -7.45235589213 -14.1268902396 -11.9130239203 2.85364025582 1.78588892744
FULL
18.5685633157 -0.720038063478 -14.2912376906 -46.3673801414 -33.9601423037 12.3831475302 -20.2553597262 -21.9514972815 -7.65724193106 9.59511105791 -20.9801156111 4.66700133087 -17.667213521 19.4461296617 -3.28732431965 -16.7922091202 -44.6348688694 -31.6270672963 17.8937728626 -16.2234980328 -10.1165706825 -5.14737850425 12.7400830064 -14.2917010326 3.82234713698 -15.4275503089
GAP
17.3029278933 -11.4958567309 -3.76814070109 -7.37034799351 -38.9121431969 -13.2965905969 5.97903517849 -10.2018278852 -5.17253456863 3.19479392716 -14.2750267076 4.59937504083 -6.75460336568 19.1590476805 -4.01620710643 -26.0548364745 -15.5808547943 -11.0420178432 -3.61623854196 10.1625462615 -3.42637036297 -16.218546379 -20.5356634487 -12.2428591122 18.9118037225 2.13487193815
GUIDE
19.111710343 -3.13816339293 -28.6144576398 -18.1226197251 -12.5965567983 -5.75787198642 6.24519106863 -0.626702115997 -2.5083972409 -23.0957878802 -17.3311610654 27.8331518841 -4.88056209437 17.2264329064 -2.95615732085 -10.7701256707 -6.31912324709 -32.0829144603 -18.6136818422 14.1570439648 -3.4166200531 -10.7031189946 -18.8157285314 -16.6782499821 2.48490678169 -6.68145704392
HEAD
16.2467286596 -18.9298704486 -8.04565822431 -1.1118532363 -33.5254263281 -8.37651395956 15.2325744689 -3.09395682617 -19.8014889605 -15.0634884026 -8.84751061041 -4.43865016299 -10.5391492568 19.1056422926 -6.56260064554 -9.17939692795 -10.7042865164 -37.4902729041 -19.6597578174 7.84181012472 2.96144293394 -9.25817209705 -7.30929807372 -7.52588838288 0.643151850219 -19.1571301617
HEAL
17.6256402036 -2.71296456014 25.4998614358 5.90243542496 -40.7515546347 -3.89887872039 -25.8619705337 -29.6296961512 -3.31311296301 2.40335816178 -18.1622927745 17.7744747498 -15.0678981077 17.6310107721 3.44405934607 11.080395449 8.41263183429 -39.4412483191 -19.3666745176 -8.46917151087 -27.650098458 -7.38765313301 3.70957007119 -9.59651029069 8.42026338321 -5.69369177513
HILL
18.6200424708 -4.64484284144 -11.8488856628 -7.12844296262 -23.6831266218 -18.8638320045 0.86306525224 15.0694960154 -10.8592745933 -5.71442525281 -26.2254502724 10.9142348288 -19.2340224415 19.0096155582 -2.80753700316 -17.4223653485 -10.6663147004 -21.7116610547 -20.3286189776 -4.48360653015 18.047880125 -6.96769055492 -14.3181738327 -24.4335931013 11.0291406723 -16.5151989783
HOME
16.8244731325 -3.1762522611 -18.4907509093 -28.4004551681 -3.80484125107 19.2867897174 -18.741124791 -15.4568801486 1.12549712792 -18.5889007964 -11.1814997305 -2.95404763192 -0.715066843254 17.9917427495 12.1749222988 -11.9160759604 -34.9858732235 -7.64542713349 6.84339662871 -0.559098670419 -8.59494817511 -8.09327774229 -21.0068786007 -2.01330213901 -16.7452865461 -2.78213249985
KEEP
19.2109705679 -12.9753266004 29.4867491491 4.61307943649 -44.5662252328 -7.10513464854 -27.7097890727 -22.0344052087 -11.2117545559 3.2143298898 -14.8205019668 12.0796870077 -3.48203938297 15.2917083199 -13.6736382829 8.20720885399 11.3767377728 -19.244767836 -16.3153524811 -12.1647081983 -10.7265009112 -9.71307220627 0.490525404308 -6.09596546403 3.8724384148 -8.36206829591
LIT
19.6644265139 -6.48849895293 -13.6321790389 -10.873224413 -29.7442540541 -20.1096752165 -8.51414596218 20.6787254957 2.75772617395 -11.9332967242 -10.248030437 12.5081635409 -23.4256101578 18.1364687272 -13.4960286573 -11.3628916508 -8.69368046053 -34.5144481408 -26.440863028 -3.76195514161 12.0280090471 -4.73396249124 -5.2414147099 2.51478302845 5.62011272924 -21.928853626
LOUD
18.7836607571 0.282158891842 -26.6222465986 -20.7701441926 -9.32720547844 -3.50260403064 6.79824934249 -2.47955613138 -6.57436145086 -25.664313898 -7.86884603074 21.4835058307 -9.440309768 17.8022030552 2.58193039667 -25.5332036307 -20.2923994029 -8.68095323712 -6.04488016294 -0.486598783845 -9.69578727134 1.68580467397 -19.8746749639 -22.1385786671 18.8099411104 4.79635773643
LOVE
18.8845427538 1.90373381708 -23.614325836 -25.2714941836 -14.552769267 5.06306845707 -13.0573583853 1.97451343984 9.68118026174 -15.1164191637 -25.7680005961 16.756971825 5.86557318449 17.2930905794 4.66658176723 -17.1729911002 -22.492106828 -18.5218195869 5.87678769157 -16.6634064248 -3.99711458905 8.07786225743 -4.61944752887 -30.9507171016 10.353299459 7.88269981512
LUCK
19.9442697938 -5.28096025709 -26.455748119 -27.7513897252 -16.2686191897 17.7864563031 -13.9363057565 -7.02377748342 5.94836643329 -3.01710692465 -26.7492623563 20.3059636766 5.69091818668 13.9944922478 -18.6595546672 -15.3848370166 -9.33288507479 -5.4262103783 -3.09295647968 -8.01695278538 13.2866610333 7.85956686138 -6.09868532877 -19.6288236177 13.516262874 3.37256838827
LULL
18.7378679764 -0.0475570319341 -18.0101826115 -30.4416191269 -19.9097344701 16.0743239493 -20.397318811 -2.30942989527 15.4290272925 -4.78012327039 -15.6680768272 3.14771093028 0.830165612176 19.1368915854 -3.18027199663 -21.1453515672 -35.6618394514 -21.8684948646 16.7189883786 -21.4530066069 -8.69176938146 7.81232610292 -12.6305464467 -10.8971347458 -1.54215971947 -2.9732411904
LUNG
18.9097075806 3.7916041623 -14.8456472664 -37.8580967672 -4.4111729478 25.4087503641 -32.0337851882 2.28714435614 -3.05395041534 -17.3250535626 -15.4695301748 -26.3754654348 6.11979321183 18.3807998436 6.88777197247 -13.9949911955 -34.4573808673 -2.85477785434 22.9497981268 -32.4189197148 1.66471940206 -7.41369112889 -8.20556493049 -9.42569742765 -35.6089884028 9.04264570672
MAIN
18.2374206431 -7.06382499688 9.01968028436 1.81646962413 -44.5881840748 6.03509243302 11.9689767726 -17.2638031912 -16.2924953493 -8.62107881614 -23.4190746101 -17.6377602698 9.79251196171 17.6273902796 -5.51961938638 18.5619506636 0.887439756514 -46.6207456236 9.31977117781 5.41218801138 -15.0169962793 -7.45454450015 -17.9604936401 -23.157724948 -2.69016926061 -5.5729898865
MATH
18.9268868708 -10.0230525513 -19.3023153277 -3.83404754969 -17.5908715981 -2.15003446936 2.53189634765 1.38785709488 -14.8603636677 -30.6192376294 -2.72650247328 -10.6748266503 -7.93836123831 16.2098690453 -20.457172463 -15.6609984718 -3.88415744864 -10.2005127399 2.07860053835 -3.24592697772 0.503053649479 -9.3074448543 -14.3404856807 -6.22819927994 0.336777130791 -10.067491644
MEAL
17.3303685751 -4.02397086923 26.3663426896 -3.73637719929 -45.2503970005 2.42203274078 -11.1827638224 -17.9212401569 -13.2145113846 -9.49570284233 -20.5696139569 7.46066585559 -2.53092734409 17.710159485 -1.31163078226 12.577829752 -3.76318581728 -45.7160753352 -13.30669256 -4.72582402034 -13.3614335308 -13.9012109002 -2.65747116258 -13.5446720148 9.87956081287 -3.45743564794
MILE
18.7967418945 -1.48902811424 -23.4118705887 -22.3238198438 -9.45386121183 16.5499007694 -24.8622403195 -7.78074694842 3.75550776903 -23.4454947024 -8.07537669512 -3.46626660562 -1.18180910946 18.7933456713 -8.88944921609 -23.9442549928 -7.49569025343 -16.2055635673 1.17440490538 -5.59678104858 3.5866199067 -17.2387737756 -18.3142603442 -5.35301918092 -1.09072186454 -13.602783222
MILL
18.048796973 -4.77358565655 -9.73117214897 -3.91307685706 -29.6145721256 -21.3745544554 2.95066127201 2.85050932938 -16.6667874901 -18.4881864737 -6.66516977172 7.23851984253 -9.30044650095 18.8792087656 -5.80166988086 -19.5438309478 -13.7964273374 -29.6400050289 -16.7483374955 -1.23579040926 10.8421899494 -15.141640408 -28.0510744798 -16.4866785832 10.7592780479 -7.34232062788
MOB
17.5897675118 1.48950327164 -18.1049669184 -18.4665767172 -4.75757942805 21.1726516532 -24.9442221375 -13.4166841605 0.644349231817 -21.5961103736 -15.2270116992 -2.92298192276 -3.07001747829 18.5603854502 3.47537084396 -23.3571466743 -24.616555956 -13.1637682443 23.6478637764 -19.8306584553 -9.65135630883 1.28743148595 -13.4409179644 -23.2097327522 -6.17168036588 1.16933728764
PAL
17.3379591149 -7.50754129991 -16.2915932333 -5.75531878469 -18.6157576541 -7.73933525104 9.72785934718 -0.588099022493 -14.5597309914 -10.0526419206 -4.28253484204 6.30167546552 -7.80538629484 19.4768676235 -7.16171589691 -31.2178871075 -11.3721229456 -13.9884960771 5.99404686139 -2.80559811923 -1.81798163652 -11.6117835402 -15.6391682385 -3.8369423789 15.2058655858 -12.3476894677
PEN
17.5561440252 -12.1575389285 -2.16150643125 -5.68208161444 -33.6059427663 -10.988749301 10.4761596795 5.44557159971 -8.65768897573 -9.28239826616 -8.43274406981 -1.48291893802 -11.2242866065 18.9820938452 -8.63456231784 -6.01251720038 -4.01450322433 -35.7428638753 -6.27859936972 10.1018702988 3.09593606852 -16.3390745207 -18.0981856048 -9.88053664429 -12.5522103309 -7.52605926645
PIN
18.8143490733 -14.1097426396 3.47812461899 9.18841918539 -34.3886147299 -16.1186342156 4.79345191199 -14.2926633519 -5.58651234784 10.9826900798 -8.65088323887 2.81359920445 -5.67325469046 18.3157231494 -3.97106043675 1.74924787937 -5.60590822236 -42.3898610377 -8.03822736076 10.9228232227 -6.79635009813 -8.29502201221 -4.69538227484 -23.6410087545 -7.45269524792 -4.05616004346
POKE
17.349374566 -4.66239122332 -15.5358993971 -19.3141427923 -14.0109467513 -0.740632928366 -8.73963080614 -3.23280045046 -6.39978977165 14.0707084056 -21.3583704285 -3.05105655746 1.02608708207 16.7948292259 1.99399570792 -6.33669534194 -24.3641529074 -21.0093457409 1.29977539179 -18.3461267781 -20.2391015098 -18.3527344173 16.4296508377 -6.09714141225 6.22849245658 -3.70375837171
POOL
15.0093733824 -9.11406643817 -17.6951946164 -11.1938195504 -1.67581930634 -2.24593146859 -13.9419912366 -3.88551173513 9.09369729626 16.2017447083 2.93135661544 6.32345512732 -8.31352159883 13.7370490481 -8.35961707561 -15.7670603527 -26.2281807264 4.66656950515 12.6111753521 -4.85492799876 -13.7813754577 -3.58592251453 6.91255494831 -1.04132152432 3.87030879805 -13.8543902395
PULL
18.3065822299 3.12888621357 -17.7152600069 -44.8654465079 -15.8292047646 2.96934368834 -17.1924850111 -16.5164484843 -5.47299716002 3.71366627821 -33.5259327969 6.10123241106 -22.0413845929 19.2444486395 4.77133498732 -25.2280625964 -41.5787091489 -23.4324558426 7.46704848394 -11.1037915703 -15.5825889874 -2.47558242601 11.8879060967 -26.2613136995 5.62734679162 -18.6010612793
RICE
19.770311676 -7.39674128189 -27.9550347142 -8.64081868739 -21.3456918576 -18.0610981285 10.233200403 8.21910154514 -16.1694301432 -8.02271194166 -11.7467954415 8.9961858409 5.51422875846 17.9581173786 -8.32306203117 0.168557420716 5.01006316171 -45.7677902812 -20.3386565879 2.46110351684 -14.40522874 -14.3887037471 10.1786943086 -14.1065081596 7.32443645133 -3.75823763435
RIP
19.0643041836 0.205523572945 -19.4581216299 -6.98818057663 -40.2918495299 -36.9424601772 -1.56909049507 13.0056832858 -13.5293543663 4.83681485389 -2.97184631663 -3.36458196886 1.91067657033 18.4117567819 -2.20033665069 -21.2416075312 -9.77765296997 -32.4173980384 -25.4533085787 2.44852577604 16.209209378 3.19852507576 3.8319809776 -14.1616322177 5.51695525065 -11.3498490642
SAIL
18.6524480445 -7.27228748572 -0.627273930165 -8.0512503066 -46.0044306504 -22.2796402202 12.151944872 1.03175951649 -9.60510269538 12.4401925986 -16.803787935 -4.97927682095 -12.4297939615 18.6485339933 -8.33173513606 -3.4934394177 -5.1720331799 -43.0508924481 -16.2038238258 17.0456514086 -1.06694608412 -11.5700938281 3.20311981515 -15.638713532 -6.22866896887 -8.22511423207
SELL
16.7337647134 -33.9696553891 -6.64946221442 -2.49555222944 -13.1726720068 -5.98669764858 -8.71449713328 -0.564092474627 -0.692048065156 -5.71463474206 7.23657297978 2.28468158275 -6.04573345671 18.7060113254 -5.96733885676 -12.8772827883 -15.6097478998 -15.5483305242 -8.98378730271 1.81293418994 2.53682059905 -4.02320941784 -21.1068477487 -15.5323125348 14.5228285976 -11.9096479011
SOUR
19.0731836368 -4.14813412026 -29.3834987987 -13.0897507792 -12.5455147784 -2.01119637384 -3.06313580469 -1.45584749243 -13.9835649521 -19.5408000719 -9.42335681256 14.282568315 -3.83406418127 18.2890512885 6.84814726025 -33.9279759101 -20.1635010065 -0.325773055143 -4.2132435734 -5.93099718372 -6.88373662702 -5.45030681395 -3.41419973559 -18.4947779379 -6.45518433266 14.6406174324
SOUTH
19.5745124765 -4.02055443239 -32.6445854825 -13.4233681064 -25.4399020384 5.62207458305 -7.00942794326 6.14078612561 -13.8488087897 -19.3172136867 -13.8501476948 25.6844776964 -2.58934105389 16.4570235918 -5.59368949049 -20.70396148 -17.4144976866 -12.3658141174 17.0837449331 -16.2904716616 -10.4129719029 -0.548137774709 -5.85372612099 -20.2533692227 3.25353459766 2.04638264576
TAPE
18.8474507183 -8.55356031397 11.4977923542 -0.96811029367 -50.5994456211 -19.2799880686 -7.63069494102 -20.4657402287 -0.766281240372 8.36842033773 -11.8809777187 4.01809984719 -8.11539772649 16.475299759 -9.71660892486 19.6961693841 7.41393183228 -33.2836132066 -6.81906258832 -15.8003931345 -23.6210895701 -2.01156964964 -4.07618960495 -9.60759985497 11.9475963298 -7.11587360532
TOOL
16.2708762191 7.28998414578 8.33003418776 -12.4058358403 -9.03806186859 -9.45496345802 -21.9816840883 -10.8858690431 -15.6720514155 18.7156864824 -17.8004920318 9.00967140861 -12.2902006977 17.707661775 12.1935227763 14.4271770039 -25.3078337022 -19.7402646624 -1.88255643561 -16.6545462317 -12.0732981842 -24.5869426913 20.6452914165 2.91976160453 23.1811207349 -1.01725417818
TOWN
18.6540187454 -11.4116582174 -15.2759841728 -6.35714446834 -22.1401686781 -1.52938370936 4.97899966171 -2.22692181694 -15.6657477452 -18.1971149359 -7.96054334236 -4.27810768483 -8.24482083451 17.3328634747 3.65671649717 -11.7323655059 -27.4766875925 -5.35636726882 9.13581831047 -31.3461591106 -2.39211203596 -0.502704739111 -33.033109998 4.9910081767 -18.7640961572 6.61688539883
TUBE
18.2078537437 0.272989455024 2.97340491851 2.38721283028 -19.9788598766 -34.3780246967 -24.3832719232 -4.40474723823 -15.06186218 12.5972588565 -12.9349362267 32.8888420401 -7.15955516118 15.9726989004 10.1397301405 10.3496749071 -11.8506430012 -7.75090152969 -10.3366989394 -25.6411019731 -22.0050847574 -17.7553920147 8.12092755333 -15.160401668 10.3275591637 -4.83077204233
VOICE
18.6763326824 12.4589542772 -13.7060111776 -38.5497041507 -17.9842119624 1.32303574238 -11.632725948 -18.9623257436 -12.3487700295 15.4253887152 -6.24896955236 7.45422927686 -7.04731615726 17.3681050301 -2.98801050721 -0.446741564822 1.59749099329 -34.4556204807 -27.6539166421 0.766677391865 -18.3761376119 -9.39660470693 13.0014180286 -14.5146654725 -0.273846266413 0.0605451957146
VOID
18.3141560347 7.60078947183 -2.67692442005 -42.3803088096 -29.7372247563 6.10554218727 -4.4810042855 -21.788260085 -5.28693474563 5.65279267352 -8.71830524692 8.88040597674 -16.2931814332 17.7242990102 0.394549588482 -6.88061172133 -8.0191233292 -29.3694983522 -18.7757420229 -2.56193906521 -8.65238909746 -1.20398966895 5.19486179002 -21.9754818586 2.53952651006 -4.08515960718
WALK
19.1842072765 2.66092633061 -27.21967229 -34.8228600444 -16.6877564886 17.2635540202 1.43427837944 -10.0687910459 -18.5827861414 20.517418473 -26.7016217249 17.4317625588 -5.06390520985 15.4287798542 -2.58134070917 -29.5980535089 -27.0951651438 0.547452655644 -5.95064874588 -3.02650953944 -6.98785243041 -8.37472087001 14.4618132846 -28.4663056946 11.7760928125 2.61422039169
WALL
19.0568206342 5.31792394351 -17.0810527238 -38.7444498269 -20.7473378795 30.6826499149 -1.58073137101 -10.3931032616 -4.73093763235 -7.60879144257 -8.61006135022 1.7375340133 -9.30204956552 17.9838160052 5.04284968374 -16.8252972648 -37.4523820159 -18.2935184758 36.7633742116 -13.1961424416 -5.07611203913 -16.4106488236 -17.4724666353 -2.10610601524 -12.8594876315 -9.03995098308
WET
19.781327655 -6.44881701609 -27.2024219631 -14.532071558 -26.5478118297 -15.5326504389 12.2196166331 8.60117653064 -11.7042889497 -23.0214254586 -16.1591994281 14.9764519698 -10.5812391145 16.9806708955 -7.88516436134 -16.909857721 -15.6138171228 -25.2943099779 -14.0065566417 21.0070224503 3.67688254163 -17.893499447 -18.647922158 -9.27864809483 4.4594038875 -8.58086589148
WOOL
18.3813059752 9.64098534607 -5.48193363158 -43.4713171336 -28.053524853 8.84648856573 -14.6270981105 -12.0863522075 -5.99605001854 1.81365121448 3.14798450141 6.286190966 -10.4960489131 18.3152212047 10.4486505665 -6.60032966699 -41.1431453637 -28.8572762072 12.3844641799 -16.2828617937 -7.64082128703 -10.8540440606 4.96656859279 1.01205207938 4.14092395234 -6.25299320588
WRONG
19.0873090686 3.02521462735 -24.4982975541 -25.5946875569 -13.3453711328 33.7883628319 -23.4888764383 -19.1755601907 -8.95076028143 -3.9579130138 -14.104709745 6.08740537046 -3.13329823353 18.7549388043 -1.57196000368 -21.2396851407 -27.4757078211 -11.6740878536 38.350539804 -33.8615071058 -14.0025155452 -1.0782408047 -23.1712216095 -8.1904830227 -5.66717465542 -3.18055168347
