HAD
14.3503998924 -14.7339271974 -28.47633524 -1.25567893034 -22.0429938742 0.095127077188 10.1069034662 10.4053247309 -8.34256342747 -27.5443190285 -1.70853808868 14.164105622 -5.26256532699 17.7756655763 -6.11506541896 -16.6632742049 -7.00129185142 -30.8882948118 -9.61538353014 -12.1309746899 31.2045710237 -1.16949528526 -5.53095241136 -22.104510037 14.7561326949 -16.4519008116
HAYED
18.23532145 -1.41749587468 3.3138429111 15.3529896059 -60.5153220209 -10.7367748269 -21.5220749455 -0.792245522181 -14.9359881879 8.82435005951 5.27756399102 2.05091450749 -9.04553221389 18.1844852978 -4.52727517361 6.93635874355 18.3589099863 -55.4539182446 -3.72087853984 -37.3216189307 -1.05147661426 -27.9699414742 9.20904024076 -3.0220255681 6.52262366127 -3.74666842331
HEAD
18.7002242987 1.87339427719 -18.3095537537 4.80571120067 -37.7049712115 -16.5903821711 -20.4897796691 29.0649876075 10.0427042277 -0.400215868116 -4.65088977783 0.237049107428 -12.0088740955 18.4265636774 1.37810482362 -9.510394484 7.65301539605 -41.9431987512 -15.3971687708 -34.0586912096 22.4954719052 4.15870250665 4.58775165745 -4.29189670402 15.1825837659 -12.1377478698
HEED
18.8205141215 -14.6259586575 18.7296198502 28.3254193969 -51.2462876387 5.53597760015 -32.211577851 -9.04372447514 -33.9386186332 10.4945205805 -24.6920223423 -0.425721805963 -3.04881525686 18.2831610185 -10.0714100013 13.641462895 29.5064098966 -48.6526247277 -1.05502965958 -28.6790354352 -12.1195342337 -31.613291121 2.69005944079 -11.7238450078 -4.09765361607 -0.548014431115
HID
17.9424849369 3.43124144097 4.44403199356 4.81192949174 -52.5316848947 -17.5256553271 -22.07611945 -0.75763024612 -15.2521558538 18.014532396 0.241359861403 5.69992660693 -10.073981217 16.4604513126 4.52442544909 6.89822214764 16.492311657 -44.6685965578 -8.63508385145 -28.1125477999 -5.45536499549 -9.23902352031 -11.1369707785 -0.569137178415 9.23050573677 -18.675372231
HOD
18.5337933048 7.43391887242 -15.5126465474 -33.8250482668 -35.4877006053 22.4345978677 -3.04354233693 -15.4862950302 6.22580475487 5.17306946859 -18.7747079622 -2.94168074462 -14.0006611222 17.9432556143 5.04086438996 -14.6832171017 -16.2439267199 -39.4034258624 -0.952936799024 -5.9562270926 2.41956801073 15.7246379296 -2.44217697737 -25.5817484221 9.33771172003 -13.1255491851
HOED
15.580866213 2.21361389271 -14.8131541246 -15.0985878397 -32.7254619204 16.1102986273 -22.9335527603 -17.921692691 15.7899460136 13.9777026904 -1.14688054592 -2.37511227574 -11.652104091 17.3592754542 6.35641918957 -5.60796276506 -9.73860513869 -33.0776350496 8.11588428655 -48.6317274468 -16.0265055418 -7.78743353281 27.2455526456 -13.6064197164 9.14519950312 -2.87357017249
HOOD
17.8236909821 11.8147994412 -8.88995717767 -11.4288870663 -42.0510634394 9.55886930578 -44.7286363024 -11.7421185808 12.9060747121 19.6914109399 -4.19457293566 -3.11704261925 -0.104597369547 17.7999296682 6.09145234269 -3.99676236872 -4.50398064499 -41.8074184989 1.64853438642 -55.2284000216 5.1691408747 9.80696066606 13.1872981975 -12.1982237781 16.5736940618 -0.115395316695
HUD
9.64285029713 -9.95996692058 -9.45771745246 -20.2428212955 -7.91587355997 -10.3777693531 -18.9729720589 -8.97802343829 3.05350977344 4.03485361631 0.995090046355 -0.137704942811 6.30493763147 16.4407021447 1.74664921663 -19.4579181813 -17.7036230523 -28.0526941518 7.5460479703 -21.8858686684 -4.0193096988 13.4794762819 8.47940354557 -20.2380352114 3.84893063621 -8.4252117514
WHO'D
17.7129366106 6.16753675857 -5.5708587231 6.72704850154 -36.115025484 15.2510102653 -53.6761568282 -30.2268290302 -5.35013664681 14.2915631916 -11.7153985183 -4.95925386451 17.6849045979 17.2501506821 7.16704536068 -7.80497411979 16.4496523988 -29.9604096659 0.282603834925 -46.6326170155 -26.9369978301 -2.77239669596 0.807112579073 -12.1036762669 -0.937332661823 23.7630400255
