BEAN
17.7192733597 -8.47964944342 23.4989341195 23.9237577261 -39.1680966212 -1.33150331977 -35.2125342633 -21.4532619675 -22.4024212034 -6.97111001554 -7.54229269633 -6.26661903713 6.15445026285 16.9795987233 -11.2203274895 20.4734241603 13.6278101575 -29.8986246962 -4.77091288233 -23.7078728605 -27.4530747758 -11.970142205 -20.4336708916 -6.93692730079 2.69280458648 -4.97684417726
BITE
19.0650700177 0.319863925868 -22.8784538263 -11.7905997143 -22.2623480514 -2.46486893807 0.33130117888 -6.52887492606 6.64517451977 -17.4823675667 -16.688635722 -0.0265895243291 2.7718786733 16.5473131378 -12.0510086568 11.4638229121 12.2276830422 -38.1742328663 -12.2505660379 -16.1561807422 -9.29205746322 -24.2167255059 10.9824685334 -4.33733957573 2.69544846797 3.7466640439
BOAT
18.6257127578 6.59388670676 -8.16949295798 -27.1094124471 -40.808117518 7.01378152812 -1.5827005791 -23.838669285 -4.75880643647 8.73521005449 -8.34558938066 1.14997744605 -12.0623937352 14.8048873914 -2.60754067042 3.91587549021 -15.1076574109 -25.5892573742 -6.05864161457 -12.8678280407 -12.9571680664 -19.3067926341 -3.68623580509 0.381137231524 9.07905882569 4.09705160183
BOIL
16.923653649 7.51147496786 3.19166602957 -19.8721262661 -52.492933381 6.48384560916 -1.32045970846 -11.9107778706 -1.62356184516 -7.32475903553 -8.10547585811 20.3954038903 -7.46076266794 18.8392915239 -6.64486260191 -18.5152540425 5.53535551312 -38.8746534617 -12.2073276935 -15.8419757348 17.755840785 1.65165522812 2.19449028937 -9.62379396176 1.23550980104 -9.13520583697
BULL
18.0080458805 1.43027409743 -0.384963685099 -19.7700903105 -35.9013393247 9.16756562295 -15.9640264761 -6.90950679403 8.06823452083 9.33154194001 3.67780203621 -10.6817492742 -17.7988844335 18.8542329786 -5.16834753014 -5.99389036058 -30.3829834207 -38.3699389981 24.4849940942 -4.49007925576 -21.2657976804 5.87669604383 -11.6922290626 -4.61144565137 -8.13095181504 -16.9275986704
CAB
18.222063343 -7.98326100725 -14.5380357964 2.61670888654 -33.1191356186 -14.3594573833 3.06437917493 19.2891245478 -15.1673596544 -5.25239360559 -15.733902992 4.01845145538 -8.87950742762 17.8563350254 2.76903122042 -24.9571320388 -5.05262652836 -18.1073618816 -3.87209456724 -5.92354967268 2.35397605258 -4.73933115004 -17.4728298828 -19.0758007611 6.79195981584 4.73515252943
CALM
16.5754927663 -17.3602395853 -11.3501985658 -18.9506592171 -0.816982644587 17.0667138524 -23.4401854087 6.3370005966 -4.90955677498 20.9728237325 -5.8613684703 -5.86111466251 -0.217550158085 17.5575986592 -11.0106853386 -18.7268109846 -25.011504273 -18.8215186176 28.0070550985 2.82249594696 -2.08389586937 -13.971151595 4.71542098036 -8.04802430321 -3.67555491062 0.839942530804
CAUGHT
17.1713507951 -13.73662849 -22.7665942039 -21.8730957808 -9.42519403278 20.0128718495 -13.0799126121 0.360814434452 -3.04688992918 15.3301321992 -3.89663983454 -5.80953110644 -0.651375119491 18.3223824641 -2.9849466158 -29.4330540221 -20.9493693021 -13.7430052729 15.2973060306 9.23241720863 -18.606549367 -4.77172494123 -1.16572298485 -4.44721354765 -10.4995015795 5.03446066856
COAL
17.7111907857 11.6598553113 2.01371845842 -23.6795352988 -52.3864470649 -2.75393344935 10.7791451111 -12.8742173957 3.75509136207 -7.55108860494 -6.84652081673 8.70953771339 -3.37096779764 17.2700108678 4.79885664015 0.93109429093 -31.5225008407 -45.8004059791 3.0508323253 12.5369704171 -10.4288839569 12.310118601 -14.8586454314 1.89135788766 0.578446443515 2.16536644288
CODE
16.484344553 0.348491265993 -13.2219355729 -22.7159116028 -22.4314865912 8.66624674401 -10.4958075065 -6.82870193437 -6.48993698887 8.56923458191 -4.25457179284 -1.52846869612 -2.07511450831 16.2263058809 14.6539287141 8.03114165049 -15.7055349884 -24.4390822746 -11.5850050892 -16.9836471216 -11.5766360032 -19.4418652072 -3.50431176542 1.49968439565 6.9744112187 13.8003634901
COIN
17.7125095838 5.52818734019 -3.12923165437 -14.5153598242 -30.9797602598 -1.92550882569 3.75503951209 -6.81735589759 -11.5215983691 -1.43665868545 -20.3750777041 4.99997286353 -4.46721851653 18.4487664522 -7.15826226772 -6.32686956256 5.91076801216 -40.2986712465 -4.95110641025 -11.3394399259 -5.78075181735 -21.0987862543 -4.62693793258 -14.2015215136 2.41695235243 -12.4166200947
CON
17.762720823 -10.7273251408 -12.0611441214 -21.4100967811 -4.56567895086 9.23892147211 -10.1259259195 -6.65792464669 -17.7538516566 12.6034879967 -7.80804482661 1.33337694319 -8.00847222444 17.7981673564 -5.79926975544 -17.0272817806 -19.2107574237 2.95897184672 -0.0686311757742 6.00196344917 -14.0119750347 -22.8915191344 -6.90293386308 -10.4940760034 -3.94882937036 -9.66118251459
COOL
16.7733361374 14.4749113073 19.5043375564 -10.2380011655 -24.8616900681 -14.1831590106 -17.748456043 -18.3735517657 -26.8384728718 -16.4496508087 -8.21010328252 1.00823559068 12.4852055577 16.5858782785 7.68018426169 14.893377743 -12.9607857392 -35.3841126952 -8.65006845867 -13.536058834 -16.6116884732 -19.9722791474 -13.1805151357 -1.05787963165 8.10458869375 5.27884700352
COT
17.9461172964 -12.6991813798 -26.1440822147 -15.3442395189 -6.70982248941 18.4095423211 -23.2995219082 5.90062057948 -3.74365137754 8.45751148582 -6.75047220211 -8.4551238445 8.08630388718 18.45169023 3.81172962699 -28.9678448298 -19.9475566217 -20.4913384798 6.24386887801 1.94601953469 -13.5948276386 -9.36556748665 -1.4694455745 -13.1714817498 -16.3100814706 6.88860160329
COUGH
16.7840758402 -7.05816219143 -19.5447440825 -22.2275213613 -26.7303658241 21.8971330003 5.65312076788 -8.39917100316 -6.83395445593 2.14624278411 -0.757371967349 -7.42405866679 -4.26161721267 18.3411257934 8.99305524468 -29.2727727428 -22.2764529553 -26.4755695866 16.7895713795 14.6848739345 -13.8529605633 -10.1722291998 -5.94010425082 1.02975671813 -14.0912160174 0.555585017598
DEATH
18.3723083626 -6.43139990427 -8.77208187898 -9.9108019241 -31.8237351886 -14.1352173871 3.63526898043 8.4816146841 -1.70382447791 -16.3970205855 -14.4002491966 8.32649206058 -7.79612913635 14.8590365283 -23.2572356471 -7.36492326882 -7.28524775323 -10.9456260706 1.11736695391 -5.37414580635 4.99484830264 -5.46263767305 1.78476844842 -1.4812460218 3.65115541771 1.80216206762
DIG
18.7626799721 -5.67568924641 3.07401654271 19.0943083168 -48.5937104867 -25.4176198856 -10.259975174 -3.6395962081 -14.5270987814 9.58016964927 6.1497255926 1.91965790777 -1.16330414673 18.1337975979 -7.39179984603 -1.39173866309 14.8143079685 -43.8303997623 -25.1416867299 -11.2630328879 0.328456067106 -11.8123757076 2.71022666558 -1.66216827449 -3.58275828074 -2.10573509718
DIME
18.0120775558 6.8384354832 -24.8313879006 -5.98023351305 -11.577248969 -5.77085963291 -7.99584051328 -8.68994826632 -3.97523763809 -13.0855020877 -23.6168535204 -2.72481254731 4.87331144058 17.5987812336 3.54689966096 -21.7032153703 4.39680813952 -21.3174743141 -16.1033983868 2.11486588116 -4.49491972501 -8.60923939815 -23.0587710245 -11.3533081352 -1.33588872147 -2.60128272153
DOCK
18.590997588 2.48067100389 -21.9520507729 -23.1670078598 -21.2889472965 7.01115929819 2.10805453652 -9.08592627301 -3.96485166271 1.79263878645 -11.3849139189 -9.68068084773 3.53448154068 16.7643504333 -4.98402933534 -31.4147300273 -17.430759042 -7.32587759559 11.864620054 5.62665929644 -12.100880603 -4.23324699859 1.49254184767 5.73646783994 -16.37340162 -1.197824629
DOLL
18.3697127005 2.62960347354 -18.0724258746 -23.3684350246 -27.1418586569 15.0819298904 8.84483094321 -6.27918840023 -8.1664572052 9.32235732366 -23.135204533 0.989366162024 -10.5843919692 18.3044253542 2.8155745889 -16.8139237664 -29.637448973 -34.0844046618 19.7127734859 21.9826261413 -4.95344298797 -19.1548175991 0.179315248424 -23.4348808435 8.92125285605 -10.9440086535
DOUBT
19.175966504 -5.20484994446 -25.0877364933 2.96200827945 -23.5286926343 -9.83617319939 -6.49001959262 5.13901578273 6.79921765101 -22.4358663606 -13.9149138545 5.65455259516 2.25030314019 18.2542982011 3.90571578136 -24.5391085553 -11.5990774577 -31.3073072201 -0.975925762905 4.31393373147 -25.771084937 4.42381422335 -2.37965314513 -17.9218788822 1.92723266824 -1.82923926081
DULL
16.6279524155 -18.7062088879 -6.83564339659 0.247674741852 -23.7248856218 2.60305743849 -11.1546047888 2.94313840697 1.79568797141 2.24518899272 8.08172749522 0.554491436697 -7.44876389499 19.0198296339 -8.11179718629 -5.8022978797 -19.6231670978 -24.4076314024 4.45436193965 -27.3752894707 1.48151761992 19.5155968713 -2.06816258995 -11.8510526492 -15.8577541105 0.802460286395
FADE
18.500189037 -6.47019324515 3.00736140413 12.7464052774 -44.8771211849 -23.7126402023 -9.06346072368 0.236169880187 -7.13859715232 1.39557023714 -3.87333140674 -1.00937753582 -7.45512502205 16.9592684355 -7.08831035556 19.2900343089 23.7740943541 -50.7229961764 -8.09728426771 -25.5707178001 -13.203857876 -27.1693658299 16.6678642307 -13.5205400891 8.7824715146 4.80083655693
FAIL
18.837956962 -5.35557478554 -3.62741464777 -2.47691855682 -33.7305651244 -26.459166209 4.63162117695 14.1955971644 0.944911118691 -10.9273311348 -3.72197133186 -11.1513756477 -9.90937835637 18.8078823176 -13.0756644305 -0.793774718777 9.91906569107 -40.157654622 -18.2418727942 6.46089959312 1.574529385 -10.9423771027 -9.91189264345 -4.32494016209 -7.56203648641 -5.84275545583
FEED
17.9429593096 -10.4657560732 23.3648808846 28.1236506621 -42.0072637574 3.91469996894 -29.6726624217 -14.9199412144 -27.6186278919 -4.1466420208 -11.7021138422 -14.2604845007 8.6214495079 17.2985006584 -12.3613404332 18.7471410031 28.5724406831 -38.8729805162 2.06384381961 -23.9693263033 -16.4526422921 -25.8943798929 -5.63985720932 -8.87029873195 -13.6026934906 5.2404323151
FELL
17.9541141702 0.717474940482 -15.5470056648 -6.95750755264 -35.3368712924 -23.0665067002 -9.67437931067 7.9558317733 4.37662812699 -14.5973670103 -29.0473837818 9.06493220928 -3.7572114599 18.523804883 2.55942627264 -16.4952807553 -9.58813348063 -30.7637001289 -7.00660605265 -7.70656684803 7.37389510879 11.0591767596 -15.0063716463 -24.9537574175 1.56985509032 -0.0818244268908
FIRE
18.2883051743 8.51111260464 -26.4752405202 -18.4052046369 -25.0307248547 -7.97384218328 7.17163825685 -11.700915037 -5.66964438643 -4.27551104319 -21.2844903792 -4.57550677948 2.75757326599 17.5712516464 3.45569988174 -13.2188275789 6.40597541258 -36.1309320861 -31.0383539948 -4.85906245395 6.47825509681 -6.25645242627 -7.46565358985 -5.38247508603 -1.05211201541 -9.60823416565
FOOL
17.4397302288 13.4735164769 7.66024660292 -17.7026250584 -28.549778308 -1.73868682941 -16.3895576417 -19.1971200499 -23.7752973395 4.32483039023 2.19907918004 12.4700250487 4.06422621127 16.8073219009 14.7398680416 18.147347278 -12.6670779582 -36.4121170932 -12.7753915694 -15.3685691634 -12.4562242799 -11.6884610585 -5.16750719121 -5.66591169569 8.51329559421 6.70039339034
FOUL
18.6342410649 3.31940568377 -30.2755293191 -8.09874944496 -15.8370357335 1.42673749655 3.18784499857 -12.5348715968 -0.220664126052 -15.7252765862 -11.9343216406 -20.8683371182 14.0734722537 17.6795919349 0.657949656623 -20.8304704846 -10.4904474591 -23.2496288443 9.18763015606 13.3822697309 -14.6568778837 -2.70200128687 -14.2246584448 -8.10721894679 -12.1163429972 2.0878919896
FULL
18.2164495868 10.4173630044 -6.12383523144 -30.0304496327 -25.174990291 4.27970671298 -3.56898424737 -16.163434167 4.02793724302 1.8992268323 -0.52386877447 -2.60099231556 -15.8273792165 18.4394738945 10.270865177 -5.82737415671 -34.1861389016 -37.9161438413 5.3753629794 -2.85891018912 -25.9154553908 11.0101367709 -5.22702894742 2.87984200719 -3.40053299567 -17.8492335355
GAP
19.5214106509 -5.84886171825 -20.2325777703 -4.24693773925 -37.5230236019 -15.4540006942 9.59950847678 17.0608117238 -3.62717609111 -23.1480717864 -2.15294306911 -6.64383070397 1.59906183069 16.8772022562 -6.89687683066 -28.0464802964 -6.12465585713 -20.548464196 6.57478927616 -0.787245244449 0.595381039856 11.1664202304 -20.2453055 -9.89308081152 1.55847000657 10.7196950286
GUIDE
18.3894177793 -2.03237287779 -26.8257632582 -2.36127093484 -19.1713707231 -3.4173271624 -4.75615813151 -0.0351153693804 -9.3741398448 -22.1283800829 -19.6139159462 -0.264280178432 12.1028399906 18.4470700137 -9.87220684505 -9.7969081928 12.6131686137 -38.3260071931 -16.3451583667 -3.31133401871 3.36374397829 -24.1085421103 -4.98528195245 -11.741081461 0.399598241878 -2.56742486246
HEAD
17.6291600564 -16.9974132308 -13.453478445 -1.93859032588 -33.6124473448 -11.7233199158 16.1452077613 7.39835694008 -7.08609248158 -5.30556982706 -4.04964563918 1.58492930206 -8.65586656794 18.5677959686 -10.8040341942 -1.19397744403 1.14770502083 -30.8594579818 -24.2212091627 -2.83335074703 7.5707049353 -3.43379103671 -14.9672211814 -9.80174085888 -1.678725212 -16.5013228974
HEAL
18.8673316552 -12.4038859549 19.1957464171 25.7426066657 -53.957298205 -1.3163012255 -29.6135022438 -15.9164102464 -29.2092259181 7.20686082193 -14.3566960358 -4.28461799263 10.5726831825 18.0010028559 -7.76548779439 11.2265932069 15.6992461351 -54.5635271725 -14.5467969198 -27.0636688283 -5.29826655581 -19.9393140324 7.59425046614 -0.143367957526 1.05592907093 5.1738772392
HILL
16.2442445026 -18.7954426593 -10.896259483 1.83764334786 -35.289222725 -9.78110924992 8.67018914901 -0.902927147132 -5.06880122655 1.13794868287 -2.14330616552 4.56597865721 -7.73972195285 18.2158645695 -8.97618888797 -4.71165150926 3.48984148321 -30.8750229845 -26.3174525633 -1.96767720767 10.494258525 -2.86497809967 -10.492882567 -3.84235512529 1.83956255323 -18.8355803847
HOME
16.7963946612 -13.7477966238 -14.7413463669 -23.4592495078 -22.3197032923 19.0555803732 15.0991127716 -14.2484227589 5.8627436367 -7.7296289315 -8.93461669257 2.05010320851 -4.78210173105 18.2199891854 -6.54864512125 12.2641140411 -19.549804151 -26.8850534393 -16.9319737364 7.82976617291 -30.5228767004 2.03181414471 -10.7172317268 -13.3009618136 -4.65002790382 -13.0246497705
KEEP
19.3401279499 -11.9585608615 19.2289193924 22.2845606627 -48.2432772072 -1.88265081804 -31.201845323 -8.80674092123 -25.0485864287 -3.38902347344 -0.376668987076 -16.2027136088 9.06151215915 16.7046062059 -7.4199800925 10.4050666472 23.6432594617 -27.9209558132 -3.64862290069 -18.4181270229 -19.3151526196 -21.3028629413 1.75993092156 -8.9907701296 -2.56729497347 3.87242964878
LIT
18.4951010467 -4.04912350835 6.82904188725 8.028035986 -30.8711530196 -27.2651125701 -25.3234384067 14.5123436311 -4.19808178206 5.62437126407 1.99545702284 3.19050000017 -16.4941476351 17.6765254477 -14.8072778796 -0.254175370755 1.56300061129 -30.4551135367 -28.7079189081 -1.70807414807 12.9312006327 1.14452473062 -5.5764336337 -3.12031255194 -1.67333921823 -22.6635140787
LOUD
18.2045602615 -4.49609201661 -26.8954157466 -7.30787763785 -12.0434750529 -0.581351514167 -4.28464708276 -10.7894549192 -3.74878417857 -14.242254761 -16.5881160991 4.6149219537 6.49151838477 15.3488665397 11.4760163505 -13.0305281322 -20.6285139673 -22.1352712494 -8.4389216614 -6.7333826803 -19.8856686088 -11.5974583128 0.660667523792 -1.72847564082 -5.92331239883 -4.63347202804
LOVE
19.3141454797 -7.98201988135 -14.0205388845 -25.5585356258 -20.371661709 18.3496321426 -9.64310299945 -20.3187812694 19.8663815379 -13.9836685331 -14.1292436164 -14.2125240469 7.08403272051 17.6674732091 -2.07484130056 -13.5196022304 -21.4156934608 -20.7327389524 13.3783975217 -7.401704921 -24.4790641451 22.2194937503 -13.265691525 -9.92940825883 -19.0883251365 4.72495656271
LUCK
15.8657263668 -8.227120955 -10.3886573844 -11.1326322456 -7.75080839775 6.72253307167 -2.38731307112 -6.40569193884 14.0292694881 -1.62993768063 -12.7227605822 -11.3742979938 3.67134967842 16.3477276761 -19.6284887938 -13.5983150113 1.9442232507 -6.34298799985 -10.1335828665 -15.4416501438 20.2098318156 -7.12808869199 5.09239037173 0.308440909057 8.91135791283 -15.255306206
LULL
18.2158909581 -1.47037774459 -5.48415043696 -34.7096180043 -36.5978121307 27.9648052314 -16.6920079303 -23.2185196645 0.616100079217 -8.35378148097 -4.08348451319 -13.1155831633 -18.8847152044 18.5447884683 -2.21240696883 -2.89590692588 -33.1803745666 -38.1287518225 35.4378582527 -10.5118891886 -19.2593161488 6.34221253299 -8.02716339559 2.06691825861 -10.9118588544 -15.8365337598
LUNG
18.7474961897 1.59078947248 -16.7503547751 -32.5591783265 -10.1401930905 17.1550886549 1.47085112513 -17.3870615383 -23.0780356531 1.92461094805 -13.5879957384 -13.1647222788 -4.43612318055 17.7080351362 2.19976934425 -15.2984121994 -24.6231620922 -11.5037206111 6.03807330967 1.53107773399 -22.9435776096 -22.4797669449 5.93106872957 -16.2013652278 -16.7227949804 -5.72627955919
MAIN
18.8017168804 -8.53940875808 -2.13995515012 12.5485901324 -50.8473295048 -8.06526207185 2.73856576762 -4.08566807627 -18.8836284748 -6.44411801291 -8.57187711351 -7.96278278493 -3.7857062181 16.975695991 -7.13343913331 9.62360612698 9.00179190339 -45.8463934537 4.94480043583 1.52809935082 -27.5075024441 -5.22438001503 -7.75388108601 -18.1295061913 -9.85778859509 -3.59781513702
MATH
18.8880145326 -5.65202728337 -22.1841774432 3.40007524926 -20.2529321997 -13.0841676977 0.982806056358 8.6471178472 -21.9411019859 -28.8799436345 -3.46668196587 -8.67752505132 -2.00942607215 17.3391294824 -3.35247854693 -23.883936336 -3.97939266221 -10.3576557315 -1.0329338055 -6.72378025679 4.41817722861 -9.38083529721 -25.0685885156 -12.4404048114 -3.06082209648 9.16770511582
MEAL
17.9118212137 -11.6838496126 25.4923630893 20.0787399084 -39.3563258735 0.614348917393 -27.6044755144 -11.3680115021 -22.8172426683 3.03053746237 -4.4640691314 -1.25927507499 1.97567640295 17.6315561503 -8.12201310687 19.222973339 16.2593497199 -46.9068091014 -1.80591391397 -27.9066129552 -9.31245143462 -22.5132184967 0.319867179543 -10.0670094236 5.33542909056 -0.629251140637
MILE
17.8029750951 -1.23582088309 -20.6646225018 -15.0314361651 3.70199244371 -9.33005169977 -3.94156216053 -21.4426633511 -13.2362629253 -5.08398230395 -14.5987962788 -12.0304090887 -1.49422339262 18.2248656344 -4.4768756572 -16.9538535903 2.73668235202 -25.2717792329 -12.0063722988 -3.69933062307 5.30853875573 -9.93304169102 -20.7649403449 -12.9017209435 0.54933598546 -8.32966603825
MILL
17.8332583397 -10.0650303128 0.851165279444 10.8813526089 -30.4431981975 -16.901793887 -10.5445326783 3.65646968292 -28.7585313991 -19.4191143381 -4.46543477096 1.92170186156 -19.1506158451 18.1686643052 -8.88202296169 -5.75872715719 5.8257812677 -22.5791781328 -21.6706552142 -7.36438895117 7.52196674777 -20.9230885341 -23.908173745 -9.98791264607 4.62962685832 -20.0499991241
MOB
18.1516745996 -4.0914623127 -12.8117608438 -30.2744006872 -4.7811524802 10.8589545944 8.26527198466 -27.1545439482 -13.0142919048 -4.77786510092 -9.41084190937 -12.7050327859 -12.3598574327 18.6001566742 -3.41231003349 -21.6815167354 -22.2114469281 -10.0520085044 17.1081939531 13.6302640337 -29.6504243349 -9.00218977129 -3.15401708173 -7.63614970802 -10.3217301296 -0.962199760344
PAL
18.4341541867 -7.44211400508 -22.0221685776 -4.18034689065 -15.5249580215 -10.7290996574 9.05488447301 10.2958305413 -12.3145174099 -11.6678602782 -9.14958427207 12.7229489166 -4.33838660105 17.9895577132 -3.45397014506 -15.8130566291 -6.37650725504 -17.7283747186 -7.63339690324 2.48177974362 -2.24152086608 -7.03807819602 -14.6407439864 -16.1703372976 3.46700431302 -0.483586438989
PEN
17.9347321317 -16.6979984193 -18.3552767636 -2.18548561827 -21.9744237177 -9.62256419235 19.3021823047 9.67287023064 -8.14124943905 -14.2100441245 -0.0931578761879 4.11052352121 -6.12051366146 18.1318043283 -2.45101195678 -4.84244500486 2.67814776476 -19.4190475304 -14.4124328933 -4.78485850749 6.08134574136 -25.6730458242 -21.0230593738 0.367165180019 -3.75338047652 -15.8174764115
PIN
17.4687433693 -11.5217238031 -8.93609328635 6.19596179065 -36.2022528449 -6.86176977974 0.0972631613619 11.601481627 -7.26122316525 -11.197392715 7.24048978618 3.84203463332 -5.60181503518 17.7453657933 -0.0236646941818 3.13193675457 12.8591957696 -45.9493135769 -14.814233963 -17.1651658802 4.30287500609 -20.9782919474 -15.332384378 -0.106818401713 -21.1946723641 -5.2774583371
POKE
17.7402624773 -3.75090215427 -19.7047393284 -21.5946282736 -21.0630254528 16.0316150133 6.34009201757 -7.31295275269 2.72049665112 4.10312011161 -2.61938905346 -7.06184619915 6.06618116698 17.0402445891 9.72263745419 4.78715401526 -20.6044196171 -42.596673613 -10.7305827074 -6.3172580799 -3.28290606849 -7.03665935021 2.07778206064 -3.86631636533 -3.55860364553 2.84822208216
POOL
16.3342833805 6.51977879003 0.360401330941 -18.5633429454 -25.2722889597 -0.0651075696194 0.236652318577 -15.7716155776 -19.4486009289 5.72766744823 -0.983287586943 17.9758506544 8.02534990614 16.7678356428 16.7059347281 13.9104281708 -8.63991822675 -33.430815447 -15.2277226949 -9.6038458351 -12.3001434277 -12.3378205991 -8.20278160665 -10.8795602539 5.80339817285 11.1545423153
PULL
15.5076645128 -12.8224646943 -7.99772461593 -13.1549421949 -8.15586828635 9.41914536218 -14.7434055871 0.507421482374 10.8587039525 14.7670600172 6.53258465411 -3.91916231921 -6.83079279461 16.1831626967 -13.1498609886 -11.6265959125 -32.2898962222 -17.4284077585 27.8748096689 -1.094468362 -3.11715126892 1.92150107173 -3.96659125618 9.80710040158 -4.28886174911 0.188810739289
RICE
17.6768048417 -1.76836635981 -6.83409942816 8.27617000691 -32.9727907358 -23.8608477394 -18.772784048 20.9149036192 -8.06491437019 -9.18881690552 -8.64710388942 -7.06488809678 -16.086600076 16.9900975774 -13.2255280649 15.3301314888 14.7409343657 -42.2326616291 -17.0572986565 -14.0222581751 -5.5389833032 -15.4690445452 1.5894057234 -1.67262408764 -6.11555775331 -1.12935615465
RIP
19.283057195 -5.07252197898 -8.95814487318 5.33547434578 -43.1033849669 -29.5983855956 -24.1790804468 27.7225258125 -5.15797080333 2.96612337386 8.8029474494 -7.85616520761 -7.37976414159 17.7303132762 -8.3577891119 -13.0838786657 3.77011284213 -28.1751660211 -23.7940056789 -11.682573733 20.4717087298 10.0717201671 -2.2036659932 -8.53833625996 -2.26251594236 -5.73787238788
SAIL
18.5885183022 -4.87870453158 -4.08068572939 -3.57803808998 -45.0147186504 -27.6558119554 0.102035558076 12.0627012269 -2.27167755761 -3.09857754741 -4.3215045679 -4.42132717229 -11.7872540551 17.7586153104 -7.36360165519 5.58490900907 9.75041342751 -49.1785637113 -23.8068227523 -7.10928863478 -3.70743547902 -8.6755225225 9.45708724039 -3.70153473239 -3.93777238431 1.99512239741
SELL
18.6278003609 -8.12451219052 -14.7424525563 -13.1411828783 -17.0675318076 -20.921918184 -1.71310333705 8.44707021632 9.39947768027 -28.5683071079 -18.6958687335 16.000803533 -17.1296484781 18.4002778036 -5.02791968 -18.5040186477 -16.1261438135 -12.5029178073 -4.09599184706 -4.13728077071 2.22324773819 7.71726218168 -26.6862149846 -18.3574905186 12.6569961239 -4.2999111333
SOUR
18.4214241057 -4.62604485806 -23.5048543077 -2.07274080531 -16.7643172849 -7.21125560332 -1.66842568393 0.330935580706 0.311532161574 -19.6398132641 -17.6479444249 -0.296815694582 2.54567190082 17.1274687537 12.5779383178 -6.72568135554 -23.0070687378 -33.0991998039 -12.9258953272 -0.00755230243664 -8.45927957656 -8.249200947 0.129251527913 -2.96918684816 -0.722080652837 -7.16482641305
SOUTH
19.0393769617 -1.66559514403 -31.864116838 -13.0068303299 -18.1289478339 -1.83417047464 -2.79090411365 2.46301811545 4.49063142167 -24.3759681136 -17.9827527383 5.64227478562 5.78193059033 16.3912889256 2.74905391313 -19.2801396574 -23.3155798886 -30.3968968965 8.31556719763 14.6268452795 -15.0892150438 3.07426808341 -8.54611878275 -7.06312776964 -6.80987347051 0.767550794302
TAPE
18.2942137551 -13.3900156205 -4.62394971677 9.52814671172 -44.3877548219 -19.3934341688 -1.11567621848 3.11962841285 -6.52825045633 3.6633728623 2.35399439298 1.53073170725 -3.02351613237 16.2511699222 -6.02718578378 12.0828280494 12.1553632823 -37.1347480723 -14.0054515137 -15.4684167761 -13.5282117692 -16.3782543493 14.0388765508 -7.41507185656 7.9784346747 8.02996925269
TOOL
17.0572017045 4.16726264232 7.18797930633 -7.8171450177 -22.4620670556 -4.27372909555 -32.3159895844 -16.3147597347 -19.3287199532 14.1988369622 -0.270427743286 3.99365299456 4.46788011494 16.7995503758 9.81120766688 8.89261123862 -25.8328990977 -41.2510704547 -5.13850843231 -5.04471194168 -15.7240062076 -17.9212950994 -14.2852527547 -4.30539978561 13.1892926134 5.17230703773
TOWN
18.1817258336 -11.4634771652 -21.1214384543 -2.83414092799 -16.349240975 -11.4391838059 7.428172625 8.28908166143 -10.6229738317 -20.5033813552 -0.14053680805 3.26722499343 -7.63073608717 18.1129211634 -4.6943338083 -17.3578637314 -11.2278435448 -13.9882958109 -5.22719062157 2.88452738903 -23.1907664314 -2.11419505049 -27.3814031234 -12.0551384405 -6.65886985612 -1.69568216725
TUBE
17.0704941533 9.32679242285 12.2888246248 -1.36455269284 -21.7423604807 -0.915519863253 -37.3463423398 -37.066851709 -24.4509719224 17.9447390521 -0.173736308872 -16.0278558883 10.8022442964 15.3907363238 5.48691136817 19.7856898823 2.68381640075 -13.5882873266 0.413912308416 -21.7659548641 -30.822300401 -27.3606811895 -5.20003938209 1.17241342448 -1.90747614979 0.850482312075
VOICE
17.6405652872 14.0917375949 -1.59054343352 -24.2224181395 -47.0739749274 2.87506095191 -4.64590975407 -18.1340248915 -11.9961178575 2.57210266547 3.36449801336 9.74904147176 -0.809192951569 17.472580328 -7.27625002574 -7.36949430786 8.5903571538 -31.3225908906 -7.16037259415 -18.7066706865 0.662793659466 -19.9168419377 10.4641635963 -3.85161687511 -8.64004995846 -0.8297212097
VOID
17.35467937 10.1165357627 1.04097381264 -18.0643117782 -46.9539011326 -5.35471337838 3.44069323135 -18.7323159251 -5.63757078734 0.81444765429 -6.614985318 19.7343974588 -6.97714717941 17.6090601486 -4.831055777 -8.82038640148 16.0372124199 -39.3218998118 -21.6073336262 -19.7598060107 0.379196151488 -14.3795073778 -0.796823781046 1.45449929035 -0.684124764881 -1.23703846322
WALK
18.5799420786 10.2926636822 -21.3879003492 -27.8095929903 -37.8760947535 11.1607757404 14.5865182606 -7.29070121579 -5.51520727994 -1.79105985585 -4.87125741064 -2.28563709275 -7.68839717985 16.8830863064 -5.29675148754 -24.7671803342 -14.2787220946 -13.5993271128 27.0531102095 -3.67768850209 -10.3843277429 2.24639004576 4.76909207719 1.92559726767 -9.82803801386 -6.48408905802
WALL
18.3550703149 3.10928776796 -13.774044678 -30.9224965645 -38.7062327902 22.2923270526 18.0839367313 -10.593256337 -10.4831068922 -4.73198729167 -14.8333701378 5.16389638105 -16.82761287 17.5172543199 1.34481866436 -13.0352429613 -29.3371861552 -32.3428114534 24.4426540525 14.6762578483 -6.293038971 -15.6135206572 -4.61847355302 -11.0070260709 -1.62459290217 -3.53244304882
WET
20.35769908 -9.53086420136 -28.2842911428 0.0168273619285 -15.9203344528 -6.06676024646 1.45955339073 16.566932279 1.69511560476 -19.8451524024 -22.2917053712 -4.54511862259 11.5896313104 19.5612881786 -8.61818903906 -29.0297478234 -3.74169763939 -29.0353878816 -10.4851055007 -1.23769748423 26.4296632791 -4.24114981404 -21.8092635364 -21.3940829107 -2.1618993385 -1.01419973018
WOOL
17.131471866 11.8312933201 8.16431754448 -11.6229321011 -38.8355534316 -4.93912735209 -15.7187215297 -25.7907587132 -17.4187304947 -7.00053726091 2.07600693183 24.5750110535 10.5397666148 17.0521301334 11.4848101816 11.8737542063 -13.4721676417 -42.5509971927 -6.46518036048 -8.89830577617 -25.1879712318 -11.9858287999 -10.6113852304 4.33079087749 23.312535273 9.35177631869
WRONG
18.0756645011 -4.28175462975 -9.55939938193 -26.6296132077 -20.1672148883 2.71061162887 7.41925645618 -7.38977754602 -35.4458165728 -5.48890962907 -17.795306323 7.31565544391 -27.9869833775 17.4312386578 -2.40862150243 -4.90647684092 -22.305491854 -20.7073310739 -2.98117112686 -1.53569939205 -2.47331195297 -37.8041894002 -3.62767531682 -19.727530519 7.305333536 -24.2513607058
