HAD
18.6348876616 -1.86987933282 -34.3860417136 -7.73121667875 -25.3210988704 15.4940135527 -1.74806650311 -12.8220504707 -30.3175775831 2.37633443098 -1.39357005092 -4.35865409247 -8.43153690443 18.9493699772 -2.46087526117 -36.4324739883 -6.50092032512 -20.9274665523 11.2914094689 3.53189603225 0.76248713174 -34.2103470831 1.19525631277 11.9701822721 0.1344869208 -11.9989191711
HAYED
18.5300787127 -5.58135003903 2.59607862703 -17.9460927816 -51.6676597053 5.80634624848 -3.1645481539 0.772788345905 8.69798582203 -13.9128517433 -17.6362412954 -1.94068082072 -7.87756227957 17.8235386144 -9.24262331125 14.8060052828 -9.74728737532 -57.7750269395 -1.6229289867 -26.3070740175 -10.8939814971 6.84997614967 -12.9597188077 3.74429109625 7.9191803739 -8.65749318706
HEAD
18.4589674495 -2.01455185022 -14.4909507066 -18.1756597153 -35.4726446953 2.59849699372 14.2874418988 2.89219769861 -23.1649585866 -9.99488373236 0.655183715158 -12.5514195617 -2.45224579534 18.4142039973 -2.43411790868 -12.2983952885 -9.66283931839 -47.50032965 -13.0256759356 7.22728866703 11.8283993852 -11.4002838623 3.75229857058 1.01061187929 -26.7982812165 7.91743504522
HEED
17.751652745 -7.25050272451 34.2753836003 -16.0450834509 -35.9735152853 -4.25266167116 -30.6399853538 -1.95385922423 2.91239747799 -20.1770523775 -4.45310391704 -10.0655632814 -17.6935622763 16.7511625135 -2.94655343795 30.6894799614 -7.99805518893 -39.666441997 -10.270157578 -35.7263121776 -17.3754161734 3.08377063912 -28.8666043241 1.41751699695 -6.21219433259 -13.9022718002
HID
18.5786018366 -5.13405245117 5.68808756115 -11.8328237523 -49.9787009331 -6.22850582903 0.700808861016 -1.69714434224 4.25143189887 -7.6578300259 -11.8843344673 -12.1345529814 2.23562114229 18.2423828089 -5.85126462797 5.72037497464 -5.50804386394 -58.260246001 -13.2559453415 5.27230418969 -3.87572651257 7.93881053743 -0.250940647377 -10.2515779486 -11.3085781499 6.41504573657
HOD
18.6353890105 5.58275421795 -24.6162982668 -41.1988739628 -3.1901597792 33.0328359717 -22.3086370225 -9.92754288149 -9.3244843835 -2.82142601408 -3.52065330457 -6.8244842913 -5.17891736196 18.5424707841 5.5844448044 -29.0774340125 -22.8837997576 -1.6776258424 26.3203498849 -22.0891500689 1.01803397058 -4.20768299865 -11.2489323555 0.644637350388 6.50592277939 -2.53107287898
HOED
18.3201465043 9.551479008 -16.33803701 -26.3328873994 -17.3820256666 -2.38991015502 -17.0073230294 17.1113653277 14.7409352184 -15.0432573193 -24.2622238619 6.05535827281 -9.71161066936 16.1095285344 10.2494368344 -1.95018933791 -22.8082395622 -23.0051487598 -2.43495113141 -30.432508418 -8.77256617068 6.91232971934 3.30982244269 -12.4676591183 7.47510444876 -5.58180094396
HOOD
18.389938778 6.86456134809 -17.6003716873 -25.1790833806 -13.8973745108 -12.035757095 -16.5703447274 19.7434461518 19.1293321974 -23.1844621051 -23.917510037 9.63268119702 -12.2369433695 17.6006225084 4.13292136359 -13.2201800553 -4.98156945511 -36.2818068443 -18.6751723555 -7.11201061957 25.6429665444 -1.37066302162 -10.0171413804 -0.644957754638 -8.53421512354 -16.2675022305
HUD
19.1580300171 -3.91866977539 -24.3142283248 -22.1672864314 -13.1968645729 4.35939294682 -16.9905754305 23.6044716573 -14.2623454214 -31.0228722925 -4.67988802904 7.9994682287 -12.8097995542 18.5114600595 -3.70277155862 -15.7930878386 -9.34257184722 -35.7453554309 -6.65767843746 -2.41223312084 30.6439642315 -21.5262558779 -16.2176787405 6.16317756298 4.46842008993 -7.5170009157
WHO'D
17.8305769839 3.99150690966 -0.865150416193 -8.20246639339 -20.3834281197 -38.7833585125 -22.9705319142 5.08568696357 15.1457939233 -12.3755512422 -5.02225814008 8.38817473924 -34.3264984277 16.3301541238 9.09838285257 2.94062008227 -7.95514170547 -16.8750018258 -32.6037216522 -26.7796248701 -7.83410461896 4.7155050779 -10.5793432124 1.89409140158 22.6583862168 -18.6289335465
