HAD
18.4902879756 1.59491996638 -31.0941250386 -3.51044433794 -30.9230607946 -12.54652986 -0.375666242283 24.1934958125 -13.0612722192 -2.81435144869 -16.4833299515 3.95343447824 -6.82295310082 18.2711746135 3.71810792797 -29.5399054059 -7.24478593832 -29.2093239901 -5.14137635083 -13.5687442509 24.2509524781 -5.09534548931 -3.96560509112 -24.9428064947 12.1836410686 -2.42134470507
HAYED
18.5584196465 -1.61029104754 -11.4518728906 22.9406990396 -47.7715778573 -24.0727441935 -19.3120621399 5.88688407228 -20.2402505946 10.0831257151 7.68432946105 -0.13386648366 -1.18772465848 18.7982539111 -8.99540910717 -4.79560793943 28.8601487586 -54.5715497334 -15.5988499925 -24.7208608738 2.11125770202 -22.2463945346 11.4077832223 8.78067086881 1.57271662471 1.89701222427
HEAD
15.0076010475 -10.6598607969 -20.3781392851 1.06784773468 -24.982628351 -8.83721347041 2.52027942665 9.5425153534 -1.43086426624 -11.8300752027 -12.2104615933 4.90849531589 -1.73271157004 18.0846262376 2.85371780039 -14.7107083849 1.27786189068 -41.0218409188 -11.0297800033 -25.6158778295 22.9049181096 -1.29907591502 7.15808045078 -17.5582444583 7.83084381347 -3.23716350986
HEED
18.3173521661 -10.8564976579 16.7120952268 26.4933082452 -44.3480239007 -11.0777964435 -18.7121845672 -23.787784899 -12.0200465482 -8.49101855001 9.06549686331 -21.2974867161 9.85607008209 18.1990351269 -9.88036972765 14.3371357928 30.5926485595 -43.9375428731 -6.0373053606 -24.4151897986 -16.3239793647 -13.0645088749 -8.70364847259 8.32991504197 -12.4672216087 -0.399203576867
HID
14.7207841226 -19.0852725791 -8.90163416917 12.8430193889 -42.1163108164 -4.88099309495 -7.94640084665 1.73620074287 -5.82584940842 -0.509723121237 7.72192919116 5.01987480839 -2.35888355961 18.4340443927 -2.22050029846 -6.87379514285 18.9893290168 -47.0346395899 -19.7942511876 -24.8829402705 5.42484847663 -9.13853828507 6.3382848072 12.2900366004 7.96727087465 -7.67495486317
HOD
18.8159683364 14.7543174315 -24.5419109782 -33.7607818528 -26.755631981 23.3405638301 -7.28649952679 -5.30450696499 -10.837642611 5.48253512716 7.1815048478 -12.9987649203 -5.15779785537 18.2430786627 7.11530948508 -32.2115433819 -18.1196695948 -29.2616102609 14.4205127827 -11.4732956512 -5.65966736333 3.5605861827 4.36913300157 -16.0686837837 -10.7908428324 6.31778535099
HOED
16.9329614293 3.53248268398 -23.6088611609 -10.4567958637 -26.2455849339 13.120357973 -11.0605863724 -18.9877296988 1.57335572641 14.4952824108 -10.6717199822 -9.69002845537 -5.83386933629 17.1845982842 7.69483178818 -13.9304331133 -5.24352335483 -32.8660589679 -2.14466459773 -24.3876346926 -15.2782796952 -9.09972780145 25.848651633 4.40388766035 -5.60954955132 -10.9518281567
HOOD
17.5799852786 9.15252860514 -19.9598385006 -10.5166521737 -28.7664666394 -2.5400752307 -26.4048815702 -23.5027474997 3.89602886512 23.7197303444 -13.1422021244 0.471234355033 -10.4936775972 18.0654983808 5.86834098221 -19.4622151789 1.74272730249 -34.8134202219 -9.45409982064 -41.3521097135 3.10267988409 14.3910134033 10.2490034788 -10.0640554529 5.19089648138 2.26819843218
HUD
14.379720776 -10.0788130724 -23.908718438 -11.5087077181 -7.784659558 15.0004865595 -1.42659412073 -12.0091103498 2.58189969253 -0.668462066972 -21.5642157339 0.745203412014 -3.26909636894 18.3915837967 4.90691286912 -26.1156751301 -15.3929257224 -27.5704389472 7.88987392061 -17.1086940591 -1.89350498382 10.3743466648 8.48833537588 -27.7832842021 -0.426094159836 -1.72288433045
WHO'D
17.6169695245 15.3010784603 -15.5275767479 2.1736939661 -24.116522091 -1.49315586948 -29.6630479584 -29.9074265041 -21.7657327174 15.0039578134 15.9201000485 -11.8683867254 3.81247273823 16.305749838 15.3980408403 -6.97359544177 2.3904033335 -20.7805910204 -4.82366285913 -33.5959550146 -27.4296954843 -18.0453100079 6.56469110673 14.7334753859 -12.2535670649 2.51766365954
