BEAN
19.6326280565 -10.679096793 13.2562244603 21.5323369968 -54.603187795 -4.23011613222 -22.8290401517 -19.4263028263 3.36006004854 -0.643528083436 -2.95400649094 0.834723055721 -0.194938085546 17.7577598753 -3.71466792566 10.6861096829 8.55460113026 -54.6261920199 5.93467978511 -15.6323357208 -15.6544042461 8.25555273123 1.62592414824 -8.0966967565 -4.82956941478 -8.95779383391
BITE
19.4088399029 3.9158125267 -28.3368079848 -7.78641059255 -25.6685118321 6.54982221376 -1.85055036396 8.95388427322 -5.20177032516 -10.8692772002 -21.705014881 -12.1467324809 8.71346568515 16.4673317324 -8.74482504464 -6.23243791197 11.5012658739 -41.3015568805 -16.9695404921 -6.57979419028 0.804006086503 -6.25854495271 10.3637158731 -3.65225338662 -1.06995801864 -7.25319464982
BOAT
18.9055313979 7.97213204807 -18.9311962821 -15.3533356061 -41.8938663676 16.9821428304 -20.0795903231 -15.7144903922 28.4466879906 1.53705378307 -16.297657337 -17.7039429744 -17.3318121635 15.2330629376 10.0401161431 0.739232578772 -13.5427728525 -34.4712125478 3.56222928207 -14.0629308727 -28.8079767639 -6.25205101518 1.94575781704 9.05304342431 3.10948186921 -10.1798873706
BOIL
17.7842442454 14.4571281677 7.37888787678 -31.1974873563 -56.9630890335 7.51563498626 -21.9614557065 16.8969069612 4.44122496653 -15.6407969948 1.24373936986 -5.40413882843 0.154169041469 17.9907134085 6.14936667411 -18.8910271364 -9.79014493254 -36.7370493276 0.853738495733 -20.2039474729 0.705896269376 18.8298243536 2.49484651888 -3.75581684321 -2.45987462803 -14.7749474473
BULL
18.786990512 7.4707597958 10.5705118814 -42.2246369153 -46.9848950909 23.2533641798 -24.0956065635 15.6013640828 -13.0772210067 -5.7236496784 14.3417278825 5.63306886364 -11.143112309 18.7202769549 5.79467898773 8.38041586201 -38.3699475023 -47.0114573818 23.9301877571 -23.3633962033 24.118892444 -14.8316292848 -4.34685679525 9.55833254798 -1.59079580065 -7.35754493131
CAB
19.0058457033 -12.1936546272 -15.6201086509 5.74893752797 -40.3071800132 -3.37466397072 10.8530963261 11.294887583 -14.8479402747 -7.18786142058 -10.0690668053 -10.1819182031 -6.47490976136 18.7874270165 -3.22645141379 -29.9399400626 2.80814235645 -30.463504836 6.71647287189 1.48801732625 15.0218469475 -11.864465168 -19.1697749942 -16.45509837 -1.21023780289 0.31294522301
CALM
17.9987562268 -5.90851919393 -20.4728459436 -26.5673502017 -9.4189406517 21.6987911325 -6.47909823514 -14.5151901071 -9.99796303528 8.6573529787 -15.8757426581 -3.24090345824 -8.02400094968 18.637793643 10.4096447304 -21.4884183454 -33.9740549995 -27.0313750727 26.1064112974 4.8914173707 -8.24166735146 -17.446766854 -1.99416656655 -4.47314402934 1.62249898816 -9.74208367014
CAUGHT
17.2986548359 -13.3813325665 -20.6655468139 -10.290505618 -5.48292491734 2.33200653334 -12.3162145803 4.19431081727 -2.0406360394 5.5427160855 -15.3427381952 4.41759891631 -5.12279037575 18.9697367965 7.05503351376 -29.8967712711 -18.4295841694 -27.2756973203 28.3333709446 -9.59537574856 -7.70317264313 -2.38576312914 -5.97116908559 -18.6058963916 -9.61404606793 4.1087458045
COAL
17.4813532841 -1.87996469779 -11.3915540148 -27.2121054126 -20.1688199627 19.125578258 -10.2536625905 1.7645983946 -8.10933057826 3.14485930734 -7.42955432199 -0.0602342113641 -7.83279538642 17.5801088003 15.7361232799 6.50310803317 -30.4171919517 -47.2589947236 3.2338860414 -20.0183981424 24.9850001949 -3.95197113474 -11.6120112309 -0.52464470272 -15.5236016394 5.06669902536
CODE
17.4114246044 -13.9477127586 -15.3276280998 0.0910772569251 -10.3068444977 -12.1826236771 -7.53384339334 6.43935290592 -0.874320327428 2.78729065451 -11.397978587 3.56424940116 -3.95640286134 17.445214258 11.0913700964 -11.7503743476 -9.69807031709 -25.0549646854 1.81384322029 -24.9511422301 -17.0889685168 14.470807174 17.9481359223 -10.3099598784 -15.6529679633 -2.17465418152
COIN
18.151654155 1.36646635202 -7.38470535306 -21.7325293385 -34.4961569562 15.1328077943 -0.446326356818 -12.9157270585 -4.94802750322 -0.46465005345 -15.8650793461 -2.23135683894 -12.8310847405 17.6973272244 0.383960858472 -12.2812885189 -3.14973852996 -38.8048715476 1.64790440807 -3.30101035882 -3.15552109644 -1.83386171719 -5.09978354665 -11.9717342735 -13.1250970331 -8.20997576543
CON
19.2810843889 -14.4946388821 -23.578375584 1.61400537589 -11.1433639809 -4.8806429142 -5.05644065921 3.66640193008 -5.64045516553 -5.40536091014 -7.33618334136 -2.43202480986 -7.35316293435 18.6698300194 -0.536280399553 -33.4662555978 -5.25533673774 -6.1109769506 16.0409149503 -25.2914618265 0.207013330625 1.20157721935 -19.3207303924 -9.97795517354 -10.932939262 -0.163251683538
COOL
17.3070989684 21.0881314024 1.30442769199 -12.8986533722 -32.536562789 -7.52985090277 -10.0564973712 -25.7141787062 -13.7302568289 0.719982876113 3.404107875 9.92578138633 3.09502744132 17.9923283909 17.5881697139 3.56900027601 -18.8609111352 -55.4153505834 6.7218815468 -6.58496557019 -24.3342118985 -6.40798168474 -15.7048212834 2.52875937467 16.6218371544 5.6682828677
COT
19.4439045862 -12.9533423797 -21.9870635356 1.26667783284 -18.1079921199 3.69429376799 -4.49252892277 -1.27232538699 -14.3098295779 -10.14032893 -8.53544972837 -2.03651645757 -1.27301550646 19.1295401737 1.12462692824 -37.9357445602 -4.72350190263 -14.785523139 12.7085658556 -15.2970720247 -6.50780821651 -5.24665656516 -20.5019483131 -16.1309566312 4.47021112423 2.07370223084
COUGH
18.4450978738 2.53691342647 -18.4521819221 -24.6805787734 -24.8784068537 24.2991282802 -3.80902402399 -9.08357108472 -8.33054817303 -2.19412284826 -9.5182921723 -7.67423650498 -1.99285153064 18.3290416465 10.3137177594 -22.4789508951 -25.888107115 -23.7094967164 28.1505704323 -9.43907162206 -12.6134238491 -5.02217173078 -9.931303315 -3.02888927621 -12.3020742841 -5.2498203249
DEATH
19.3750088811 -5.07404591642 -14.5736333156 -6.35503358648 -34.8311559879 -1.47373225226 -11.1621084536 35.7210734838 0.934589154838 -26.7737060395 -10.8021897762 -2.22152030066 -26.3828549701 18.1737918653 -3.07831894269 -22.9876176333 -13.258282714 -17.6461776042 5.85880057933 -12.6653033103 22.1066858669 -4.39164357601 -30.9449657386 -16.4556196682 3.9830994944 -19.4272871538
DIG
19.3257304659 -9.97814906226 1.26532631777 16.1214176144 -52.9306252718 -15.3346293178 -13.9732271511 9.13433571321 -12.8644295884 7.99558112907 1.96663451521 -8.59837736527 -17.1867654162 18.3472706231 -6.48454942969 0.329415055412 15.5767957181 -50.4972097975 -19.0343997275 -10.4637318114 0.649644915675 -6.76886588401 16.5395214261 -11.0075005796 -3.74964683637 -12.8133979184
DIME
19.5026611457 -1.58914565522 -35.3441856838 -4.11517448495 -19.998244274 9.56157133661 -12.4853070731 7.98294481473 8.63931286614 -17.4954739246 -20.6189997633 4.91300115832 2.42699985006 17.765789515 1.63171304566 -33.8511719411 -0.109251529912 -12.5004157696 -6.35913467351 -7.20756579161 0.163023727802 4.44459629551 -22.5019816287 -5.13487825286 -3.64676864534 -13.1858490935
DOCK
19.7895168577 -4.01583160727 -32.8879340064 -6.04221621313 -25.4174019176 14.2042346136 -13.575765889 17.285723178 -0.949821680961 -25.059182656 -17.3026010107 4.55918062755 4.50337385781 17.9108652515 -11.0967176493 -37.0830062783 -8.03368712815 -1.29477242396 1.94773200525 -9.45791476269 8.03521670103 -17.6023184209 -3.69202750947 -9.54671069928 9.17959042494 -4.01862377342
DOLL
19.1286630766 -1.37443810421 -32.562254343 -14.4721457375 -21.4016550112 19.3205915734 -9.57309988654 3.14715240204 10.5788724377 -14.5140609241 -15.5490848708 0.887922825223 6.29272686649 18.6922876597 2.32090848233 -28.3480717293 -31.3286306527 -22.3532700024 41.7263187964 -17.2807927057 -0.196722464507 -3.33397353981 -5.1785049256 -1.95634836785 -8.25766504837 -4.78273437963
DOUBT
19.7022760631 -3.79517281944 -34.8193082123 3.57088836538 -34.7725868847 -1.328387227 1.13250786457 15.2193203453 7.55099554421 -14.5203136933 -22.6974135894 -3.47059472201 6.0989767782 14.9757128546 4.6360195814 -11.3634537509 -11.9072095125 -28.2883884784 -2.61603369767 -8.10052329226 -16.502383633 0.866485787289 13.2513714746 -5.20714046859 -13.0679956236 -0.613608739409
DULL
18.6485342864 4.79459184602 -21.3394851799 -13.7952630327 -20.0630899881 8.32172398859 -32.4203258528 13.2990511302 26.1724506067 -10.0963860187 -26.1694568422 -4.35243741009 -11.1844321782 18.6381205439 4.31907916661 -18.6459771167 -31.4109079106 -22.4209733293 16.8133135485 -31.0894680687 2.87840831108 17.0177564183 -0.0975278888753 -22.7105884956 -16.5657761931 -16.2816135542
FADE
18.9553013502 -5.63805394632 -5.20214777701 4.84036278051 -48.0813876845 -13.8457241647 -3.83402913766 17.8533806669 -6.16439598584 -1.83912530924 -5.53126776786 -10.6761046145 -22.8831175517 18.4940179083 -9.85337273734 5.15355058281 12.130039432 -56.6187645219 -13.8814027934 -7.97583652843 3.89373968791 -15.557994863 16.1586713949 -9.83116646904 -10.767579434 -12.0948043175
FAIL
19.2683498989 -8.03248587224 -11.8910920284 6.18794949505 -46.9913428123 -18.5487207372 -8.0366022309 18.0399552267 1.46656968447 -5.02636943051 -2.54756336975 -6.68665669762 -17.7434447931 18.184274069 -5.3241521113 -0.913995054459 7.51939218361 -51.9308335102 -17.3102969266 -13.2368420455 6.58242996992 1.69827938061 3.65607494297 -3.32571642706 -5.49444531425 -18.9178719178
FEED
19.4066800874 -8.8046782448 11.1045360315 26.6070606848 -59.2102966812 -10.302769366 -21.96672097 -18.3513091024 -15.163256036 1.42510974255 -8.73805650792 -3.82549250998 2.10329157934 17.3494685462 -9.70247754163 14.8140830911 20.5198469155 -43.5113053965 -1.43778031641 -21.5555322591 -13.2660891122 -14.5349171089 -1.36706602426 -15.531429079 -10.402789189 -5.26325400134
FELL
18.7182138214 -3.28234558989 -14.3851069179 -11.0608187911 -28.6110691266 1.64316100139 -24.9989098065 23.8804072155 13.9044339547 -27.2374474447 -29.7817064755 -0.769563212145 -15.0284255338 19.2658805789 -3.57606439987 -14.7262351332 -14.7905643998 -26.3331395577 8.34419520042 -19.8160486337 28.9561730419 14.7030685551 -34.4320641972 -17.9695717247 2.00600865069 -17.6113666012
FIRE
19.3682291889 2.87657849949 -31.7854327643 -15.3691325208 -22.2190603654 20.8860570967 -13.5449556887 3.3967477154 2.91887933692 -10.9537025897 -23.8914234344 -8.65674014395 14.3625992022 18.7442101146 -0.924762811141 -33.6240837749 4.20591827108 -27.5949343198 -15.0873292021 -2.77152896024 24.314650352 -3.62522523232 -17.3378713552 1.92063974615 -16.4905240207 -5.62849217086
FOOL
17.728581302 21.1660224281 8.93634831071 -21.1162691614 -48.3232878696 -10.9959521422 -11.3930271114 -8.60119394893 -1.46896658189 -17.4974723038 -9.21793974591 11.1218665254 -1.39275522402 17.4125127257 17.9340403279 11.2258868117 -19.4970606692 -49.8182505119 -8.26162846779 -19.0847519287 -0.86480110464 -0.32824996725 -19.818296039 -4.88584130375 3.71394131361 1.06728214717
FOUL
18.8607745999 1.83542763161 -25.4764373969 -14.3654976037 -37.2665491746 33.356588447 -19.4877637481 -4.52420998106 3.7791858301 -13.646904849 -27.9982628364 -4.92760278149 1.30667806538 19.6073428012 -1.34848918491 -28.4748164584 -21.7445101131 -24.3187655019 43.3989918338 -16.2406692147 -8.32744395667 11.4308636751 -20.403440503 -7.01184950246 -4.31251598132 -1.37807491538
FULL
17.9739762032 9.10617031993 7.85014938361 -44.9757380362 -50.6520053299 21.961441727 -25.2107903043 12.9199373336 -20.5034034708 -6.51857860275 12.0942219182 -7.98061036415 -4.50533467241 18.6376171996 9.22121119769 4.32267895721 -44.5914635127 -45.1429279863 24.120651967 -28.6536131878 22.2506700307 -23.1412294452 -5.35575787618 10.1355217166 -12.9126502591 -3.61329354855
GAP
18.863098849 -16.8093585464 -4.91866337198 4.85576532591 -42.5228107687 -3.30597328396 -9.45261517289 -4.2291249654 2.17465491873 -4.82429329219 -3.94242988072 -8.62974265057 -4.42196699491 19.5207640307 -9.3413812874 -35.1133510709 3.53685631025 -38.106970623 4.87570473426 -0.797728340694 21.578795708 -14.9403782034 -22.0297720101 -15.0119538546 -0.194889440681 0.200622664041
GUIDE
18.7542650005 2.80339464015 -27.0423237571 -3.19344911306 -29.3476673869 -0.372068526928 -3.85765644973 22.9008052203 -7.42708471831 -21.4550939591 -20.8620808004 -6.26742247215 1.62311286723 18.455038158 -1.66092176707 -25.9394499349 8.32633407586 -39.9999528641 -15.3036228748 0.62664532794 22.6789716735 -1.21831141884 -12.015335968 -4.90907465042 -7.85446607007 -8.88330669873
HEAD
15.7036630728 -22.2583486554 -21.9207650451 -1.24178681055 -24.0686097913 5.98582814017 8.88162901106 5.79014079776 -13.1185232769 -12.1839925957 2.70581441941 9.53265038851 -11.4313012748 18.9327840625 -4.54236495679 -13.904152288 1.16677809519 -39.0005765815 -9.67731060588 -11.47925736 25.4603295768 -3.09299872512 -20.7702904188 -7.70783222573 -6.42390701778 -21.8165479707
HEAL
18.7301678228 -9.25561300054 21.1585077854 18.5892594948 -57.5465304983 -2.08004869432 -29.9546730549 -22.2255552772 -16.1750083291 0.0276500898778 -3.66717115027 -7.42477652059 2.14591937039 18.2299265826 -6.43527804649 11.2839169586 21.9198548692 -47.4220569111 -14.7850314002 -22.7101892895 -13.6731682664 -10.1066810154 1.27246332301 0.268017973228 -2.75791097259 -8.01334333751
HILL
17.2513356514 -16.6781954867 -14.7842114611 1.2384701659 -34.7877564198 -11.5247036059 1.68591249318 -1.19370482623 -25.6325503404 -11.4344016483 5.81065433807 8.8686882298 -7.84074727934 17.7155660338 -2.4977041147 -3.65109115521 2.92689215213 -35.0922382917 -16.6294213684 -12.5672423541 10.5742071079 -14.5011735264 -8.03543640728 -1.01603220798 -4.76166936902 -23.6968973157
HOME
17.8471004185 -4.66911346237 -15.4903572523 -24.1840438597 -20.5567589463 22.9664132751 -10.5721805574 -7.99094797765 -7.36701846923 -3.54282814561 -8.9581236466 -9.17530223929 -4.79288661024 16.9418462764 0.924663898506 1.93328195277 -25.7067551163 -34.0287992787 20.9158469882 -11.5818979796 -5.84926600157 -16.6125147051 -16.3495046923 -17.1753176336 -9.48481632028 0.524175206778
KEEP
19.5509769119 -20.7496092882 20.7901724847 -1.19884846333 -34.1615948058 -3.77041836219 -21.1357510861 -18.6822769945 -10.8140857701 -6.22426110794 0.516365971057 -6.55474755654 4.33225041636 17.2379069839 -8.95248555751 16.8276325813 16.5125922351 -36.511967271 -7.56538142283 -21.860849502 -15.1807464398 -13.6779906277 0.721863840854 -6.5826847493 -0.401086925963 -1.09578464446
LIT
18.6007524308 2.4326777972 2.9484555318 -8.00953678338 -35.3622108243 -18.201612191 -28.687471357 26.037889698 -6.52232211871 -13.6546545015 1.27551922187 4.37045670969 -14.9190794585 18.6608306107 3.71174834049 -1.02569531163 -13.4429662008 -41.2097647293 -20.5704128261 -30.2238607421 18.8226676801 -3.97798398442 0.714157453158 10.0317724464 0.863189243359 -28.6508888003
LOUD
19.3175793713 -1.91720100205 -36.6925755225 -13.7770773361 -21.0880717387 33.772575372 -19.6741550029 -2.36512766516 15.1403771086 -19.1345785132 -15.0863787257 -8.56887437519 8.7809952479 16.6704979539 11.2653702387 -19.245338842 -14.5042552397 -20.8787204241 7.67274006711 -15.0809587906 -18.1685996345 9.86800716102 2.86004724974 -19.1033472169 -15.0173954584 -0.260686731193
LOVE
18.7478006216 3.70543128665 -9.09898952223 -40.7141066896 -18.4745597254 27.9584369888 -25.8580289987 6.48023377317 1.84176293745 5.03599556366 0.249840636741 -25.4011114545 -6.92566798221 17.6691192466 7.25846774952 -6.23971648347 -29.2284951453 -22.2430597891 25.980259255 -28.3323922696 -7.77513722718 0.497554678034 -5.51317752396 -3.46792559249 -13.8684019954 -14.8779477682
LUCK
19.1189837389 1.61895318291 -14.0249254872 -29.7459578385 -21.2805223496 36.8693590978 -20.3850294941 -0.04441455141 3.16522976205 -8.39115287454 -18.9673645207 -18.5352527662 -11.2745621348 18.7609968277 2.17586723313 -29.1834618759 -15.3887386349 -10.6554931079 20.8018978838 -8.73033954534 -7.94666163195 -2.48567649392 -8.36783266794 -24.3870776481 -9.25845784268 -1.66087369779
LULL
18.8455836335 1.58325911237 -7.98675557062 -41.0962130102 -18.7006260751 18.2595254992 -17.5561775239 17.0463574243 -13.1030305644 0.879530101831 6.65803267699 -25.9451235072 -6.28919656459 18.7439186315 3.0893643836 -4.69564939714 -39.9169289758 -23.6763903524 26.4341870063 -21.7186655351 16.641239923 -15.6538934407 4.59424401617 2.21103394523 -21.4308935551 -10.5446421527
LUNG
12.7072045784 -13.4118754418 -4.61936939575 -12.4229298002 -20.83983864 21.9981974906 -10.44099306 -9.65165433348 -5.88932603794 -17.3835738195 -4.4099976815 -3.33967260118 -0.158375553051 12.0991206155 -15.5279267876 -6.00373224406 -13.7744293657 -15.8842807774 8.40327871201 -12.5471498421 -7.78125019699 -4.78081858936 -10.096027416 4.0692165751 -6.31365577542 -1.67114815177
MAIN
19.7755689626 -13.9016836567 -2.53142807598 4.75117321301 -47.2612383065 -4.38418007087 1.39560042718 14.5062104134 -8.58100325468 5.13848742242 -10.8107187384 -25.9460374567 -9.95641490789 18.2578256484 -5.93776355527 5.48072863551 5.57541919072 -63.1892488512 9.6770432284 -11.8999693745 -6.55741861242 -11.1500797755 9.49007704537 -17.1707346105 -16.1166203003 -3.22893661943
MATH
19.7562252254 -7.7968744257 -39.1166854075 6.32120163268 -23.5606080533 7.75843233148 -0.0752296847562 12.432307111 -12.926932452 -21.2609455552 -2.25789566112 8.8927936197 -13.9322363155 17.407757061 -7.26653710719 -30.2030647923 -6.47346687387 -12.8503785594 7.97563408335 -0.968546965428 9.8967286114 -10.3768234519 -24.6819058414 -3.3961150838 16.4152378509 -15.819065521
MEAL
18.2528783305 -7.66024772369 5.64360553934 18.4554979254 -54.3088250684 -12.9839833566 -12.797143101 -5.90775642989 -4.82368052834 -3.88393170814 -2.88057473002 -16.6910785733 -1.86189404721 18.3603952951 -5.20093704096 9.02564976812 11.6729118371 -54.2401151464 -15.566675899 -10.2709966046 -7.33704276327 0.800336655677 -0.159426418004 -6.29506560539 -16.1536807425 -5.02307761524
MILE
19.3028494105 0.817110373559 -35.2271327522 -18.5814668539 -14.0222322517 36.1347923496 -24.5573594057 -3.08979343294 4.17267379537 -3.98431223539 -10.5779463027 -20.1604112632 1.61232405303 18.5492514663 -2.81492633098 -31.9647939828 1.22341714692 -23.0970835967 3.96810827071 -15.1806294653 2.61134748438 4.55289985246 -27.696875191 -18.0837127661 -0.479198438232 -3.96580410422
MILL
18.7318036923 -3.5330428759 -12.7576656814 4.16608670244 -30.6898195571 -16.082136984 -15.2222924246 26.1979228829 -3.2987605439 -21.5656038766 -5.81677970857 -6.30166301774 -34.7235004621 18.751522004 -5.72898957331 -11.5396134814 -3.72156045518 -24.6104867613 -12.0307245403 -18.9042277038 24.6241954973 4.63273955588 -26.8554248211 -7.09806550751 -5.86516807348 -29.9795289139
MOB
19.0980715504 2.41043620054 -30.4432396313 -20.1516456092 -4.53870004357 25.4522112721 -24.4026465026 0.370581777067 3.02318900283 -2.05003626347 -13.2882427574 -14.3801166773 1.05550092343 18.5662385865 1.04374061406 -27.506896261 -22.3813677411 -11.7071177403 36.5856442918 -24.123666475 -1.74321716752 -3.96092394622 -11.219516953 -15.9305411429 -2.15118533596 0.435188978343
PAL
17.6252230234 -14.9500708672 -24.5918004102 -8.85492478251 -12.7157801402 11.2653282286 5.57413985183 9.76363476392 -16.5895124399 -13.6059431464 -2.93408907539 14.2354561495 -5.41103927984 18.7289904493 1.85005825148 -30.4460946995 -7.8286927518 -17.8702723426 9.08578751238 -1.33179308874 11.0647142661 3.36246669879 -29.8719078462 -21.9860995213 14.6605388295 2.86196529245
PEN
19.3372262241 -16.1325936953 -18.2054138813 -1.29755018678 -26.0995605039 -0.666912942303 7.73489807345 10.7354720218 -17.9252031573 -13.6486875113 -3.73926087763 10.0895185935 -15.6208130433 18.9801127997 -6.89753417102 -13.3324663958 8.82084047972 -23.1750701179 -17.9362099865 -2.68590694185 19.0566046391 -26.6240711776 -16.9911254381 -31.5076364169 17.4065650153 -22.0359448372
PIN
18.1018551909 -15.4205629689 -3.11180772995 -0.927487151944 -29.0736937516 -3.91938692415 -3.02956478971 3.68030299885 -11.7581782261 0.969384703236 -1.99011093201 -0.93835980763 -7.65749849966 18.3816684998 -3.33506910964 3.06133289822 -2.20438375762 -34.9769034422 -19.1687694746 -5.52213718347 10.1312476233 -13.415739999 3.05506931585 -14.9138225098 -6.48864449626 -21.6250462151
POKE
18.4113280416 -5.05592735179 -18.1698110718 -19.823950076 -20.3465798605 20.8900519243 -16.0415211272 -8.01461601696 -2.88344286473 3.40165495771 -22.6320450072 -1.68695130048 -2.83807538006 17.6758503045 8.16969067889 0.533290250253 -24.8460720389 -33.6023429243 18.2971074058 -23.7803101065 -11.0760060582 -8.25403599018 13.1747467876 -5.45393385399 -0.473651715971 -19.3956726726
POOL
17.7003919778 21.329843781 8.53095192104 -23.4401061386 -39.0619576864 0.667244795852 -11.4206185337 -8.02270813858 -9.24276617071 -21.435551271 -9.01657550576 15.3406739088 -5.38147566375 17.7826803895 21.8298273808 12.7895139749 -19.2665186896 -52.8070618159 -2.17928837164 -9.83774247824 -6.27846487188 2.51007270048 -26.4305368722 -9.592412514 8.52149708845 -0.679314216875
PULL
17.4665902346 -12.4340185576 -6.82334408591 -32.3637517264 -18.2207280432 21.2892673147 -6.3218666433 15.2891351829 -9.01123335966 -0.921461914726 4.80737176339 -9.85486563085 0.288512766963 18.313121707 7.61838166797 8.26811453503 -44.4230504227 -25.1399213285 13.8272925444 -18.4187333358 15.3634918509 -21.7182705534 -5.86965570451 -6.1208827666 -9.34696810898 -4.29963611603
RICE
19.2711335064 -0.780287263929 -32.9482610109 1.58598261818 -22.8982842084 -13.6738480347 -6.23422886705 21.8909244623 -12.302845291 -11.437868342 -2.78536072814 -4.32626149917 0.770454057083 17.7497773096 -5.49103584667 -0.811719959706 10.1169797197 -47.0825607038 -12.2312958259 -9.38949160918 6.07585876812 -15.0493219841 6.05943201429 -18.423115166 -7.76433172555 -18.5301858671
RIP
19.0593353218 2.23843310894 -18.7295394399 -1.66356678076 -42.4464644704 -13.159721649 -29.2646864191 18.678835657 2.5920534329 -20.4033100458 4.94777513811 -11.7498737572 -5.79915496131 18.6583321596 8.57680645098 -17.820551309 -6.03020575785 -34.5496833285 -17.3522199354 -28.6138044856 19.5415899451 14.1037892856 -8.38859489115 -5.26373277675 -0.296744770566 -4.51208553053
SAIL
18.9247243523 -5.15679710699 -4.3327942747 -7.22864674926 -30.1423523468 -23.3220601425 -10.7515295903 13.7395234434 10.4516759896 -14.25857889 -9.08036191182 4.43949377612 -23.5203463225 18.5122701099 1.18582658415 -14.8290920925 8.04667343243 -45.0772897248 -12.7211101681 -15.109320032 25.6562051249 3.51448950417 -10.9120348688 2.48703226294 -7.82411858373 -20.5741689201
SELL
17.8799816993 1.73779969651 -4.40522736356 -9.6178830889 -27.6965895234 -11.5283497424 -28.6970462828 11.8981648613 19.6691611295 -16.8038370003 -10.3163895871 5.10635344483 -19.046654933 19.0507149653 -3.56778964844 -8.50839772486 -15.416829704 -24.8321409099 2.64604823773 -32.4756105226 29.5951990843 23.6774818982 -25.9690860383 -19.3607590417 3.45441257995 -18.7055258053
SOUR
19.1523349005 -5.51888065258 -30.7294128328 -10.6962875325 -19.0034500408 7.13609669068 -14.2648161769 13.8647193864 5.21259654173 -18.3548005551 -21.4343783358 -0.375104413859 4.43482461846 18.3264348495 10.1538112349 -36.0672277823 -22.7719228088 -18.5699265588 8.77487825163 4.86238344953 -3.65512574131 -16.1520130603 9.23848298833 -6.403582335 -19.2703529744 0.993459839712
SOUTH
19.4596578943 -2.12109470144 -24.0266121175 -21.1466674049 -17.7089453759 20.7886974772 -15.3834915287 13.5440575767 9.6200505814 -26.9635931695 -19.5265177098 8.82328754455 -4.54279202871 17.2067344272 0.300043971989 -18.1946969337 -32.2657274128 -19.8260483077 25.5596929865 -12.9079084258 1.28849464089 -6.34338960435 -10.2758103641 -13.5498634364 -6.33063168978 -5.56185812757
TAPE
19.5493516454 -11.1879829463 -0.81748947335 9.73998144593 -54.2342259882 -8.88934224209 -8.17746598668 -2.10006276028 -8.68369234718 10.5653197346 -6.43000063169 -6.84666660231 -8.77324477117 18.6545249786 -12.3333051958 8.38441021754 20.172073875 -46.3072782382 -11.9760122079 -18.0462094439 -13.3569739429 -12.1881256869 10.3937257133 -14.8457529421 5.54458591692 -7.93831170169
TOOL
16.5603395474 15.8100008525 2.2907485234 -9.88649808507 -25.4210113447 0.0667943590072 -23.4113549716 -26.3630551203 -10.6729589589 -3.06253789173 5.89845816993 4.99932349253 0.618563844568 16.4318538123 16.5654055649 10.6741473395 -21.3508128328 -39.6509456416 0.224212003125 -9.4458100528 -14.3340957614 -12.2442562276 -20.7219801507 -1.46718884917 13.8857961632 2.50742706295
TOWN
19.0579011506 -0.00958749614748 -28.3978795544 -1.99419314123 -13.4676666783 2.25797008165 -13.6030600788 1.11120901425 -3.62793566306 -18.0505605923 -11.7390115713 -2.68598361501 -9.55906271841 18.5004160333 -2.13370332683 -27.6879648219 -15.0303827235 -23.6380010222 24.2353074506 -26.200993154 2.40638058448 4.80600049807 -2.87795126576 -6.09958009779 -22.346496867 0.923606282034
TUBE
17.0612924205 10.0807294864 -4.59624517761 3.42304108734 -15.1869118416 -15.9356899313 -39.7350209347 -6.73346827893 -13.3037445927 11.3886883539 -10.4523010191 -6.84573523889 4.54612980824 14.4576442905 10.253444157 16.0561752343 -0.591401012884 -6.2168988029 -3.40140674585 -16.5778468709 -25.3788907557 -20.7421704506 -6.7724521298 -7.71595940979 -3.89257231882 -6.32861377515
VOICE
17.8998776441 12.7034890895 -3.76297895544 -26.3018158337 -39.9065768661 11.2120040648 -6.13924892192 -3.3021473744 -4.47186200997 -2.36358812891 -7.25284612085 -4.23469399804 -16.425029975 17.8723942338 0.880050455176 -8.62217099247 6.98601051951 -30.2508369555 -16.5827284741 -20.4099892866 -8.07273564626 -6.46477881713 11.1308283044 -5.49948080185 -10.7889346732 -3.44059180123
VOID
18.1009969283 13.9052722879 -1.88678092015 -29.4552701003 -38.9831283239 16.4597567376 -3.95474883669 0.332930487101 -10.405604182 -6.79025355313 -7.74165538686 9.30403093614 -11.2519233037 18.1011445314 4.86795465064 -16.4386746428 -1.47429266487 -28.2170290786 -1.51470410939 -15.928549691 -8.10800584317 1.82273280392 5.11339181079 -11.7320909967 -8.82233617495 -15.4519362822
WALK
18.7980434641 7.16727855823 -12.601186349 -34.2126259458 -36.0668793511 38.2147727255 -7.55967732669 11.5901079663 -10.4732346183 -16.4924591022 1.53403359734 -8.37421776881 -11.2564521625 18.5775991297 1.68943115776 -26.3932220818 -28.5260637033 -10.82230591 28.0079033391 -3.16872426155 -9.26418620294 -21.1884537265 3.25674388954 -12.9381676684 -9.59097680724 -4.49281979655
WALL
18.3351576728 7.09128799932 -5.26021363487 -41.4218885143 -42.91203477 25.5479543904 -12.0494975412 27.9405519751 -18.6549524047 -14.9206513981 -4.55679751474 -8.27616480176 1.14482158107 18.1338635102 12.8099687652 -5.74981930844 -37.6088091209 -29.0633300245 22.7283037109 -1.15461635145 25.6663821014 -18.6724651576 -13.8062979231 -5.9050031478 -5.93059496415 5.25547347395
WET
19.5588863103 -2.80451723414 -15.0387753899 -9.46453876011 -30.9793280633 7.80909993798 -15.6287530221 28.9458486869 3.87548903309 -27.4754235316 -22.6832348126 6.90752775123 -4.12204490265 19.3667884663 -1.18732831847 -11.4575410737 -11.0285617458 -40.1067133043 1.2547508045 -10.5154947708 30.932928938 -0.803099676364 -26.7826913795 -8.5532862225 7.83244377186 -18.1519908556
WOOL
16.4976698913 9.81896690097 15.1783004473 -35.4941675653 -42.705619056 -3.76564438861 -21.6031429542 24.217732307 -9.48562969638 -1.96083808478 -2.65974024114 -14.9776808363 4.28464569395 16.885681431 10.2146098431 15.1965954869 -37.8220268089 -47.7441154718 1.14541953132 -21.6903381116 25.6338522079 -10.0011738757 -8.70879361186 -0.648687800058 -13.2871757066 5.22364374781
WRONG
18.6501940791 7.40544474567 -24.6414880904 -27.458520991 -15.7920698013 25.4545305777 -1.96087269349 -8.68086502676 -3.96385517644 -0.551460182916 -0.997562923988 -9.60649459498 -5.84052283635 18.0748458003 9.71289849022 -21.663616803 -30.3231272707 -15.563835581 23.3091012004 -6.99348478263 -6.30935664653 -14.7576774081 -0.658882926947 3.24464733473 -17.472758786 -5.45097533196
