HAD
18.9844662141 -6.53801800062 -20.293872111 -20.9794967626 -25.8014658589 7.86028448055 -10.7706296262 21.0177072612 -17.9980895984 -12.7441991673 -29.099408254 19.3483393333 -1.49332905743 17.0530758047 -10.5372331099 -13.8681937044 -13.4078331379 -24.5046368494 -14.1205085681 -10.4645930148 21.1746108047 -9.33798140294 -16.5556184272 -22.5384961159 9.66965843177 -14.8707011083
HAYED
16.9728322337 -16.7359488947 5.3556817423 3.14673742284 -46.6568662784 -8.8807665971 -3.01847274443 -3.8460358957 -14.2152433406 14.2795973272 -9.61425441341 1.5300243432 -0.895710130037 17.2815495365 -10.1380980066 17.74499609 10.7447450606 -45.4594690545 -16.6721715944 -17.4791669131 -13.9999259872 -16.7387190256 20.6759847391 -8.83157910689 13.7270134672 -5.30412305103
HEAD
19.2610556589 -8.70022038887 -5.67319644131 -8.28967195817 -38.8651607775 -16.4009391515 -4.4796039004 31.2769171162 -12.025720601 3.46065740065 -10.9487672479 -3.11762389444 -26.821990637 17.1101322849 -9.97896298398 0.595181824569 -4.29021941603 -32.1184533094 -24.3437561437 -12.8670850388 18.082486598 -10.816431118 0.618541320225 -12.5729494837 -0.839433313136 -28.9783774104
HEED
18.684342034 -13.4953669396 36.6252423902 11.4451802589 -37.5845408677 11.7297366564 -39.4105361253 -10.6893881124 -31.4983951416 1.75696636951 -28.7564214711 -0.914732830321 -2.8138596572 17.1039778891 -11.5305905112 23.0365010976 9.57082308528 -35.5814557922 -10.5989908357 -32.9696092929 -6.76962797828 -32.3227390385 6.25419412782 -18.4696629103 8.88018888948 -11.5388509061
HID
18.8478127298 -10.9181412222 9.54789536424 4.20141965203 -46.4638504624 -28.834701259 -14.0443342855 0.943443729669 -7.21973403749 6.09611332282 4.3414212216 0.983720757287 -19.7332427829 18.2929600598 -9.10336671419 5.52804783307 -0.962327452371 -39.1410361267 -26.8549111166 -28.9050495823 16.1568970362 -15.4489867327 9.10148824128 1.27211110268 7.57301746766 -17.1143034298
HOD
19.2365269006 -9.31436684013 -22.2053504752 -25.8762886518 -8.6530641576 25.8020183831 -15.0345606807 -2.81508760587 -1.34466462642 -10.1172515448 -26.4392302525 3.80031332115 1.234054514 18.3353892625 -8.7760070049 -20.8786146487 -17.2685798179 -16.9934566945 -0.283702806413 -9.57080832876 16.7554371364 -6.56427316181 -14.8930836629 -30.9233125722 14.4457954125 0.151885738019
HOED
16.5881278024 -5.39186620514 -11.6096287163 -23.0832302574 -20.7919420623 13.1426389309 -22.282021725 -6.22646176354 -9.16486998816 22.7386350296 -7.30255043176 -11.4960031728 -7.4464002531 17.284709862 1.58556761424 -0.656243855113 -16.8292611105 -26.3634425032 0.308400105661 -37.1723867914 -9.85298378089 -20.5406290586 34.4356950318 -0.921042784822 -2.96768773723 -3.62956294732
HOOD
18.7382330949 -1.3887020334 -13.4268730412 -19.4407609845 -34.3873338442 8.27242879058 -43.4641929579 3.52816178885 3.78311644502 29.2395803322 -25.8808271484 -3.96406011949 -7.8511788535 18.2765252523 -2.88291180572 -11.7536550429 -6.92724607238 -32.0665044365 -9.87521708945 -43.7192707095 16.8122760629 7.80802616004 18.0668030277 -18.9688609169 7.65076370246 -3.32822352494
HUD
15.8306074327 -11.8840553859 -19.445718369 -26.7311970612 -12.3547937815 26.809954507 -7.57388369481 -7.92416384536 7.18924043958 -12.1070940238 -9.64967584879 9.50795189551 -6.17047591884 18.7945761171 -1.9803902309 -11.9734141165 -30.6188923618 -26.7879252495 10.4984434579 -23.5938782481 0.669240498592 17.2217378924 3.84594206727 -28.381358074 -0.196757508537 -6.69230106762
WHO'D
17.9642325773 1.19744347106 2.78294703682 -9.98867336607 -15.4222238444 2.84903757487 -47.2742171372 -19.5058955862 -31.7047534106 28.5248646984 -20.2418884049 -6.30137006559 4.43371760089 17.2812304401 -0.00766755434859 7.00900255388 -8.62043165604 -16.8100616688 0.526673697973 -44.73850479 -19.8502693053 -28.3283874266 30.4119015956 -21.0379352178 -4.75547593115 1.37719442302
