HAD
16.8254623731 -6.18771727022 -36.8262618173 -4.35146728887 -22.6329007692 0.323967507982 16.3143374258 6.79017111958 -6.5278082515 -16.0869321299 -9.8345505915 12.0447295034 1.09105790422 18.4863381693 2.71391634587 -43.7905195444 -4.21256727694 -24.30877236 -4.45939200473 3.46363580014 1.82257095484 -0.924730089068 -12.4577131589 -18.9639828551 6.64363837041 4.40196222622
HAYED
19.0360356842 -3.95115867677 -11.8398754265 18.2397049947 -57.8666344357 -21.6991000544 -14.0869384338 3.82619316239 -2.00059106901 4.15961169151 14.9702918466 -2.38826349379 -13.266720777 17.663252213 -5.47452653323 4.45789813806 24.7016108713 -49.3254034521 -16.8133345242 -17.3139882184 -11.7259838759 -16.1495256098 7.50215167678 7.68972475885 -8.62856693298 -0.221828449272
HEAD
16.8968357982 -17.8147123761 -17.8132257897 -6.91505952203 -30.340071031 -5.32065757168 0.146370502417 13.3235241995 10.5580941842 -20.428628007 -5.01888881009 16.4222326281 -10.4708930216 18.9602371271 2.06657694761 -25.2881863218 -2.20732929073 -37.6810450132 -8.03812860248 -17.2942638107 15.2281697618 22.1046567246 -17.037139415 -10.5178256977 8.81350836583 -12.9294514214
HEED
18.6246349825 -11.3986052773 23.3679756853 25.5125471051 -48.0126157358 2.11797302794 -22.8871730715 -2.72048968132 -23.4788832251 -14.1483042472 -10.1766937757 -26.6801458564 -4.50908096006 16.9378844035 0.129751833421 21.4532157223 24.6207937873 -42.5090553906 2.80275969935 -12.8220969167 -1.20716224156 -18.7256452217 -14.2620409596 -12.11765063 -29.7893942896 -5.18074505716
HID
16.0285775796 -18.9831417558 -2.22048704558 7.19834187242 -33.4626725601 -18.7168549096 -3.35694409617 -0.363547798554 1.99019012174 -4.71041006132 6.98224038487 -0.454365466728 -10.9031563132 18.8181026126 -3.86345799759 -7.97320688584 11.7982790816 -46.828897929 -21.1368812755 -23.6992423879 10.0022837728 3.48114615791 4.89021157264 7.8078805287 15.0250491013 -22.2399599549
HOD
18.1301134335 5.99277195365 -5.22081846727 -11.1207486845 -33.3799792579 1.37913130007 -47.249855216 -9.93024666186 16.1212586747 29.0593972959 -10.3409785747 -2.35296270983 -2.93199008276 18.3000973581 4.713868352 -11.9940720194 -4.18561160969 -28.1976103587 -9.79162779595 -47.3029343116 -1.65808535075 9.29971781035 22.5371167363 -15.8530527668 7.8833037267 6.22481093307
HOED
18.578916383 9.45308358858 -14.8236163996 -16.1208546931 -32.5194757185 5.99611740716 -31.4873632138 -13.6156603689 12.6259234101 33.1440366733 -5.32218783212 -5.92843491487 -5.33223538726 15.3994411791 13.2946405662 1.82380700189 -9.28181748578 -25.0171338808 -6.73214122981 -23.6486600304 -27.9213141789 -10.8437430218 11.6768997897 11.2572420474 -3.45758089387 -1.35531845954
HOOD
19.0353421746 -0.795548422576 -19.7597457069 -2.89255711192 -29.7209815079 -11.9779044478 -33.5876738197 -7.0327435657 21.8687736257 14.9182428334 -16.2194368108 -4.67255321602 6.40875629977 18.8501674773 -2.14492223091 -17.198900844 -4.48133093572 -30.9631160392 -17.7714701044 -33.7469535153 5.85144211069 23.5228167248 12.5428592781 -21.5817015968 8.01964711013 8.03503685646
HUD
19.1318825403 3.41247874879 -34.4715952859 -12.6171963221 -36.8328502533 9.29811203529 -11.6164455704 -13.195373195 23.763593137 -0.0482225718339 -23.6723959561 -4.04397245703 -1.89860802662 18.6108533042 3.04354098211 -29.5974363527 -2.97333424537 -39.6228091488 -4.8249794378 -25.269246986 1.81969960454 23.7583687492 0.245633795346 -18.1830553186 0.658899310055 1.17185387681
WHO'D
17.5809081988 6.79597075805 -8.10365248137 16.8449035002 -19.4624625582 -21.8309532246 -48.5112894806 -1.35083878132 -8.3958996315 0.0993458281282 0.459325663337 -7.91823122124 -0.367750561486 16.5064160249 9.25754958141 -3.19096916336 15.054490854 -10.3389557147 -20.710974172 -36.2308325678 -5.58640354248 -7.71303566248 -1.96469313048 -2.11399747546 -19.3163158188 -5.91214279441
