BEAN
18.5963093371 -3.53987862526 -2.20399320605 24.2865077456 -55.2069289946 -14.4984880205 -20.3420673147 -8.04069266054 -26.2752721281 14.3910791346 3.12361812361 -6.14441138369 8.05315337405 16.8921387349 6.89354915349 0.517043435541 -2.20393339233 -43.338672412 0.81454824409 -24.692973307 -23.3607340762 -18.9173969433 22.9036252746 -8.15725125682 -10.1301260048 7.26260023329
BITE
18.9082538845 14.6129294636 -27.0701599764 -19.3173861352 -21.2131039486 -15.6173212672 -3.60878864322 10.0490003197 5.37600923042 5.78627048378 -21.5867422823 -7.83533114313 2.61497487062 16.5741481272 5.96915267759 3.79269164387 8.17452240811 -44.287167092 -33.1312574801 -4.41113879312 -1.46208006529 -17.1189383402 8.03235513538 2.77116209978 3.61293590178 -14.2209648486
BOAT
18.6867932647 5.35510218234 -22.1246731146 -15.8701290938 -42.9955810553 4.8859966911 -23.4420500028 -6.12843021788 0.0315524854699 36.1124841343 -6.08779913705 -23.4955968325 0.215599371406 17.3011349648 10.332633506 -12.7999100581 -5.51960377887 -37.4824870886 -0.0438866222249 -31.1821414606 -21.1748658449 -1.60650866094 29.3216846719 9.9932437272 -12.5002750616 8.9633937227
BOIL
18.1195167435 16.3201688897 -10.3544137484 -35.8043283944 -43.1376895838 4.19801635853 -7.7218015327 5.79640081429 -9.5974754808 5.60736123571 9.2592003955 -5.84953910739 0.639882896433 18.1275691029 9.45247897237 -25.6692095129 -9.41471837788 -27.8753453311 -10.8922355323 -23.0966630593 14.6495931061 -0.483292622049 24.5360258408 -9.37577758146 -21.4748644033 9.77061442865
BULL
18.3749563056 18.5544121328 -4.23845420411 -36.1524862023 -39.1123301447 -1.63486043887 6.09673509023 -9.77285341941 -16.2303102228 23.5281334844 1.27026937143 17.3712215203 -2.65843875023 18.3768609645 17.6344530616 -4.8112074358 -36.2724139025 -38.998302893 1.93245461295 5.6245202167 -14.7512834036 -11.1785788847 9.41633431499 2.29734472112 17.6065225385 -10.9958374816
CAB
17.5227615223 -6.85554193736 -12.1495832715 1.19165694943 -37.4304951201 -16.5545455417 4.63600830609 9.22439051689 -6.80525072399 2.31634956727 -11.5082728146 5.40163934755 -18.7719490112 18.5298733906 6.00037136616 -23.6802098019 -8.37338521675 -31.2430551019 -10.9035825 -8.56540798196 23.4273795266 -9.74333165349 2.34890256754 -25.4133596192 7.91534912173 -3.54201797541
CALM
14.9856381742 -5.72418137762 -18.4900198542 -14.0620997842 -4.42915778582 1.57013637101 -14.4991646856 2.26121175952 -13.051595312 14.7738718849 -19.2930471549 -10.3385256571 -0.171134187653 19.3715671043 12.4039359381 -36.2812652769 -25.0107355893 -30.211954332 17.2666186969 -10.1113873365 -5.77302774488 -11.8746905418 16.4147020594 -3.33296647649 -29.9494692187 6.71590480777
CAUGHT
18.3511385106 8.40933522292 -25.3016854848 -22.047044427 -20.3668305528 2.6328812479 -3.1114697207 -17.944476475 -5.04127180168 11.3356859455 -15.060177601 -13.0968190399 7.08930476549 18.7164584294 7.7871402619 -32.2408659969 -19.5974815257 -27.553187172 4.0034211483 -13.2696610652 -8.20439223698 1.86584499512 5.70760209886 -19.5468319712 -13.3701370128 7.55327650464
COAL
18.4087341526 11.2397090256 -13.566075637 -19.9625933331 -59.4999165427 18.0183247139 -3.72607935808 -10.0057425206 -1.00241490926 7.12571710146 6.55249581485 4.17533666308 3.65433471152 14.0451298692 7.01002223183 -4.90921260726 -21.1870462547 -16.7862020195 7.86774271333 -8.76828770444 0.186315604164 -7.00740194178 -11.0255931835 8.52853851429 -1.16552009446 -3.61473642045
CODE
18.0094232297 10.997524593 -23.3396948187 -11.3439560621 -25.8017535214 -12.1536594537 -22.3561712249 5.10280288091 3.95613227465 26.6469333494 -17.7759653736 -13.8523054809 7.65142187979 17.6682293179 10.7038509756 -17.6419099803 -8.58146109857 -32.4334554772 -6.12221085584 -35.7328999436 -11.6180721847 -2.81184119214 30.0221222963 -4.38487531921 -13.9242128477 8.868953888
COIN
18.208327739 17.9782062778 -14.5496892187 -35.8277661762 -35.1360806535 6.65525188857 -18.0955164441 2.38154983996 -11.9459169425 -4.49892222051 16.2549492306 -5.36073987633 -1.68847777003 17.7740329377 11.2990483838 -22.2717107997 -10.9099157661 -28.1320692334 -7.85654227136 -36.4435108124 1.67508418335 3.92324303066 -8.40011066196 14.5240939687 -5.47361140968 -8.89435267553
CON
17.169609515 4.24181871295 -28.5976218828 -16.0290201287 -14.7924574204 2.3202253102 -24.0465204802 1.62173194764 5.44697354834 -13.6414688173 0.844344665433 -11.3229894339 2.12575955943 18.3844098571 13.5258425394 -28.7976168184 -20.4532815997 -16.5505660942 1.65019808233 -37.090154856 1.85352226576 12.3700084071 -14.3186454781 5.13438176498 -11.44003105 -4.05489491274
COOL
18.0106187631 17.9043833715 -7.26698138662 -20.3483698219 -38.6753028966 5.39310837527 -10.5041448503 -12.5077266405 -25.5149866281 18.7569821563 6.68242866021 7.00408114216 6.06690224621 18.3369608089 15.8760701797 -4.28384064317 -21.8638295521 -49.9866914951 8.00865574814 -9.2405395139 -6.03903896839 -25.0310252852 15.2783462237 -1.49710649499 11.6225772468 9.84528891668
COT
19.2884224139 8.94598921383 -37.3513596179 -7.57669049674 -20.2305336309 -10.1610622308 -8.54681338352 8.94342318923 -7.60840512015 -6.14554430366 -16.9237576852 -9.73438235085 12.67130471 16.0526405263 0.39333815292 -24.6381980483 -7.92078766422 -14.8114411403 -12.8760135437 -19.4289438485 0.399560875686 -0.852987751228 -14.21962572 -14.9001586813 6.45155611958 1.92940501038
COUGH
18.5233742587 10.8216848504 -27.5900056553 -22.3923954675 -27.1493711876 5.26262969657 -14.0472061344 -2.8931815305 -16.50401705 19.9201399639 -13.4951725232 -26.8205109559 5.82961264227 18.7781030876 15.0420614626 -26.7673867468 -21.9891319099 -32.3259422575 13.4164101968 -8.6392982499 -8.51656014646 -13.8954244797 16.9089290256 1.42933761292 -33.5501141669 7.85235564762
DEATH
18.5461002971 10.920231999 -18.3304118026 -7.49660735677 -37.3811338526 -15.8490965867 -10.5709712375 13.2151437179 10.1443792631 -5.75892003178 -16.0887164097 14.2794343276 -21.7054107579 15.5834712928 -11.671119431 -10.1729512012 -3.27028779043 -14.9556802367 -6.67122334666 -3.66991417773 9.50819875694 0.442408095999 -6.47623426807 -14.6560953116 12.2999328632 -12.3707863483
DIG
17.884792198 6.327066781 -7.27494395741 3.1616519977 -32.0636341952 -36.0843347717 -23.1669244274 11.9099440146 -14.5309513215 8.88988948458 4.61790223257 15.219640086 -19.9913991909 18.0080348045 0.576760265557 -6.74273577069 16.7386013498 -39.9903132226 -34.8126163245 -10.0550742335 1.37480384755 -21.6372242563 20.9903586825 -1.66441911654 11.2111303552 -12.7263008383
DIME
18.9935304129 8.60243334992 -37.4033441263 -9.90615102376 -26.0724093571 -4.61774181637 -11.9846081112 1.90681039324 20.0388636628 -15.3575611417 -23.3674062267 3.95318639488 -8.93693376705 17.2584004565 13.7818981288 -28.6540389711 -18.167151115 -21.0014621529 0.851598609578 -35.5537474274 10.2268338602 13.9891122263 -31.2364180357 4.65005578887 -3.22929134841 -12.1742295092
DOCK
18.8985642251 7.42596684019 -32.5485401595 -14.8694139922 -24.9528870962 -0.693271206879 -5.32213010579 3.97449258964 9.71705333631 -5.73623477237 -27.8751668664 5.65325352217 3.47287818389 17.2705205341 5.8856880189 -28.2990733047 -5.95044744398 -13.101374312 -13.4422931882 -5.18074302118 6.95695478253 -9.3218545946 -7.78249315396 -20.9560334584 -1.7011817647 4.74922705302
DOLL
18.7155374874 16.0867889321 -29.9542918156 -25.7331360552 -20.8168033238 0.466232531752 0.507783415894 -12.4490576896 13.3846460355 9.9617616933 -20.7481980325 -5.90994679707 -4.38408151742 18.3566779215 15.7628878316 -26.1329933293 -28.771055361 -36.8761683391 16.0485451559 6.59154420627 -17.8900581591 -2.39134378653 2.17540801984 0.0711823569099 -10.2970147198 -5.98725992444
DOUBT
19.0115889798 11.8487397611 -36.8949074186 -8.75410769607 -19.6102649907 -14.7791371835 -7.66122635025 18.7926476205 9.39155014303 -1.15678709466 -21.8406698667 -6.19851632872 6.27530448334 15.2194579547 12.7817440071 -15.215796939 -16.5595885185 -25.5973259016 -3.66317266934 -16.6133989024 -26.9425474582 -1.63001066184 8.44012544821 4.18935968941 -8.85502843317 -10.0971556725
DULL
18.7563192411 14.7568859418 -14.3526744087 -19.6321990844 -36.5061992029 6.81320458618 -24.1234805967 7.87993917578 16.3193085647 19.4039333945 -20.9990667406 -7.89775025994 3.85968874386 18.7002817218 15.5286190347 -16.8783931649 -26.1829976559 -35.5621240866 5.18637565189 -20.1941740636 0.0296712418477 11.9215157971 21.3337460354 -17.5892728893 -11.0012345564 0.726329123643
FADE
18.3064749636 7.80236036172 -16.4518711858 2.86835661195 -45.6297247512 -23.3426093421 -9.12311723092 17.4338419793 5.78573131525 1.57093988396 -2.1575643987 1.36687657365 -22.2206710639 17.6635207088 -0.738041776021 0.402355637647 8.01787085643 -46.6956325772 -27.1094415582 -16.6273596915 3.50683895757 -18.9516549323 22.5919343222 -3.88759922426 12.1171328002 -17.2757720939
FAIL
17.9567414908 1.89016190962 -10.0922890697 1.18365162488 -42.273358089 -37.09740992 -10.7068579436 15.3959039342 -7.48773995976 4.90218400265 -11.8824400561 11.0848125719 -21.8830421134 18.1443057072 1.73910284454 -10.9436373047 0.974941282867 -43.0260334192 -34.5441663278 -8.56443364649 23.7481015118 -11.8072049354 3.1575402119 -9.6661410476 1.47226824121 -12.5273097673
FEED
17.919840213 -8.57982120971 12.7492808243 19.4995103532 -49.3786514457 -16.4124957664 -22.9658149769 -11.5316817269 -28.2869513406 8.89148959425 -4.55244315269 -3.86216479601 -0.963104873431 18.3571282282 -7.76314859604 16.3856006783 18.8875950015 -46.8093294749 -19.7258232097 -18.5099840217 -16.0022263847 -21.4866410494 10.5878747621 -6.81902052299 -3.33247510793 1.55776874473
FELL
18.6298079063 13.8701018605 -21.0588111291 -13.3695629094 -33.1334482576 -7.77101152456 -6.19629707661 7.90691352172 13.0095609766 4.92732446839 -30.570054101 0.0859741436333 5.81099356305 18.403556187 9.81663712078 -23.5453936026 -12.9841710719 -34.2111867648 -1.89557666995 -11.0511878534 10.6415406833 6.54265719416 0.512589180413 -25.73761659 -7.91463366657 12.5098950175
FIRE
18.7960349139 16.1217688935 -36.924434299 -24.4319536775 -20.4781837251 -0.652109040238 -1.78805500611 -4.5220098566 9.66735277975 10.1379856779 -28.8850341101 -14.040332572 11.1191980848 18.1158427903 11.747236505 -29.4321661259 -6.70545167195 -26.9872345469 -16.6349887308 -7.2399856975 17.913794307 5.09508201831 -3.26335076976 -19.1633480324 -1.50432839354 -1.10383952069
FOOL
17.7272444702 17.4932263928 -4.37928196889 -30.0443437077 -36.5629866777 -7.16162743961 -13.9678063906 -7.40238410068 -24.6834563925 6.54745148803 2.94526886998 4.97520340191 8.54020807853 18.1395467806 19.8788689698 -2.51969473807 -28.5320987657 -36.6823455853 -7.34750834058 -10.9451053572 -2.63797960793 -21.2211276557 12.5619891986 -2.26298483444 8.94691638888 15.4402791473
FOUL
18.8632958147 6.47041692538 -34.3760228751 -12.0703179432 -34.2068884269 6.20021576704 -12.4371639093 10.4875059341 5.75281659275 1.07145679476 -27.6065949021 -10.5645966018 20.5254652462 18.0992013023 13.1408751926 -27.1298791683 -23.7538740779 -39.7257757398 13.4137405005 -7.05999370868 -11.5176221173 -0.698670025805 7.38385607243 1.47695701369 -21.1122043744 3.39330296354
FULL
18.4155223748 23.2224478788 -15.1785516905 -35.8809097008 -31.1494836144 -3.10582821177 6.65584043789 -9.08698756685 -8.18979720628 11.8134259835 10.472315265 0.613878104042 -5.16863790356 19.045306271 23.4868806944 -13.7284014928 -31.3381129277 -34.2980811841 1.93852885623 1.52730268904 -4.42844764833 -2.40035242204 -0.341401636076 8.43112947425 0.678499093621 -0.433140799628
GAP
19.8908541046 -4.09717674333 -25.185919037 4.29407580066 -39.2782814771 -14.7704990451 -7.95108427988 34.824675488 -11.2024668693 5.71004555512 -17.1477569865 7.1532785447 -15.5252260299 18.0629760313 6.47524875415 -28.7620622182 -11.7099635835 -26.6040319104 -14.1430446965 -2.79923461616 21.5676015214 -3.56158536276 -8.21519383372 -21.3774513492 6.4002540666 3.73797128528
GUIDE
18.4435931746 10.2119508596 -29.8758868374 -13.5025628101 -28.0757370749 -9.78608676512 -9.9185331436 21.7256176199 -0.411103844141 -8.89608921627 -20.4529890192 -5.08400117254 7.85109899479 17.3517272757 7.25338011141 -16.7704050129 0.189400601705 -29.8915680968 -25.6004630609 -14.2784322582 15.2672884134 -8.38571279817 -5.3843232822 -14.8251618371 13.4678836803 -13.151575007
HEAD
16.9626024773 1.55319642324 -17.9264704347 -0.925535125018 -35.0349881599 -21.3047766473 -3.70340566565 21.937350378 -5.72555338579 -3.56618029069 -5.21601257699 8.83567250374 -23.0662717114 16.9420442064 10.1731404133 -12.4310935717 -10.041262671 -26.2411111551 -21.1433007301 -14.1588778191 9.96959488161 4.75754349937 -1.13221976423 -11.6068297814 17.976723459 -22.7333138907
HEAL
17.2401362842 -0.528667917676 13.9660750115 17.4313135686 -49.0175264389 -12.1497293192 -30.2262745218 -9.71707804682 -27.6284332008 2.81176568303 -1.57981059102 -13.2009158575 6.70373254555 17.9166361887 5.07977481971 -1.16368986875 7.20088071076 -42.4057064096 -20.5977071426 -30.2214748424 4.38900866184 -10.7104245063 5.77716216645 6.80792201693 -1.94998264006 3.82390564498
HILL
18.1779743528 2.4265256638 -20.6615061608 8.66149705215 -37.537234332 -27.1940295871 -20.1242141485 16.3782292241 6.09057908051 -3.74504533099 -1.07860227726 6.60908067537 -10.776469827 18.5362157653 8.37354901877 -26.9469882812 5.35972066564 -37.2394784246 -23.1842108508 -21.7597395219 13.9883388877 12.9859793518 -2.62078680188 -7.89744860482 -1.4471656206 -1.96026063224
HOME
18.5504836324 16.5300006875 -23.2328877485 -29.4153723941 -25.8928348028 3.7323142106 -18.5081593703 -6.40114203833 -12.5972165844 11.2048910067 4.45213069287 -13.3924185831 -6.35467961059 16.3886553753 11.6233424537 -2.85324905803 -14.2481275523 -21.6381601587 4.66501288932 -29.1612213415 -11.310148647 -21.2991451968 -7.06428308117 6.07307440135 1.65516811168 0.706051735029
KEEP
17.8398700168 1.27129079333 17.7476864976 13.8128184419 -50.7772147221 -5.13594976835 -29.6681672661 -14.3584763537 -23.6339580927 -0.761650290477 1.00721920253 -7.87573309627 7.6124693972 16.5728964426 2.77253487884 9.72816642394 12.3304293798 -33.2294306361 -17.777973295 -19.9669792012 -12.9976445044 -28.7116430672 3.43585313833 -5.67015259167 -5.59017487822 7.69936279585
LIT
18.623275287 4.9926493398 -18.7054658524 -1.98537697131 -35.5406161851 -15.7876929033 -24.6063291019 9.88008239822 5.66202512504 11.5905622843 -22.1603198912 8.78485315101 -12.2179536139 17.7967133889 3.33143752096 -7.3371059358 0.963067043774 -31.6711942332 -30.193504326 -22.9835818298 5.07136563886 2.45416581119 3.42382442181 -10.4155048748 30.7083419471 -27.4771918639
LOUD
18.8333454681 8.89229116485 -35.4143352295 -20.2124410608 -18.1478525059 -0.145812609626 -11.5011054627 17.2347301114 2.51529632755 3.71275595273 -34.2130237311 -5.20748108445 14.5156044341 17.4784170826 7.88702099335 -34.1454788148 -4.27439204232 -29.3690361127 0.353659922765 -17.0457154384 1.6123083293 8.15675518009 2.38317550546 -21.5946462911 -12.7525884647 18.0277661963
LOVE
18.8405131288 5.42467063882 -22.8758116827 -22.4201884566 -38.6286497646 13.9666619562 -19.2303972737 -6.22177108669 8.43698126797 24.9940836226 -23.4017451076 -13.8132326951 -6.85603515078 16.7566674582 10.6283832104 -12.7878209043 -14.8509268729 -27.4975571869 2.25255123546 -21.0428126733 -10.7193033099 11.6067777077 22.0673503537 -17.3738566961 -12.038533626 0.802754315975
LUCK
18.6439444685 14.6870331573 -19.9348424088 -26.3864198464 -28.0550897171 7.09694760728 -9.92196403888 -3.66436126004 10.8168036186 13.2562067124 -24.8632325873 -10.2582837605 4.05451398811 16.3676433836 5.03187398215 -18.4948208078 -8.95016433106 -19.0963920448 -7.01149576413 -12.9597247807 2.91456788629 -5.1672452106 2.14800004227 -25.2877419281 -6.83721180732 9.00827045919
LULL
18.4212504463 11.255780706 -9.67435101356 -38.5838812381 -53.1485614491 25.9103524562 -18.7253109879 1.94460299053 -10.6244194498 21.5578262109 2.29234686571 -3.53651391015 -8.24565546511 18.5401350932 14.1898285099 -8.75788856431 -33.6907410393 -41.3098040255 23.1137703283 -14.5946256016 6.68433884836 -12.2537611924 22.9254899696 2.49912439719 -2.36005403823 -7.83842605598
LUNG
18.7230330526 13.0955535463 -19.3973666558 -31.428803312 -31.0407300572 23.6498314469 -28.8518396485 -0.923646149639 2.77819773809 8.29108286192 -6.89507703549 -21.5703775143 1.39381738371 18.0131705275 9.47205754306 -19.7171364401 -18.8087050271 -24.0050923609 4.26080210872 -39.6661126428 2.03780889683 0.176460851918 11.7132742384 -9.88255513348 -12.070915843 1.58984784114
MAIN
18.1077767973 5.45540540086 -16.3973745302 -4.53710188927 -46.0089859256 -7.78601991016 -19.1553513512 21.2630647707 -23.8776868926 1.55608666508 6.37685271657 -2.33342598179 -14.4269382701 17.9946852325 0.783867184552 -2.2810465194 4.52567437305 -56.8133028907 -9.19618236798 -11.2436313496 -2.50822434099 -22.0100889236 22.0644569248 5.53919313371 -1.79369681103 -12.0330404236
MATH
18.6355604257 4.07909238998 -21.4021268726 -5.67736632693 -29.496753249 -10.7567879329 -24.3398536155 25.4772224367 -5.41509499405 -21.7735913586 -14.4409535716 14.0721486907 -11.5274800744 16.9215491817 1.88139053495 -18.6104351362 -10.2863558466 -18.4515973842 -11.71848914 -15.8441538835 14.5436343469 -1.67335296256 -13.8088001532 -14.5977061532 13.7418867229 -10.4202523772
MEAL
16.9181727446 2.30524554923 3.34887810877 11.3290612688 -51.4140080735 -20.0829862773 -7.39176723117 -10.310720348 -28.5578743061 15.3015671273 9.07159789457 -10.2617402104 -9.26254508095 17.85853925 4.19812435719 -8.0881966282 6.61708184566 -45.0141197093 -23.1303994324 -14.0499591663 6.58425634336 -24.7093617412 6.40539826865 9.38578465734 -5.07187207409 -10.9568880204
MILE
18.6780612074 13.3086918882 -32.5929231738 -31.0612646046 -13.4682639001 5.416321647 -22.7411486465 0.321161961959 2.71415214911 -2.32135081781 -19.457420324 -3.9329735714 -0.965506162199 17.7228063924 9.5379475846 -32.8519801779 -7.77333849323 -26.1595611124 -12.5878553555 -19.1261511309 7.67170096619 -2.35514650507 -3.28689301004 -16.7940234551 -1.93195549717 3.29085530475
MILL
18.1243838105 9.62487356689 -22.6241645529 3.05740894939 -31.495015734 -23.2344742364 -20.2695561243 10.863740747 -0.550129500944 -4.83994954171 0.656829152513 11.7069718555 -3.5019368609 18.1401659152 9.85764061189 -26.4803384854 -1.5096209811 -27.622210398 -23.2673068917 -22.0780653158 10.6741970964 3.53939147787 -7.52637170162 -9.56378305254 12.152983294 -7.34747846435
MOB
17.7079464519 13.0273239992 -23.404409436 -28.1342289388 -26.4842749389 12.8137731439 -9.95235016647 -10.0677597219 8.1437841295 -8.71299099785 -4.39383851062 -16.7982929592 -2.26980626347 18.7702208052 10.5059077321 -30.2393644584 -25.027157684 -22.9018039892 16.2947839883 -20.362552143 -8.98303263006 11.5897477233 0.698817347105 -9.98708910197 -12.4910517326 2.62905260923
PAL
15.8376497842 -9.13999599558 -22.1297561089 -4.97348934838 -15.448628223 -9.18213155018 2.09924217339 5.13990832388 -5.48836617318 -0.874037806824 -16.5913511189 11.9877182701 5.71791230425 19.008381956 10.744286398 -37.1053031153 -8.90030501108 -24.004767028 -4.04823065201 5.89079539816 -3.41552843775 8.90219900386 -6.28117522727 -28.0405598286 0.889252798859 10.0934844119
PEN
16.4068829282 -8.5986561969 -21.4073639797 -0.452611709957 -25.5289914106 -18.2737502488 -2.90238369024 10.9969246192 -11.7811154065 -5.61120657076 -9.8031045464 14.3559044509 -7.49911688156 18.7154212273 4.51281033534 -19.6445041721 -5.93253431657 -29.3120531575 -12.3648182597 -35.8287971096 22.4418430843 -2.46685028418 -15.1059574258 4.19478034086 8.50371285151 -16.2829809494
PIN
17.4284799914 -1.60613884756 -7.46475329194 1.02181421205 -32.9425593801 -28.4291550594 -7.21505250459 4.92830263534 -5.34072463062 -4.57825159841 4.23287278957 12.0501049842 -27.3201806738 17.6583469446 6.74933315534 -9.21313718984 -2.14913191301 -25.145925657 -24.0417057287 -23.802401736 0.349555330693 -10.6625413796 -11.2431176936 13.1860407471 7.68611985348 -20.302186454
POKE
16.113923985 -2.53912220741 -15.7299176077 -14.9774067281 -16.9982183651 4.82008243454 -13.0664742275 1.4664711377 -6.16164991359 26.7633005682 -9.24330408802 -7.33531454988 4.72157815353 16.4448641892 9.64511309383 -1.51951578661 -14.4169163617 -25.3578175895 1.33747848772 -18.8754523692 -9.77614988254 -24.3079285405 21.2449454536 2.78850260134 -9.75233981232 -0.492455895891
POOL
17.1339619093 13.7807272406 -4.70469000515 -18.7942128736 -46.9632521735 2.44305414618 -12.1155601685 -7.42266217402 -24.391053965 5.86751492824 0.542228125357 9.19627597486 11.0174424426 18.095348508 13.3290036765 -3.22775016647 -14.1423800058 -57.2596528087 8.90850759389 -14.363719415 -6.6406369522 -14.6906810664 2.55868040979 2.2412244584 5.64191380452 23.4928858815
PULL
18.0417831605 13.769296911 -14.3786641388 -27.0372705885 -46.7427642245 6.48141573881 -2.55156291608 -0.140231979089 -14.0426259344 5.9795180598 6.55387396454 -5.01641000465 6.12255824858 18.8037692441 14.4174036643 -13.7688018397 -23.137923831 -57.03753897 18.9479584637 -5.01247644087 5.62421536787 -12.1396022021 5.30009061413 7.36946246539 -4.74786356281 14.0523965022
RICE
18.6555739864 10.6387750701 -31.9679902704 -11.8972177983 -19.6655528113 -23.2385521997 -15.347710788 26.9066592286 -1.0474123556 -5.00631873434 -15.7955540908 1.30184546434 -10.6850415621 16.5245175676 1.50398221761 -3.6220114027 9.75474160552 -33.8181033568 -32.6746272117 -10.5874951031 4.17571172093 -10.6530939789 4.29326923961 1.50832080934 7.94425940106 -18.7446689549
RIP
19.3498334143 3.65162905851 -29.4248843026 9.35855151713 -36.6773332292 -20.2192150278 -32.8049724736 27.574079323 2.32677835721 4.58943530242 7.99664311007 -3.43919821933 1.12695067435 18.0497153461 5.61278211223 -25.4269098472 7.46766524758 -30.7455705654 -23.2015990956 -30.2796324017 21.456869121 5.54727732908 11.5419362746 -0.784778474873 -3.00415083914 7.45996868187
SAIL
18.372466145 4.24010864958 -23.2547733155 3.43527109918 -37.0825910262 -24.4084201735 -15.5161376565 10.4372496768 11.98578674 0.634869777049 -12.7660560418 19.7806943032 -21.4318211011 18.5947289116 1.9358576381 -23.6055061794 6.86863592218 -44.9272643574 -17.4620227471 -21.1824608053 22.9240265161 2.55509054394 0.422833005541 -6.89533386832 6.26821852963 -12.4796452804
SELL
18.1791377885 14.5993748102 -18.5799743365 -16.444836336 -29.3101903872 -10.0777417345 -21.5479719402 10.8022315406 21.5570214742 1.81018320913 -24.2289381913 10.6893951755 -7.35221978123 18.2102052445 14.8960548667 -26.0937744001 -26.3538369392 -27.7796038858 2.71322149546 -21.69244188 -0.735937188079 8.71123593479 9.80906500043 -16.8699552533 -11.8871845945 -0.202241820693
SOUR
18.619984283 12.3147127993 -34.1974964984 -10.7839015417 -26.5233932244 -4.36661649582 -9.45783920229 6.95956105253 21.7853382325 -7.43247939432 -27.1985665792 2.18618351165 5.02581000157 18.1478550887 16.9829527231 -32.066665222 -20.4358731966 -29.2984911289 -0.782320017917 -8.38833043231 -7.52975977181 4.36132629473 5.76749420551 8.05317216606 -28.1029036182 0.44542570424
SOUTH
19.0903693033 9.04368040446 -38.1188124362 -9.48190586081 -27.3905243092 -12.7232754026 -4.43793093896 6.61041191161 20.5392054454 -12.7173629554 -28.5795382189 7.98192876802 -0.518732848218 17.4075608544 11.419435872 -27.3098267285 -14.2297755784 -30.1253480187 -1.59178710313 -13.44671322 -5.17968523722 12.2732198981 6.1802507487 -23.4343967955 -11.1904009175 6.64015161998
TAPE
17.1137614671 -10.0379581878 -7.15315359292 1.27343410444 -27.9937464723 -19.2631815303 -1.42704695225 3.73388182517 -9.68791101314 2.41547090663 -2.31334262366 7.83428547129 -22.5988868748 18.3384481535 -2.68832055011 -7.34923847285 17.929167308 -46.8327264259 -27.6045795098 -19.0771303102 4.17985098777 -18.0699327298 12.7186162697 1.40871927143 4.18914613793 -6.62029660256
TOOL
16.7702079214 13.5577237485 -10.0687597055 -8.9618176225 -27.8972804796 -5.79142026184 -26.5330766927 -21.0008369174 -22.2367172072 12.020958681 9.59445954863 -14.9931240013 11.2240708415 17.9183683443 15.0437555902 -7.028209592 -13.8743395568 -46.4432416512 4.34860375766 -16.6838349761 -13.5424846105 -22.387746002 10.3343431252 9.00773804819 -2.61790814719 17.0799511411
TOWN
17.7158407701 0.091736674454 -21.5415486286 -7.44328517556 -29.1077718025 -5.71306685399 -11.0515747883 10.2434900199 -4.76437837925 -4.71015168011 -12.3725253618 9.86257418042 -5.99654739025 17.699234545 13.7417080533 -21.9757902823 -24.9019513367 -23.7776414232 9.00715350442 -39.3183281772 1.5518353705 12.6933389351 -9.76474786616 -3.98043118906 -10.4397525276 2.90279881797
TUBE
18.2411919002 2.43294945508 -15.306619792 20.5579366974 -30.203122683 -24.9099894353 -39.0984525941 7.72705393484 -21.6305179146 5.25419067847 2.58768649513 -8.52932874463 18.7004186585 17.3668417129 7.89812616768 -9.31470936012 4.28600817918 -29.0859577759 -2.01434739909 -40.6695251808 -14.7326976165 -21.0051335838 15.6923124315 2.44461039752 -21.7453933965 20.0060175387
VOICE
18.0681186141 17.8026476495 -10.8575815081 -33.6917790656 -32.4926075836 -2.79886115655 -8.48944498501 -2.91319108729 -17.4582273306 17.0596094886 11.958697322 -4.26890184749 -0.895282474436 18.0545647665 8.68667336852 -18.9882263754 -2.96927823715 -25.5234393847 -25.168638864 -23.2323210178 6.83083154089 -11.8469162148 18.9776181966 -0.434830495755 -4.97478250588 -2.16527878584
VOID
17.8225214731 18.5108895362 -6.38378929295 -32.3419755228 -40.4168215737 2.29662471296 -1.85786124364 -7.39327273877 -18.0344072742 9.85410706975 5.53368514912 0.792850070374 0.288736150204 17.8000175205 12.9888743528 -12.9082438711 -13.3930980333 -20.9541212714 -25.4293613827 -19.8455652393 8.40634822245 -11.4701118516 20.2188425446 -2.15074777629 -4.21165366134 -2.43506201297
WALK
19.1731475628 13.0514873019 -25.4660174776 -25.3431416287 -41.854276355 18.0607049192 8.02747058892 -3.84592834918 -5.71263204199 11.3541080733 2.6566943202 -16.3404955505 -2.28588390104 14.8581819221 4.96768925581 -19.0319402957 -20.5548516043 -9.29791987515 8.14437308108 -2.74039678959 -11.1924456441 -16.811093275 11.7804328138 -0.514661573867 -23.9447277815 -8.78535755816
WALL
16.765419682 15.7709440335 5.51626179166 -25.0966428611 -47.3467666641 -6.2160470085 -8.57853231719 1.67691452491 4.71645014794 -4.27998625436 -1.9100244847 0.993669420558 -0.10607105495 18.6037662574 11.7116303265 -18.2356194744 -34.3146133224 -42.3318049892 21.9660607382 -5.44679152163 -10.2217009683 1.80275473963 -7.70304586862 6.51547446545 -2.15775738362 -18.8541341132
WET
19.3738378652 5.22335197276 -29.3237837164 -1.27439612258 -30.9990301916 -15.0749415683 -16.2029056705 17.7236980489 18.2014755116 -7.41466551982 -21.2660577263 0.611252638156 1.43685171577 18.4415238129 7.33883019342 -21.5882814718 -7.43626550271 -29.6106319996 -24.7314061593 -20.3597119035 6.51006367829 17.2279579825 -9.10518247697 -9.20785663069 16.8217435701 -19.7181868855
WOOL
18.4578882986 12.4121638778 -12.9596500522 -28.6239943338 -54.1976306617 13.3185163314 -6.68834424109 2.10768715214 -22.3164964173 22.0727503145 -6.44304218716 5.04654659774 -3.46069628287 18.2645311326 12.1762007329 -8.37507910588 -31.7672289589 -45.4010768608 13.8943187917 -6.11889074108 -0.496262093412 -20.1131407176 21.7182914805 -2.17762366841 7.55812474963 -3.83146081902
WRONG
18.4171622285 18.5002005447 -26.3022453669 -38.0453891435 -12.9219294574 7.84688414011 -14.6241987477 -5.31530609036 -2.72201983589 4.43926016979 -6.21545164442 -11.9697621638 -4.15966764527 17.6003146927 13.3780639382 -24.0845360788 -26.9161970835 -16.0751495004 6.87530087311 -25.9538441734 -8.75287824223 3.09766110068 -0.241753955129 1.36369263339 -16.1130430723 -4.39627523756
