BEAN
20.3700027738 -19.9601204426 15.2301886969 19.5828148727 -41.3214503013 1.09732403842 -34.2476117872 1.40989161701 -40.9467685674 3.82274365978 -4.32252549532 -8.42944959843 6.401987926 18.1365910088 -5.78108013175 3.66616272801 13.9126732516 -52.1584942496 0.873778378679 -21.0677703795 -18.1626809694 -32.3571116233 19.0663510888 0.149265121567 -13.0128686029 -0.350165398763
BITE
19.2511023656 -4.65776699439 -30.0673150266 -13.1259421558 -37.9054943853 13.3198018896 -21.337573903 14.3176770323 -2.04429782651 14.8363025366 -17.5653406812 -18.859364014 -7.69120603614 17.8782662219 -15.6515746019 1.74855888399 16.8006720031 -49.6820520757 -19.4190303119 -28.4578157075 12.0922143866 -38.9376870626 8.46658067992 -5.29968890762 3.95992497277 -9.66663913585
BOAT
19.0526765756 1.04458930812 -9.39396151826 -18.1614206662 -40.9824170893 18.4176430962 -16.685701885 1.12974008223 -14.0726232186 25.3028234079 10.4880734104 -8.72168241031 -7.5964537291 14.1402679982 1.09556216795 1.59304847554 -16.4057858972 -25.3457052454 3.88548809357 -19.6873292032 -11.7769468902 -27.8937582262 13.0841712047 12.9134357758 2.09630183266 6.83810791959
BOIL
17.9549467087 3.96172596825 2.62518905188 -23.7375970251 -60.3567725516 14.349504354 -12.8578110175 3.96862116292 -17.0519667305 11.2939432569 -5.96539883138 15.4813787745 4.81231889047 18.7362160709 -4.48358326123 -12.889919341 -16.5614524211 -30.8122442081 -0.588513004637 -31.2831244016 12.9875335993 -3.29125279413 25.526999734 -10.6154601452 -11.8405313331 2.90326698511
BULL
19.12875901 2.27897441815 6.16541450865 -25.2149642414 -63.0303562009 26.0442839301 -23.6015017797 4.89788475708 -24.8163887262 14.809714962 0.997112501073 23.5537942576 -1.94952951243 19.1806246231 3.08929338858 5.54558077991 -22.8998308882 -64.7988455913 29.3518054276 -23.1762020771 6.54161476267 -18.6443011141 14.2185820988 -2.74711794867 22.6427153911 -1.0339213152
CAB
18.7768673559 -10.5089638047 -12.555152738 5.79327481719 -46.8909667464 -13.8383740095 -1.46916140919 23.6862850147 -13.6333601882 0.973976603813 -11.1942200351 -2.91915661913 -14.2940442258 19.1247154227 -2.68337190909 -36.354827812 0.729019098324 -37.3556455964 -2.46888066258 -10.534156587 20.5189453241 5.23049841834 -9.13161432111 -21.8476137859 -8.38384732482 3.1486476017
CALM
15.6750246127 -7.67637926234 -12.609023017 -18.6785944778 -21.0961720974 18.1547570318 -13.2708131078 8.55696823806 -6.19579047162 9.58677176933 2.59666224834 -13.401365868 -1.74175912298 18.4195057655 6.61951698758 -17.8520284856 -28.62624595 -40.5718874579 25.4066448925 -2.5009988653 20.7745143536 -27.059051378 -7.15314195399 2.25548928819 -18.7916667799 3.50975885817
CAUGHT
15.6660424856 -11.3126979356 -24.1168343441 -10.631218244 -21.7093925642 6.4748158044 -16.0841473232 14.0834452565 -10.6270049425 7.88418871518 0.618569858275 -9.32520682998 -0.460372312346 17.7309137638 -2.24558603482 -26.6712402406 -12.4836498778 -31.7782543139 12.7732588089 -6.80853644249 8.87804768022 -8.49897903657 5.74146152772 -15.302957851 -11.0218078078 -5.32269269696
COAL
18.1808695372 9.14234746801 -5.30132103584 -25.197304952 -53.5452573877 7.53397608327 -9.90495110902 2.58986610747 -11.0988691872 1.5817728748 -1.87540901432 7.33724750642 4.47480545081 15.1614984577 10.5190329449 9.14064506031 -22.976288708 -38.4950899982 2.2730788641 -13.6252985171 9.85890192504 -0.768041077782 -8.85571038267 5.89722580585 -5.89170198654 8.57379207586
CODE
17.1602879885 0.881588193113 -10.0828084644 -15.9958225111 -25.6552931465 -1.75551872718 -25.4135116676 4.54670930079 -14.7736581636 22.1645424953 -1.73510287848 -9.42106442637 -2.84369299959 17.750986652 1.78647882093 -12.1062219698 -9.89520336165 -27.4398898119 0.707696896771 -31.4243105768 -1.82906217109 -29.2984200751 27.4089303516 3.4359750253 -3.17834461296 3.03771638936
COIN
18.3296599625 12.7387132541 -13.4789110162 -12.7723035202 -50.6159219506 -0.125187541534 -0.621249992134 0.368858679473 -12.4982488055 -4.4185810208 3.02629417433 -15.0178715257 2.36135982853 18.7824864557 -1.2810647486 -21.5424165627 3.04789944024 -41.1259405552 -0.421366724906 -20.8637587732 10.1891513909 -8.25792534131 -3.40281464002 -1.54228710591 -15.8957686557 -14.3458624581
CON
18.5928984613 3.43241085492 -34.784270688 -15.5748535958 -18.729253981 -0.454128045097 -15.2783283732 24.1078947323 -9.48248894459 -15.6352809193 -12.7329213509 -8.84445425834 2.59465057505 18.4612323813 8.60531786688 -36.4390825127 -21.1448464027 -5.53329390558 -3.96464615409 -18.2760944879 23.2667342907 -7.31213722265 -15.1121091523 -13.5957623885 -14.7265337342 8.71723940246
COOL
17.6466305969 8.53662517154 17.067089858 -17.3847486026 -53.1974111598 12.4116172749 -29.7294724045 20.1042023286 -48.452643243 -3.04992779617 -7.81582867739 -4.82016731535 30.6973171335 18.1290991676 4.64557567189 15.8339957932 -14.2490497785 -55.1226042089 15.8625559254 -30.8885216691 14.5728373023 -27.695331969 -5.77197513438 -7.48020662533 -2.03122497704 21.0200911765
COT
19.1189649938 -5.77034730597 -42.3664493367 -0.539656318601 -32.8513194611 14.1895071898 -12.8319443778 13.3709907402 -0.804162973265 -13.2361229382 -23.3255752487 -9.02704071431 10.8646362814 18.5374020709 0.92947080641 -32.7381053951 -9.33964289737 -26.1122054212 18.0312827174 -11.7249121969 7.2332617303 0.0358846728968 -14.3005154853 -17.3976802527 -10.1683993769 18.3852957825
COUGH
18.1342627256 1.83427776195 -23.4389989363 -18.07753178 -30.1981585389 20.622082728 -7.11131041953 5.11516324647 -14.4221658241 9.5343188552 -1.32463286755 -17.8414231941 -10.2897095483 19.1428857188 0.205314211308 -33.0302449281 -20.5665922845 -35.4729891425 26.1626542017 -4.68983931779 3.51161423985 -16.6712416605 8.37249528829 -2.41994627736 -22.0866515987 -5.31286897252
DEATH
19.923619116 -10.3335523641 -20.5453598564 -5.11364451168 -37.2580317766 -5.36793200511 -30.3071876018 41.6159930012 4.44858846489 5.0490026201 -32.3055027846 8.07461769161 -0.00296448786582 15.9961179302 -8.05883430222 -23.0040465155 -9.00736652554 -25.6343004423 -7.17339955824 -6.41371076288 18.8189873172 1.33583790511 -14.2671094246 -25.5263346026 2.21440143624 13.3917662416
DIG
19.2693202077 -12.3159574351 0.658779632568 18.7641375595 -47.7713017848 -18.757236517 -42.4845094034 15.059614618 -23.5134359576 3.89323678862 8.67568803192 21.6213395352 -6.92411751273 19.7113938754 -12.430617978 -4.26721552381 25.9756859875 -42.9053514274 -19.1705532218 -25.7136109488 5.58661609094 -29.5666724528 14.8966388547 5.32519576411 2.44645944686 8.86678694908
DIME
19.4291986776 2.05265867934 -39.294283041 -9.55426787934 -22.7079690337 14.5844059355 -13.1534912162 11.9617389214 -0.610048735752 -11.144003084 -19.6001367761 -16.834582604 17.1387824473 17.7880144042 6.9590076253 -30.3886187906 -9.72606025509 -26.7465236497 -3.58231556103 -3.14364044372 5.80583522693 1.02244215855 -28.3750826892 -10.6934155693 -4.78080964519 -7.25290297098
DOCK
17.5168932775 -6.38932568078 -28.1470803974 -6.15393707388 -25.3270708012 2.94028120426 -17.4278881269 19.5783747173 5.02852394339 4.26415713297 -26.7760252752 0.788894962967 11.247514092 18.6290290642 -3.72279316092 -43.8363260852 -5.92655983599 -13.4969858381 11.6986587241 -7.90274839959 17.7036128646 -11.2360173232 -6.25204514529 -18.4391528222 0.696049677892 14.884561836
DOLL
17.7575776339 3.58219514214 -29.7599906257 -23.8476424317 -22.0081929057 12.3598429257 -9.59379459809 8.24858499462 -4.37492461659 -0.376597802638 -19.4633810189 -17.2272334475 16.4430551083 18.5607077452 5.04360064151 -33.1255656033 -26.5717143772 -21.9500590182 22.1329169089 2.31045775256 -0.946254657949 -18.4514653174 2.94145314264 -3.34780305753 -16.8715671975 3.16585889071
DOUBT
19.5519653109 -2.50623963294 -42.4976030265 -7.93099930123 -27.777564237 11.1200430893 -13.4062392501 18.0300437456 -4.07810737693 -4.50841748675 -19.1385632896 -17.0024719772 18.3832792504 14.2446236128 0.304098166271 -16.7865477464 -22.4526487483 -25.8454538173 2.92013354757 -7.75728249517 -9.09525503647 -9.31462594684 16.0413984616 4.68940396541 -6.51251083232 -12.2967094513
DULL
16.2116785094 -18.6594185391 -4.17305300151 2.59946579395 -19.2952411353 4.408282475 -20.6153040951 11.2928387673 12.2167050052 6.21807628639 -9.46937463612 -4.8265605835 7.15294598017 19.0168336838 -5.30575314625 -12.4871372449 -20.7622286388 -45.1100349716 17.1636670581 -30.9380953996 1.80692218148 11.5832327703 20.7626344963 -16.4385133918 -13.061326403 -2.28333413646
FADE
19.2883828999 -9.17718271678 -9.63479937287 19.2728642249 -48.87449309 -23.211789586 -26.318581031 11.8544960108 -17.1145442365 10.7671273312 7.34422001862 6.66349473308 -9.00470248366 18.0569045823 -6.52007051205 -4.44895129283 26.2391380374 -48.7087354469 -23.9028867093 -20.1225283162 -6.1046325314 -25.0350473493 8.62817223019 10.1298189838 -3.71762513748 7.1259705912
FAIL
17.7736390414 -6.11970880721 -11.1789112536 9.07583947416 -36.3417838668 -24.923356366 -30.429871883 27.4857090343 -4.38842034701 3.54025890285 -5.47345119916 2.92999371039 -6.0853862717 19.3887563777 -10.1442889361 -12.5153676934 3.04011888015 -46.7974324175 -19.3902412607 -19.9229481829 26.699278972 -7.37043171381 2.23521089211 -5.73354985585 4.38946256789 -10.9973383996
FEED
19.9482841727 -22.0644191891 17.3994220616 22.6875398047 -33.2779459332 -7.23802908361 -22.8767529333 -1.21345340004 -48.1752511345 19.3137049217 -20.1259964539 -5.54390669152 -0.45157119873 19.0396980905 -18.8045526817 21.8153406524 21.7682875229 -31.6173309387 -7.69693594771 -23.2878346119 -6.51760806444 -40.5842252778 10.9291460603 -18.5154481249 -5.27174896482 -2.58377687447
FELL
18.1459387198 -4.56035881159 -18.9254238329 -10.6859353457 -35.7226404711 -3.60382069485 -34.2017671354 8.71510778247 9.00637295177 10.4803065885 -22.3612785976 -3.46198438581 4.84283105156 19.568994238 -7.96284664616 -22.8590824874 -17.6193549174 -31.6093564739 -0.477321119553 -23.8203458168 21.264740523 11.7206124186 10.6126248517 -37.7248823427 1.6192318253 2.83837810456
FIRE
19.4313315937 2.17603705062 -36.0308650563 -11.7897912568 -32.8084643237 14.262851607 -1.92570131927 1.29230892494 -0.992750903741 7.71676736147 -4.47034046451 -23.0049267504 0.99234048103 18.9966261428 -7.03101160778 -30.7932663505 15.4274225794 -37.2756228164 -21.6923893878 -24.3144991216 29.4189755701 -2.7733331214 -3.06046458383 2.07902636358 2.09184857944 -16.1385361775
FOOL
18.3411357165 3.71067323707 3.56383479078 -15.2284585713 -63.0599042074 11.1043516857 -15.5671187146 4.16962289528 -40.311365718 -1.39549550782 -2.46613912969 3.00591126253 16.8520363372 18.6774388958 4.19184797987 3.27004440001 -10.0591795394 -62.377341369 17.4728593562 -20.87145854 12.0750631478 -38.2787764141 0.368505290934 -7.47441716566 7.28934526888 19.777372581
FOUL
18.0906278969 4.88313967251 -23.8291772767 -24.0968606957 -40.8708040593 31.5194101116 -0.775802264449 3.09821000715 -17.4135927407 11.9021233394 -5.28920175335 -17.2251786632 2.75748473511 19.1676791205 4.48011501833 -31.325974052 -31.0454614127 -33.4068344005 35.8585572462 -0.946022651614 -5.64774094969 -19.0390619229 2.5355154687 -5.52297982877 -9.64765415831 2.12730282937
FULL
18.3315342439 3.11241780404 -0.444933866172 -16.7804081027 -69.0030687619 28.3843617549 -24.6815291274 -8.44363573634 -5.49155982238 2.03624895547 16.3982988227 6.96164527664 6.80454717906 19.0570463403 0.197128926391 -1.56753912643 -15.3276135006 -71.2354081133 33.2834195367 -24.6979746249 -2.89610798949 -9.51563002043 -1.60799325367 16.3901923652 8.44810196728 7.01835140772
GAP
20.2630197731 -13.2291423343 -17.5877340021 13.7167004292 -57.8265482246 -20.7135865757 -13.2663800442 21.663687164 -14.7789728775 14.2586797915 -0.169560246943 -6.19350888334 -12.8837899287 18.4867667052 -8.90281349127 -34.4174915902 -8.43507346127 -23.7173079769 -0.50917992291 3.88026105774 9.33155568213 -9.76213191207 -16.5749738704 -10.7522073665 8.20330049801 0.2375383959
GUIDE
19.1038444022 -2.87617424606 -32.3795922921 -7.13941960334 -31.0678724727 4.38228403235 -17.8229649634 35.0837240119 4.13459206226 -17.8570102855 -16.3503968824 -14.5229380192 8.59903168431 17.608990613 5.44274240647 -18.3323732418 -2.77998518408 -43.564268254 -9.52893690118 -15.7160810817 26.802967062 -5.90580912371 -4.15823583498 -3.60746390552 -10.9867634996 1.35777639992
HEAD
18.4539592377 -1.60221171593 -16.589340095 -3.4873066811 -42.8482498238 -7.02487780874 -19.7735999702 32.3349812604 -6.77625130208 -15.3154282185 -8.08877892334 1.0857966928 -16.7456649525 18.8319052108 1.33649414905 -16.0527341216 -2.20902514679 -34.2790194527 -15.100043124 -24.2159384022 42.4687270833 -11.1759184022 1.1119055975 -11.3151827482 5.88479223299 -14.6818450726
HEAL
18.8448895602 -15.7779551775 7.93246695986 21.6304650088 -57.1807938554 -1.10566415046 -34.7625612308 8.11619252551 -48.1595775477 1.28567750613 8.34092756333 -4.13886820088 -11.5213211139 19.222226699 -9.15636730892 -6.29373080904 20.2838021704 -47.7707117732 -23.7233302969 -32.4766242272 15.9811863531 -37.6709106553 10.7038722857 4.24819561774 2.65505366329 0.90112300066
HILL
18.5699235077 -11.9269309224 -6.55761999979 11.6919511944 -48.6399201781 -9.84408778093 -27.3734883903 28.390576309 -22.000751843 5.48447937017 -0.439981458661 11.9387149907 -20.0792311814 20.1368316522 -14.1423786073 -10.2084307531 11.2919424765 -43.7737449345 -17.9959293566 -31.0897309475 27.3058504867 -16.3852182823 11.8857562019 -13.8235307575 20.0921153383 -15.0204203165
HOME
17.9778484915 -6.55920998162 -19.1842660241 -20.7609514799 -34.920081867 20.1953074502 -9.53123887879 -2.32363007456 -18.1942316635 -2.49278365488 6.70605281231 -15.4935659619 -7.79143030436 17.7499281074 -0.356091034012 -8.62546790904 -10.1942399143 -48.3983723066 10.8586337178 -14.5628995024 -3.83752402843 -18.3354104369 -0.88746504102 -3.59766188203 -15.3167567706 -0.648327007269
KEEP
19.5236649197 -15.7192349799 17.2700882387 19.690082348 -42.4783265485 2.304460353 -36.5031214052 5.29251427252 -36.999602094 1.60146316891 1.31735164794 -16.2623388135 8.85968214452 18.8643159879 -9.31828608615 9.00278391587 25.9693520489 -34.378202041 -12.6989898681 -21.9754273268 -2.17848451211 -40.2552344359 7.07940126851 -8.97211532568 -10.9893405345 13.9082973637
LIT
20.2395495216 -9.10224947291 -13.4319831513 6.38016410721 -45.1912986484 -4.5410806304 -58.3241300073 16.8894656037 10.1697042983 8.21563625658 -14.4470674462 16.5726397093 5.89551508897 20.5516382011 -12.8683151978 -7.89557175926 8.59123762679 -45.3811871669 -8.61753281983 -58.2788536171 24.6924813389 1.56783786597 5.00667530912 -11.8708080366 28.1747264257 -6.96789637705
LOUD
19.0781773128 -2.84768645455 -40.036612954 -21.8577647194 -18.9285203226 27.059310964 -7.5035359107 -9.62914532426 3.39358869309 -4.11027684492 -21.3014602449 -4.39124359552 14.2599187794 18.394115181 2.18679409028 -33.8747112023 -18.5996917013 -31.8890188946 20.3230716307 0.19978611923 -12.1564153202 4.07976546327 10.0182754816 -8.04269166916 -15.2879702544 -2.91524054666
LOVE
19.1641221313 -3.01540635732 -15.1807078713 -27.8221428706 -41.8336609441 38.0459825259 -26.5449132717 7.7358297355 4.12314954899 13.8871582861 -10.5498037167 -14.1074840011 -18.2336905361 18.2854514199 -5.55820754124 -14.0147735944 -29.3087251219 -43.1039226074 30.8760083694 -23.1140559827 2.47511220323 0.692439062532 13.2066247166 -12.1436574878 -11.7166779107 -17.0726230076
LUCK
19.4836568682 2.9618370384 -26.7128541532 -24.7895573104 -35.6914143692 21.6348065536 0.407445645131 -0.0574125824612 -11.4506133011 18.6694210978 -6.4784099074 -20.1390147746 -5.35437950986 16.8527424004 5.07003703858 -38.0542926857 -12.9153342299 -12.0908866885 -7.81953148573 2.38439798427 3.6614271682 -1.12047893902 -7.92990558051 -11.39680483 -14.6201171975 1.44208099911
LULL
18.7412899686 4.13130570306 -12.9172652085 -33.488355171 -48.1446572896 28.5709176282 -23.8565462191 -1.41233017635 -1.4414538056 27.5256756594 -4.44175828697 3.63783835019 -30.0952168058 18.8108778387 5.05866615151 -13.2379544606 -29.0158270344 -49.8700450703 30.58008844 -23.2015493834 0.0316213417725 -0.480997280735 24.1893274788 -1.81881346583 3.74968387606 -25.8769869565
LUNG
18.8498111254 6.26810101245 -18.4141156213 -11.7827157214 -42.5312490726 23.4870537919 -9.27419402449 -5.27625054009 3.34645683524 -12.0848944705 13.8633412792 -33.5325692971 -18.8550571606 17.821155617 0.223543939005 -18.5132780909 -1.89740188351 -29.3523401127 6.04974566591 -22.8938114134 4.75308534474 5.45224077135 -12.1072162168 0.74892364739 -21.6576816925 -9.67213493792
MAIN
19.3001128592 -6.90759864802 -15.1585874642 8.38861559171 -49.6257895284 -7.29950790742 -12.8533784038 9.61008658086 -18.7020325541 -3.22130291838 6.7723721012 -13.3787186691 -25.6173832267 19.307407797 -9.35141628276 -6.82982936784 8.44876392253 -56.0332929384 0.578297860612 -14.2555920746 4.43448386239 -28.717729034 10.1786531793 -1.91513346365 -14.3507008721 -20.434564186
MATH
20.3512144086 -13.6863765654 -23.9314837253 8.01815491847 -50.8614644392 -3.4002036194 -15.3811508368 28.349553893 -13.5112383685 -19.1804580996 -5.27610162671 -7.65437173491 -15.8152924849 18.0706354678 -4.51011045204 -27.6061454945 -5.80160261595 -22.4439270508 -0.49378610855 -6.50070218329 21.4933710978 -5.66193436711 -19.2541146232 -22.5345511551 -2.34422085455 6.16136337394
MEAL
18.9077291124 -11.1306203171 13.0342863231 8.61844176819 -55.538463593 12.4807654586 -41.8320998663 -8.85643786217 -27.0745943526 9.06584201227 -1.92979479678 -11.7958993459 -9.82003228309 19.1968371066 -9.21281226015 4.71097104987 9.49833927556 -54.6807239852 0.484933538685 -28.772183339 9.0834122766 -24.8415237136 14.0119997223 -0.201402581869 -6.27226297413 -11.8207690227
MILE
19.0694458309 3.44234983774 -33.8381742662 -17.9506586827 -18.1788641899 13.5775747734 -11.8521324974 -0.200964101949 4.36040193968 -12.4224736466 -1.94931071417 -20.6135024742 -4.61448799596 18.4141626106 9.35988888435 -33.1021025789 -16.7608319069 -10.3828674295 -3.1278347133 -11.3747068398 19.2654086374 5.3015907672 -14.6801669906 -16.693268228 -6.66041573508 6.71290265588
MILL
17.3961017532 -10.7820415069 -7.39312388954 17.9240836404 -21.7448961644 -4.66558701525 -43.0437628667 9.84138884699 -24.9530926526 -4.62264617184 -6.66270493429 -14.5829951602 -0.910306891396 19.725343038 -10.4536233168 -14.8829085399 7.83676305535 -39.3531951576 -2.87868563948 -34.3937753053 28.5064662294 -6.95368757195 -8.46704718914 -5.34982324669 2.12434699536 -13.4605001989
MOB
18.6007239991 6.55112701259 -35.6256797288 -19.3100366575 -25.2831333533 26.6628486465 -13.4709151432 5.49555145317 -4.98951084198 -10.8993077271 -7.98058063019 -17.8291778577 9.27012477097 18.8222714373 2.12343115236 -37.9389412028 -16.4836800282 -32.536831849 28.0743578285 -9.18871471745 3.28999179906 -11.5255994801 3.81746353216 -7.70301219929 -22.0007428318 10.072302315
PAL
15.967617514 -9.93340051464 -10.7699990385 -6.06833811129 -23.8408925509 -16.0033211087 -17.3282064925 19.788919322 -0.137641565509 -8.90458737161 -4.78011068859 7.34197306644 -6.89998088941 19.0984470819 -6.84911384158 -16.5269018439 -6.59885498085 -30.0550741609 -12.9552298011 -23.8380541899 27.8907887174 -3.32981460535 0.849036799203 -16.1734933959 8.09376737124 -10.3710166612
PEN
16.3100646986 -11.4570877042 -14.3694240788 -5.13518096423 -31.528032615 -7.48230535354 -7.25451773484 13.8414521765 -4.09374621987 -16.2271704034 -4.50466709156 4.64467299833 -1.96065553974 19.1954103568 -0.866786193869 -27.3452825817 -6.65387638659 -21.1971770614 -4.65518816538 -15.1871117383 22.9983048045 -2.11515860692 -23.6468248856 -16.4990740193 5.11999913162 -11.8202111129
PIN
16.9242782069 -10.2835320022 -6.02569530833 2.62973391434 -29.5318391164 -12.9665788414 -14.9887010456 23.0550858486 -8.09118395232 -5.50031518393 -1.52769884621 6.81692217081 -10.0361045414 18.5798202589 0.317371002761 -13.5242129195 0.343615820111 -37.0984281106 -7.82416069492 -25.0765746506 22.4181605117 -13.5850376781 -14.6740454367 3.52443906752 -10.7347175181 -20.4520743349
POKE
17.0681106302 -10.96251343 -15.3817751697 -19.5904546593 -18.4011706687 14.1977482403 -7.87862574533 -8.4491154516 -14.1491183128 10.9701490708 9.17435676391 -15.6794034817 1.32186276103 15.8947274781 -1.87849132206 1.95608458757 -15.118947408 -33.6812625103 9.18750606785 -4.79078726117 11.4324101252 -26.7600938873 2.71006829291 -2.10697008315 2.98436992976 9.85121063906
POOL
17.6528217962 10.6284289992 4.4396762451 -20.4964430741 -48.894297099 -1.00258489618 -17.1467205323 6.62587418143 -38.167400585 0.0565820965753 -11.676829291 3.08966452841 20.632277773 17.7504327228 12.9900940225 5.99336027437 -19.163018911 -46.7928102707 0.333130982079 -14.1964867891 5.00316942829 -16.7144132882 -4.9870971499 -11.1076460146 2.6959540388 17.213679094
PULL
19.6091478519 -6.40161809895 -2.61284894437 -26.3440389999 -74.1218699 24.4043620939 -25.305680938 3.43914487857 -29.2028388831 5.49262732349 -1.62332009208 10.4225435245 -1.78655988014 20.2638520787 -7.27205881606 1.24574812763 -23.7334682761 -67.2307232218 29.7896772109 -22.9111808164 9.51073831167 -20.9602062226 8.75035045626 0.047147934473 16.4509657443 2.58994628209
RICE
19.6308552459 -4.69027805419 -28.5472178145 0.570006104398 -28.4580120149 -20.3993696343 -28.0679695065 28.4536755005 8.19062421224 9.04324481779 -14.4594489812 1.55908395869 -14.7932906518 16.890524444 -7.83600787094 -4.59953093046 16.0554805922 -37.3199066882 -26.7026297573 -25.1829276743 8.77450724565 -23.7388738406 4.57392707857 9.2760303894 1.86847506704 -3.2711985164
RIP
20.2441140048 -10.8306981424 -18.0299562126 9.94703282098 -35.7570712857 -19.8151567788 -43.3537297968 27.7944717105 -10.1544091912 13.0827620684 -5.9671959029 10.0848339147 4.42768831518 19.0923573784 -9.59416501833 -15.8083951472 3.28938415318 -29.4259051213 -24.3307630543 -40.0462902895 20.8494359494 -6.31511213539 12.1542716106 -9.9350365953 8.19070068588 2.43991680769
SAIL
18.4479932944 1.97499072586 -17.5272631643 19.5214914888 -45.7463247193 -18.6512609884 -34.1234923898 5.52350845439 6.99064658897 -10.2253354613 8.94418361216 7.04571427907 0.824931860302 18.361989053 -1.83951173029 -15.3943322684 11.5304238886 -35.6297854997 -22.1236341413 -20.1480999964 2.89474417075 10.4595116545 -2.26843136756 -7.04699718945 8.65024292895 -4.76436160903
SELL
17.2040273807 -4.10913930159 -11.0571108787 -15.9159404178 -21.2164279388 -10.0622506591 -36.8504169557 12.5790046442 8.89460238521 18.0867809115 -29.1947039031 5.7421648619 13.0216479199 19.4254296963 -4.71680111311 -24.9750198525 -12.0771779457 -29.5774910669 10.9761282621 -29.6798135871 24.1973848701 6.12284368558 7.01085730837 -30.1371727706 -5.92928225866 10.147310035
SOUR
18.675799261 -0.503649155719 -37.281883975 -17.5710783582 -21.5922248163 12.3569092568 -15.6203373301 21.0888023464 -9.48111959712 14.5080612275 -31.5798052202 -18.0960126393 20.0365808562 18.7012541701 3.05169389453 -38.5308522827 -16.7295320952 -21.353564571 7.93258268132 3.04517853699 8.88851219678 -14.4468850346 12.8326339517 -2.87359037528 -18.0741987343 -12.5731125985
SOUTH
18.8800093937 1.93098047728 -32.0585333904 -20.8992738071 -20.759553573 18.4592251914 -15.6358723405 9.43458192797 -9.97194446246 11.4419869326 -14.2475625631 -21.1360228541 12.8422341135 16.1160516804 2.74723452313 -24.2132923512 -26.2180038915 -22.1192314176 7.13086313535 3.11743055235 1.68873350418 -22.3705048942 1.23583126497 0.806244688274 -20.5373732852 3.83303358757
TAPE
17.3320332281 -15.0552742375 -3.1842175188 5.48560127744 -37.940461731 -18.1794374257 -14.0096668986 11.7889571735 -12.3571990044 6.94566963077 3.63170042325 3.02737240671 -12.6668947994 18.2698783918 -10.6401164622 -0.846465570867 21.1230837151 -47.1958695981 -25.5018358157 -21.1483065508 6.8355430549 -27.3154418339 26.0482924912 1.01452148446 6.848929093 0.337979743472
TOOL
16.6852386323 4.49978478947 -5.82457010104 2.48741823773 -17.6209602166 -9.29831555034 -24.6297780252 -12.4428113702 -19.933950214 15.5680040005 2.13448837987 -8.43886926295 9.10316835104 17.6003449398 14.4281563015 -0.366541920453 -21.2760477942 -39.1146544652 8.3849435517 -14.8086978166 -2.83394126739 -43.0857992475 1.32629890215 -1.15429984622 3.08310797886 18.0009379633
TOWN
18.7597343521 0.484127987207 -32.0891907922 -10.0048838244 -27.7112603563 14.0821049516 -20.6608865291 14.932360361 2.67781290395 -15.4882441662 -23.0437656413 -1.84701046442 3.43422586525 17.5234164391 8.32096648847 -34.3903540782 -22.4606158331 -10.1947759973 -2.22995776206 -10.27907951 2.24462890023 0.0504064442366 -8.0893708889 -8.67921160082 -17.2660624958 -6.98621110638
TUBE
18.0574040239 -1.59276006221 5.5652701622 23.0003470232 -32.925610978 -19.5606101666 -38.7041188019 17.9463512131 -47.7899837093 -5.20716007059 2.39104673316 -4.4874027096 11.2251036177 17.0192642318 6.12237564403 9.60364951642 5.62037478644 -23.4770626506 0.863627376073 -41.1174859273 -2.1259760569 -35.8967574377 4.9984874237 -1.89779644954 -15.947368103 16.4669198426
VOICE
17.5969046062 2.84706999865 4.52321974144 -19.937002305 -50.4906720324 12.3591805807 -17.3909116575 7.02800619911 -16.5045772566 8.90070136594 -7.40670900786 11.7210548689 8.0128144029 18.8035012243 -3.52026593279 -12.4269209306 -11.2609370434 -36.0113456835 -4.04039957126 -33.7910181606 18.7151091294 -16.9535414206 13.3466035245 4.59359563208 -11.3687265344 -1.51112112098
VOID
17.2512136564 2.63651993558 -6.66571533628 -21.5863239159 -51.2362749152 4.87974580861 -9.18323373654 5.06788261821 -22.6068596986 5.50213867264 -4.24934085046 -1.94615244533 -3.36639449862 18.9619221653 -4.19723437113 -17.8654001327 0.879017986692 -37.8770590458 -9.14998958921 -23.5212581361 14.7864208515 -22.1887671441 19.5353492378 4.93695738909 -8.57586405806 -3.43230045791
WALK
16.3761016447 3.094991719 -3.54668203572 -21.1988447719 -56.6263242296 6.70361213708 -5.35828644304 13.3181601849 -10.7210380472 3.6270328889 -9.38642642495 -10.9253668871 -4.95183325293 18.4841124777 3.34250029325 -27.1195004312 -25.8273574702 -27.8338204801 20.4098545624 3.1986688139 -2.78463706852 -11.4562184153 4.85723181947 -3.65657464499 -14.3415543451 -9.39370393653
WALL
17.1773740231 1.27299361226 -8.24754591669 -24.6653115646 -47.6684589655 13.7791352631 -5.54726645787 12.4142449037 -14.3889060927 -0.337193688026 -2.43345247397 1.15662234753 -4.29612849324 18.3679499695 3.36523204702 -18.3760218926 -29.6649864679 -38.6012251841 26.0982282922 -0.0478938988523 18.1066538702 -32.0812588016 0.635271283679 -0.953223807712 -5.03107733065 -0.69089802973
WET
20.2408435304 -6.42546165584 -36.9516927614 -0.093052663415 -33.3665851778 6.62659712178 -12.3057090706 14.8736318668 4.51902374487 -14.4726614309 -29.0617565768 2.73786052135 4.12794306496 20.3108308026 -9.11544174723 -31.7105623793 2.69749473623 -35.6831215319 -1.40690580655 -7.52804138698 23.6893858455 3.63134448666 -16.7252235896 -18.9531744337 5.97044855256 -4.26084939677
WOOL
18.817607868 4.77079368924 -1.02185299856 -15.6583476919 -54.4903463923 20.5024350694 -18.1803447916 4.14104599872 -11.0322337248 -7.04271756723 4.99079273919 13.0561755588 5.83962627165 18.7338932839 4.47721688595 2.3138869407 -23.6584420952 -65.9356118732 21.7122393066 -19.1585053453 5.43322756531 -12.8631955761 -7.93863787038 -2.34364017104 13.9492047154 4.27620994114
WRONG
19.0919904501 -1.24481313174 -28.6383260509 -16.1274751133 -41.0114560952 24.5889920964 7.65306502493 -2.76814516557 -14.244640392 2.72527736388 -4.57355810861 -6.11862492612 -14.2028357331 17.9699265784 -3.90908327426 -25.4188785154 -13.8212979377 -34.531457724 18.3338744265 -3.5782440018 -1.52688515994 -18.6959364148 1.2864791353 -2.58769891481 -8.68328522716 -11.5641364754
