HAD
18.0009951541 -17.4488276157 -26.1155611849 0.40909240986 -22.3251871822 11.9650904909 -4.57757852223 -7.03489688067 -18.5879977888 -1.04083534764 -3.26982200517 -0.743501827084 -6.7102065399 18.4871917508 -6.97524535277 -28.6532939678 -5.61003968662 -24.2346324873 9.12195701302 -19.5924968898 3.99867589004 -29.3819061594 -4.4643606261 5.04607878395 1.96549770388 -12.6262280605
HAYED
18.2984893349 -5.37841978973 7.01787446134 -8.38215076516 -54.8252786506 -1.53275424699 -16.7595788027 -9.20482628682 -3.43974867762 3.48884767638 -16.0270067953 11.8002615696 -13.6510983063 17.9180408314 -5.52900199079 17.5870938975 -4.98905995677 -54.0165864627 -0.96852042706 -32.8651251006 -13.3263883467 -2.05092867287 2.68281193326 -1.83025356604 17.3577472314 -11.9278096457
HEAD
19.3393399078 -3.87010100312 -20.7373863747 -4.68976644082 -28.4785299737 9.90465881709 5.49572452064 2.85415374076 -24.2697418518 -7.9165101286 2.81548725691 0.149709381917 -0.670696275913 18.5769330621 -4.13997047036 -20.4083166364 -10.752305087 -42.4114956627 1.09341270204 -3.7888396748 13.7443099121 -28.9273248368 -0.824415735994 -2.5628085509 -4.93353839334 2.97907602016
HEED
18.6521248352 -11.3598998602 28.5105551988 -4.42695616285 -44.0039949995 -0.48861326872 -39.6478521623 -10.7460132442 -4.36677588696 -4.59588881425 -8.46615700877 5.72017238324 -22.3284253004 18.6762616784 -14.0082720202 21.5006449965 4.18664313147 -45.3139529057 -3.59128615656 -30.5581759262 -22.6524024042 2.32801911587 -12.1051873431 -3.32134537608 12.4141106871 -6.95689021858
HID
14.4702735254 -15.0913217871 -3.11916164861 1.7950348294 -32.352310955 -2.11076973907 -0.00755630095363 -18.0177769139 -2.87122922278 -4.41412792194 -8.60038174088 -5.5841905057 -0.832470542031 18.5080506751 -3.348481306 -4.91823429416 0.535762832606 -52.9877217896 -8.88653886409 -4.98268812694 -1.74437368265 1.72605343912 1.58746167724 -8.82773679612 -12.3800488523 -0.987930944668
HOD
19.4188915053 9.44385087952 -41.3135061577 -19.9823166365 -6.64320891422 28.5745733686 -38.6694585354 -18.7950358372 -2.44584261379 -9.05875517506 -1.57121349366 -0.192522077751 -9.73577518649 18.9884087659 2.67306064374 -41.5356486887 -11.7300924639 -6.78926478778 14.8473824371 -26.0374468122 -7.31177531254 -0.238119317019 -8.24027049303 -6.17612001783 14.2372795064 -11.8466930321
HOED
18.4527592 6.46037733152 -18.1646643866 -32.0941785179 -17.5624093645 12.575845757 -30.954845438 3.67591383225 8.03575298408 -0.184601148866 -19.0472983298 -1.60678367088 -15.0943646131 17.3207762086 8.53952739076 -9.39199048484 -22.6217838025 -20.3131080955 -4.0102940742 -45.6397073713 -10.5285933757 15.9877166338 7.27001948963 -11.2425304476 2.2776371779 -7.98954598776
HOOD
18.6952473066 5.58303416448 -20.6871769938 -20.8061636669 -30.6992920564 5.22143127528 -41.1371862792 16.5610227401 6.17191428496 -11.3129607644 -23.930305931 5.75420405108 -5.95960236172 18.2832723693 -0.0682830814936 -18.3731086396 -6.41882796625 -34.2611101847 -7.93267107264 -29.4837771725 29.0624791042 -1.64780240137 -13.0482261045 -5.27722933153 7.32612332807 -15.1940347732
HUD
15.5684694514 -12.7835355224 -32.4120671727 -15.0337947741 -0.359987839319 19.605020783 -33.6715712831 5.76643975627 -6.51087683234 -5.31249821718 -4.88556790188 8.01795468458 -7.68205954184 18.8142618621 -2.50177439631 -24.5580673488 -17.0368582729 -22.9423712562 0.788840269705 -20.4236467663 18.8755753047 -11.0451451041 -17.9788539662 -7.42913031403 12.0066005681 -11.0715074848
WHO'D
17.6325065343 10.1534038299 2.37507838007 -18.5365877933 -17.691111514 -0.440623316126 -55.766640299 3.6295824731 -0.722026174814 23.0127266973 -21.2887454916 1.47373736351 -15.3739739089 17.2813290204 12.5302716876 0.767568338766 -10.1025166403 -14.2346835384 -3.41310775968 -51.8313027789 -7.03795184198 1.99820438571 21.7070405413 -7.48572783796 14.5557680368 1.61666343336
