HAD
16.1557793525 -12.6769704435 -11.2638657015 -6.35425695658 -27.9273960456 8.97413568889 14.7640753568 -2.63502474846 -18.617542586 -5.35219553379 -8.00027293599 -1.13337343758 -6.07317294437 17.1590034953 -1.03095615029 -10.0181014796 -12.2632730007 -38.7177270047 -11.975627672 9.70935776649 4.69461834242 -12.0775381292 -17.0161030909 -7.39605508271 -9.65620150729 -6.31778841839
HAYED
18.1290375017 -2.21181224046 13.8251051876 0.320476958683 -50.5836155187 -18.598321729 -8.96898010988 -17.4097545498 0.623968412929 15.9510410876 -5.88676930103 3.17212613647 -11.1268127438 16.6418110241 -8.39275364361 17.0923773189 9.42121119212 -46.6153343566 -14.1528675967 -13.8256391757 -26.1860143854 -9.04194243682 5.40406133769 -2.3653251094 8.84903499134 2.89727350297
HEAD
18.5307002193 -0.799452775177 -3.63007485138 -13.7794188385 -35.6514970732 -13.4285281299 5.10902164735 -0.273958029941 -14.7308899941 -6.14824223245 -2.43613319762 -11.0899822942 -12.3734030746 17.2997198613 -0.106842407199 2.92040228537 -8.62075770237 -34.9118011599 -21.8004867942 2.84737555271 -1.11922214059 -12.0411212296 -8.82560451592 8.58416529566 -12.9100978154 -7.39309875351
HEED
17.3002806658 -3.29676013568 18.0232556754 12.2712102495 -45.3566975991 -2.72540350052 -23.9109527486 -28.963166789 -7.80890160705 5.61082311131 -4.13106704303 13.7476912568 -6.81075230682 16.2525000881 -0.642368171471 19.3129350555 14.9016183141 -42.3062048438 -8.59361459821 -20.4496891008 -31.0572582471 -10.9222056752 -3.0946002624 -5.90771847521 14.5491420501 -6.44344462117
HID
15.1682919436 -11.566927535 4.73453567853 -0.113872359858 -30.6322472588 -12.0969853075 -8.13595382479 -3.95701586552 -12.7485394003 6.42477238819 -9.46220029855 -7.74004406356 -4.88257171029 17.3844982216 4.43245065942 2.29849928325 -5.52134844518 -42.281011833 -24.9553645078 -5.47660166459 1.50846577157 -4.02211504906 6.55241713122 5.56876877971 -15.922674546 -9.68145281421
HOD
18.775702219 12.2869437939 -28.1595958757 -34.7786643126 -7.35286928549 16.0169057229 -24.955851806 -9.27157092342 -1.41275118884 -10.5418350053 -17.4847636096 2.75246449626 0.334844840223 16.5740407056 3.28074784334 -20.7451663483 -18.6510443528 -15.0818085589 1.74358742886 -24.6242117129 2.85079896368 -7.52007160338 -20.392455899 -11.4603263071 13.5007434626 -11.6312874955
HOED
17.8008220037 18.7106841321 -8.17229958177 -26.5253767612 -31.7834941577 2.17142212934 -19.800946238 -16.406995864 10.4560012348 11.8028734592 1.20559401597 -14.1334687001 -16.2107843224 15.264587245 20.1701270127 -4.88222065236 -10.4132835857 -26.8073895334 -10.0794247453 -23.3004358201 -30.6218411778 -0.652868049774 -0.262850458039 14.1941010032 12.1380401574 -10.5846700834
HOOD
15.9887413847 4.12963623104 -11.8277768388 -22.5147839415 -18.4111980275 5.39810342293 -24.858168755 -24.5499280007 7.97720346826 4.44301805493 -8.58622169917 -4.25870201373 -1.79258212206 16.6433470606 10.2517214969 -10.1313391063 -11.9211707093 -23.3157766912 -14.8691246068 -26.6755091599 -8.51273695574 20.6766840766 -10.9810580643 -7.97785360296 6.3355192245 -12.0810011552
HUD
14.6548318413 -6.87009499559 -11.468160958 -20.1017293077 -5.96781196901 13.5909517328 -25.096149433 3.68521621404 5.24777166659 -9.24811940046 -14.5634177088 -3.42226748942 -7.12134843596 17.2678359302 8.92601362593 -11.1969006743 -23.2697349593 -20.9954327254 -6.9628545991 -34.1359095908 17.345461171 17.8054973993 -10.6068990534 -20.4158363913 -4.12982274834 -3.49786395379
WHO'D
17.4532265932 18.9617727707 -5.52771287019 -16.0589724151 -26.8784870752 -9.39214914671 -44.255621829 -41.2647062159 -6.83764204635 25.3883776367 1.24084763417 -0.623251112271 -7.52559952326 15.8042385846 21.787578118 -0.898472334615 -7.27521198742 -21.1521487668 -9.27061959126 -34.0591961153 -29.0548289396 -2.96475685607 6.5353683976 2.40467223344 -0.929025285454 0.745157402862
