BEAN
17.9848887229 -3.52438153356 15.2134665041 -6.25891347034 -55.9175270612 2.75175808104 -31.0004483247 -7.82561443315 16.3130891263 -10.3857503497 -1.41558500132 -5.74587233953 -18.0696976157 17.2783482532 -2.59113885108 12.277764433 -15.5649883645 -48.5255787561 3.94625686704 -27.7563897892 -6.09184168674 0.356360744724 -7.04679703178 -11.3097802528 -0.822371484399 -16.942799384
BITE
18.4607239473 -1.52266854655 -31.1113268336 -10.8910268057 -21.309848447 1.76477767635 8.2961312378 -3.44604069221 -12.7554530302 -12.3845598993 1.68733566333 4.28155178539 -17.2581298226 17.8802861079 -2.00854218376 -0.281285272776 -6.31997158254 -54.3300695958 -0.641837861708 -9.77614334062 -10.0747511381 16.4051676898 -6.65737314388 -4.4473550827 -3.11615847161 -14.8120389673
BOAT
18.8691693479 6.8266245939 -26.0450968077 -28.8230737987 -19.3399482041 11.7941037606 -14.8268559365 12.9244793704 11.9195932165 -9.48255453132 -24.6148924283 3.67359067547 -3.27564837704 15.962945543 12.5944641029 -12.7022667739 -36.6465219361 -23.0246450262 8.2001690845 -14.861435321 -4.16090020604 5.75543370295 12.0866017904 -3.36541483927 -3.98638217659 -12.0450254983
BOIL
17.338307281 15.3182424819 -16.1001062495 -38.711011818 -24.0012034228 9.37302492899 -9.25352829292 -1.85441241926 2.39966168769 3.93103286084 0.468738944093 -3.40476701823 -15.5070916755 18.594336037 0.858669765485 -26.0445381228 -12.3346710866 -27.4657572316 -8.28804779879 15.1905321714 10.1331196899 -0.289888865578 -16.8969182725 -8.12906270494 0.672495084891 -14.372998477
BULL
17.6056372503 16.4922043176 -7.81824811821 -34.7949028305 -38.3653285734 6.85429053094 -15.847299815 -1.97684357474 1.40878365315 0.368830563497 4.99411523289 -12.4748796454 -15.6813174279 17.779140011 17.336300865 -8.47850887596 -35.1275659819 -37.7685757573 14.8454830487 -18.5365582059 -1.82321301282 0.0556365694915 -2.41976837416 10.6429821724 -8.95139667461 -15.0922160011
CAB
16.8483226267 -15.3066790974 -15.7614639865 -5.44711154805 -23.9802992921 8.99036788954 5.28798867225 -11.6987150996 -6.33398187444 -3.70392981443 4.83592127352 -8.2056308837 -6.79586074301 17.9314578421 2.14945077885 -36.5494774677 -13.5518930776 -10.813240558 -3.82460191798 0.760284548317 -11.0078212988 -9.59955010296 -11.5914900965 3.16653439055 2.27009257627 -20.042450465
CALM
18.9856191311 13.4738963756 -42.0794330684 -24.3745425445 3.00401400363 -1.05155920541 -6.30438146769 -24.4567726868 -7.17059587531 11.8256093635 -4.97408816552 -12.9994039802 -0.565128342911 18.0050991122 20.7061960343 -33.8727674191 -31.9912609005 -7.33887016278 -2.07283871193 0.162389767517 -22.219539862 -8.4950525908 7.97163916331 -4.67856834955 -9.38020299746 -7.74557970675
CAUGHT
18.9864070506 6.29155110237 -38.8455969782 -18.3300692529 -6.11536003744 10.7014633076 -5.17723842971 -18.5114150202 1.10085745326 -2.10587427363 -24.0716552098 12.2732481635 -10.3169240828 18.7473641474 -0.42462649095 -37.5798725992 -9.54589286768 -10.8760298365 0.0657843148535 -0.532284212609 -11.7032130096 -13.8134004949 -8.05995021044 -7.39878782567 10.5804208785 -20.505446366
COAL
17.6833237775 14.4541814003 -12.9124037835 -36.2747477516 -35.8693931724 15.152558481 -12.0974892243 -0.724377808564 -2.38600234776 -2.76493452894 1.00809414838 -1.97658151427 -16.5996028853 16.8642151878 13.7661709747 -11.2546942734 -38.3612845696 -29.4369078356 15.7439513278 -14.9809957742 2.09765881797 -11.4259216469 -3.26578117206 -6.39368867075 -4.16070136331 -15.2800395666
CODE
17.1302088341 -3.0288172098 -25.3053148175 -21.245477723 0.762650505194 -4.3596596517 -15.2117418491 -2.7057017759 4.73609918316 -7.05060117256 -16.582417624 5.64069270517 -10.6068220793 17.9805769163 8.96317498662 -24.2795039376 -23.8541050482 -15.3901845149 0.256324664591 -16.4947787984 -13.8032711481 12.1832924544 3.45308095381 -20.9223578603 0.857947224563 -13.1662099618
COIN
18.3909291423 10.9484869443 -24.6807263964 -32.5440620338 -10.5743823493 -2.06230118121 2.31028885181 -18.1358868931 8.71373859896 -9.30624933554 -9.41698262761 3.63581090362 -18.861809413 17.7116987063 -4.14980029125 0.629155598205 -12.9830199282 -40.6166677847 -6.79014462913 -1.59615369299 -13.2230294063 -2.64579725251 4.3516843321 -18.1959479753 -2.54365694245 -14.7398786061
CON
17.0662931389 -2.37835322974 -32.7725211473 -12.8876621239 4.77905344188 -6.67902602071 -8.53851778014 -5.41908345649 2.42922745459 -0.00224145052483 -13.3435097958 -8.21262239264 -4.74261273461 18.4497496113 8.92176867282 -38.4092879781 -16.7896022417 3.71985966486 -22.6567117723 -6.10585669471 -6.38265941159 14.0431287275 -10.2453070785 -10.2322263286 -16.3210784021 -1.17741531062
COOL
17.6923497048 19.0974427912 -3.85789849961 -35.6268611326 -22.7040153086 -11.1765769714 -10.056628711 -12.8866296046 -1.80314887983 14.6656390818 10.7959946926 4.63220225924 -29.6678720396 18.1654246222 14.7444857675 -11.5944200874 -35.5226429707 -27.4771349183 13.3579821411 -12.4227212925 -5.05860487575 4.3472470888 10.7917956802 10.6487655997 7.19842136222 -23.1860080672
COT
18.2156709806 -4.61790841734 -38.1488407078 -8.83523704188 3.29207571759 6.52232246791 -11.1595412773 -7.86798897043 -2.54632909582 -5.8469160158 -7.42195954711 7.56853737514 -15.3947134307 19.2871068253 -3.05259890104 -41.3162935286 -9.31887055268 -3.05649994973 7.30676745655 -3.39144849257 -6.9343834702 -8.62274396987 -5.34147626495 -0.89114227253 14.1508855699 -20.0552740015
COUGH
18.8194101927 1.22378102912 -42.7791497785 -17.0602453076 5.14487750175 0.565379074818 -8.28796549518 -17.0225843356 -2.20557873805 -3.13678734693 -11.23304416 5.18948489443 -9.92512246199 18.8730973095 11.4097757512 -41.5462957057 -23.8119100285 1.59420601138 10.7074650644 -8.22337810805 -21.0261994456 -0.09486958273 1.66353965514 -15.7431382278 4.39851996212 -6.36198956968
DEATH
18.8264325389 -2.3037322299 -23.7507938217 -11.3445733948 -29.0631312131 -5.56979019936 5.04860239154 -3.51299656853 -15.7887955626 -16.1050863646 14.46925318 -15.2470123558 -4.68477092016 16.2610057075 -9.822794804 -15.7295348571 -9.46227824024 -12.5019538597 0.919364362245 -0.412213766637 -7.02591440133 -17.5454667843 -15.7044840097 11.3105258929 -10.9515349967 -4.59047364148
DIG
16.038799413 -10.1029735507 0.20587306853 0.466003910015 -35.5558202023 -8.26404573683 -4.54870565377 0.494333888407 0.645429434816 7.32367497311 -0.589978126002 -15.0861402807 -3.53904663677 17.1932461306 -1.4665855564 -7.72234146363 -3.00660568228 -43.580187403 -12.1915578354 -3.73215677576 -9.62013827632 0.367414524063 -5.70932444245 -2.63908575361 -13.2830037414 -10.6000368959
DIME
18.0392438802 -1.51321754036 -34.6451438672 -6.778492269 -17.5360904632 -9.03528296692 -8.41586396112 -8.6012368638 -7.9389613607 -9.00721815782 -7.46320949306 -2.20246874981 -13.7913300039 17.8284126748 2.54075362859 -29.0421900449 4.23174957377 -31.7160966841 -8.68654611856 -2.98191838803 -14.7862658441 -10.2741518756 -0.894875046709 -8.31088694964 -19.55194961 -5.75852219058
DOCK
18.0551254005 5.57126870064 -33.0370002562 -8.95443474669 -12.2290659345 3.31059557667 -6.98548181807 -12.7243484496 -10.6121971091 -11.6367668325 -5.99760264038 1.68031193581 -17.5911672046 18.3998063026 1.45283155439 -40.3425502798 -15.0467487546 -8.20133900649 0.199461455769 -4.29759934722 -8.46004748985 -6.59517891077 -8.06640991534 -14.8559005568 16.7353396152 -10.8932790402
DOLL
18.6851327526 7.55046368693 -35.9767455288 -18.9612292857 -9.37046281567 12.47942711 -18.0717098703 -4.66609252377 -2.43292888627 -12.1934417968 -5.56074417055 2.78841299605 -8.9014109112 18.5267137321 9.6997434456 -34.0489453384 -32.4238751291 -0.320147503132 22.2785510576 -21.5004302838 -10.9730493159 -6.95978997126 2.18713217573 -17.082223111 5.72355525611 -9.93710977231
DOUBT
19.0693149495 -4.08909184945 -33.1114480557 -5.9896697352 -19.3076035291 2.20207481707 9.86990631053 -11.0951016814 -13.5012649177 -6.35181021517 1.66428326921 3.44880393702 -7.46330896841 17.078912374 10.5373299487 -28.5632631678 -32.3217153705 -17.7760242541 15.1328588504 -8.53096123404 -5.71271722868 0.73183666296 -0.144676019285 -13.1067276593 4.33081927463 -7.41882060062
DULL
17.4241200164 7.00171198968 -9.83662756833 -14.9433182586 -25.8276329231 -7.60628373012 -42.1447413612 15.9891943337 18.6195159375 -7.37985586779 1.78495820322 -0.439676468781 -17.3297205297 17.8036826669 8.70311136431 -18.7801710653 -25.6726767453 -22.8450653275 2.47192061444 -41.1931187487 6.81448026282 23.9756154794 -8.70524473627 -12.2803393114 -2.16352960964 -8.75419987291
FADE
18.0579530657 -0.726790779444 -11.0020873047 -9.2902240727 -50.022042895 1.94078909832 7.1967589182 -3.16356019213 -0.727991556763 -4.5988663745 -12.4669293855 -3.32726990119 -7.59751692648 17.7801360115 -1.56770595473 4.59952842324 -7.89234337689 -52.3893587641 -2.9856592449 -10.1847207245 -11.1721359509 19.7176336984 2.99740038468 -4.51017805603 2.50389606718 -18.8100069781
FAIL
18.5798930795 -7.59361311763 -5.01154685391 -2.28354236352 -51.4418388628 -9.40750798841 5.20609940404 -10.7631995951 3.71838200107 -4.92518398888 -7.49376925016 -6.96449726037 -7.31906602576 18.8049951376 -5.56960480528 -3.68072697663 -5.58491522415 -55.9132313484 3.17644607229 6.31578309648 -12.9407911879 6.24712005013 -9.24806329214 -8.51008077847 -7.15416148047 -6.59520963669
FEED
17.9832141577 -11.0249842489 21.6890140515 -1.1784302159 -46.9493245277 -5.13429904244 -26.4476503299 -11.0983145176 4.92331545577 -5.55291199257 -12.2847393487 0.126840196725 -20.2246869939 17.5016702547 -3.92460546371 20.6894167801 -3.3872789359 -53.9785341064 -4.46987947077 -30.2176414413 -12.4864680094 7.4769375986 -2.81392240729 -6.56889817013 -0.910879715617 -17.5113937289
FELL
18.1670484018 -0.232632223058 -24.1757528376 -9.28991905126 -29.1114502674 -8.29832699663 7.72196844588 1.81724327496 -17.0052935922 -18.3182299518 0.849517559638 1.51498734746 -16.2625356007 18.6971987394 -0.656541393718 -30.1347118791 -8.9916749744 -22.444272186 8.09078397513 -4.77926743221 -8.45056893655 -5.37767760991 -24.4627671244 3.4715450848 6.61239348807 -25.6465116946
FIRE
19.2972070118 -0.0172910963371 -45.05582093 -10.3817117238 -4.87095954471 4.11623999045 -3.43861791106 -10.7306898109 -7.96225905935 -8.31447716546 -7.28048412992 10.3179287369 -20.0620512521 17.5377313303 -1.86275680827 -23.189923558 -9.93365670231 -33.1113065022 -7.24804521658 22.6265008952 -8.78167776487 -12.8500545094 -0.075922076528 -16.1009197717 -1.99468516811 -9.14823309181
FOOL
17.8272409393 17.7161538079 -8.29294762819 -35.5768459425 -22.1962038065 -9.98357461517 -14.8841429995 -14.557243663 0.0619339194453 14.826498601 2.0502065391 -2.95699833271 -30.4670983423 17.8446940567 20.530143821 -9.62326527482 -39.5580101319 -21.3961345224 4.43859748958 -13.2975106693 -2.2440406862 -12.0653748773 15.8260968398 1.40948375219 3.62937851465 -20.2840453141
FOUL
17.8394726029 -4.60753591761 -34.4014920125 -2.21202665007 -17.3173511239 -4.57287878533 -1.91792489061 -5.93767787445 -27.3244685407 -7.07135506608 1.05582555015 -1.77539284092 -24.5818184442 18.9484762202 5.61479551103 -38.9878716191 -15.1734026721 -2.41289926753 10.3938013224 -11.1873398524 -8.03809610981 -7.00766734059 -10.5625712643 2.21505320733 8.69598859539 -25.8126790347
FULL
17.6012894403 9.35836098436 -16.5536795974 -39.5076002828 -36.2141575116 20.3123342788 -24.8653062127 -2.65264964928 -1.01923409769 7.6072358029 -5.86058119622 -3.27447939155 -10.1130877292 18.1875134015 8.93253936371 -18.2775467151 -38.4749546868 -32.7265088142 22.7945123207 -13.9582901221 2.56047261969 -4.59231419312 2.29607510526 -7.45981732858 -3.83360145914 -11.8901866042
GAP
17.100611043 -12.5668968085 -10.8039175384 -7.33834570681 -30.8800390249 3.58557613933 4.04839764741 -3.78906912492 -1.01812584984 -2.13301655712 -1.99896693926 -2.8958057311 -4.30770461566 17.678369472 -2.98539226871 -38.2280338417 -11.3040567732 -14.3117741989 0.196307899175 5.0873358625 -14.904056947 -8.30638026042 -13.1054460648 8.64521132885 2.91260579294 -14.2526981856
GUIDE
18.6251389024 -1.17276770157 -35.3654871255 -8.94162079268 -10.0326782306 -4.02865321833 -0.690114577291 -15.1886872291 -12.1225003877 -11.1040084978 5.18766668994 0.360474763888 -17.1414516613 17.6643612593 -2.78542607946 -11.5113149225 -7.22330389943 -42.3058125001 -6.34630985401 5.5689939005 -11.1990913121 -5.61327395829 -2.3276820238 -9.06069982982 -4.14771380692 -9.28379681698
HEAD
18.9843805977 -4.13553137115 -25.8174952622 -9.91721879578 -30.4079864383 8.18771187196 7.85178221525 -9.44649934226 -27.1404812311 -6.26743259842 9.26076803955 -10.4541523246 -9.71152698441 18.0110138487 -1.19527611335 -18.1918053599 -15.3130220578 -32.5974829974 -1.04254974879 6.19647411613 8.11024561056 -26.9817089561 -10.3329991666 11.1656573266 -16.9931315408 -11.1650062701
HEAL
17.3526012217 -8.6041144244 24.9038748382 -0.489975016423 -47.1559902422 4.79439186799 -32.1362629622 -9.79494506387 3.49000869838 -8.39986778183 -9.54959116812 -4.14316114165 -25.1852584164 18.3402537579 -0.201347240337 -1.25088541556 -1.72616281301 -50.8994803207 -11.0404861372 -6.86500094944 -1.40480616402 8.09196039706 6.45664531441 -1.61077281002 -8.16140565212 -14.6909167267
HILL
17.6231340858 -0.927436240766 -12.3060713397 -12.3789894503 -41.2327673888 -8.59932713959 4.72666788114 3.93643136121 -16.5760795782 -12.4357680747 2.40877272295 -17.9189394143 3.49045897818 19.0475969356 1.60208159207 -24.759446525 -16.2673502194 -25.8122211131 -10.650523104 8.17692763084 22.3687000663 -7.06803910938 -26.5250583339 7.47376039781 -13.7608148971 -8.01419703939
HOME
18.661650853 11.6713232321 -30.5217934511 -29.6264681431 -12.8936004532 7.27202978937 -19.5523047477 -1.15078892797 -12.3898177286 6.28806374108 -13.151777644 -3.78023057118 -10.0060605124 17.083515501 9.87535778979 -11.106531611 -22.5815030516 -25.0756771478 -3.08372755277 -17.04290074 0.510774880815 -14.9664234348 5.83334110475 -10.0541497549 3.03335625371 -19.1605721044
KEEP
18.0643304868 -3.50649273733 26.0685540027 -2.66761108623 -43.5358291747 -5.31045014926 -28.1015840884 -14.7052608793 3.88658250277 -2.92962377641 -17.3511988444 -1.9876463003 -15.7222734475 17.2529949398 -2.09399398721 11.9477017726 7.29143922623 -46.1981901075 -19.6575377729 -15.4674314383 -27.2845847823 7.76969033688 -2.07774411727 -6.13170974019 8.43371402799 -9.40523459559
LIT
19.7672201875 -10.3943464972 -15.6943015653 -16.5386583705 -30.4298649855 -2.22793197458 10.0086621571 36.0087410139 -17.6671007208 -8.57621036297 2.41987210334 -20.1298611657 2.86177243629 18.9392252062 -14.9435311064 -13.9326191297 -14.5684161574 -36.6142974126 -0.209353611386 17.0001129358 19.1911246381 -15.3314240908 -6.70983262534 1.94826299986 -19.5481269013 11.7820172005
LOUD
18.483820093 -1.56112608937 -36.081148842 -8.00053532195 -13.4746844929 10.5639773276 -8.58426485188 -15.0042264369 -16.9234011597 -7.76826296528 11.1578945358 1.84927990687 -17.5249479171 16.9246214573 8.32016018356 -28.016269599 -21.8348770448 -16.3564959921 8.64813519217 -16.9766269727 -6.30423168688 0.340479303672 -6.1333539877 -22.1730041336 8.63890154551 -10.4661374746
LOVE
18.8991553349 2.66325508659 -32.9592162341 -25.2843241106 -14.4864075189 22.7842931195 -26.5247498545 9.98317531195 -1.45798069227 -22.1166074733 -5.17542930758 8.67159766193 -12.0327487617 17.044229097 5.97659284629 -25.1361915425 -22.7948656048 -21.2744649141 10.6474281261 -23.9392596125 14.733608355 -1.41412981668 -17.1670375331 -12.3077784715 9.10205880684 -9.86261790591
LUCK
19.2836465715 6.93331749748 -29.4877521303 -35.1144352495 -3.16732963784 10.3508330555 -17.6379641032 7.38252508138 -8.86010081926 -20.8251593482 -3.22356188751 5.59909768653 -2.05937380919 17.2656846175 1.09633255771 -29.0066402948 -21.6111308466 -9.94625478554 8.21826537311 -10.3262324127 5.69333284227 -8.41852980479 -28.9721922701 2.21071709468 18.4937156193 -8.82180813269
LULL
18.0129327747 11.4585605671 -17.5292995244 -34.3881581972 -28.0371009874 21.6426004195 -31.28827364 -4.25177648052 -4.56538029902 4.25065371875 -3.25813865259 -14.9767633346 -9.28168130335 18.2905220833 9.38583183049 -20.0716537978 -38.4218149803 -29.9014355969 25.5200467183 -34.7324678099 1.85001882623 -9.77334569254 3.01405836545 -6.77543853353 -11.0025155765 -11.5617703638
LUNG
18.5964635137 13.4161785831 -26.1888260006 -34.9857716764 -10.7245383034 23.9557462859 -28.598184084 -0.223464441939 4.40266103503 -13.7437754749 -9.04455962089 -3.92088901951 2.85463957046 16.8309855864 13.241822378 -22.3781240735 -23.2868970165 -15.2045667951 5.61549412118 -35.381944366 4.43617951967 -0.759249180823 -18.6728332136 -6.12726409298 -11.8844916595 -4.16411919563
MAIN
18.1652891929 -3.66536674459 -4.41375181519 -9.3567426253 -52.0166706361 3.86143887632 -1.47755533237 -8.33160883436 -3.6627570608 2.7527397728 -15.0116675147 -10.1694929417 0.159246169361 16.8342959213 2.63582356398 11.9502605026 -12.6037442006 -54.2555007482 10.0322636979 -21.7195402079 -7.84129745018 4.31481620844 -8.04466964386 -6.27212395858 3.67558350769 -15.1871920254
MATH
17.5816813548 2.84475375578 -24.3118296489 -2.13896396014 -24.0751129779 -15.1051813458 1.1844365246 -8.56230245486 -7.86960329087 -10.8349836006 -6.50709261398 -11.412580264 -10.8150891775 18.5048721355 -2.28970012434 -36.6823565262 -7.59845890242 -6.21098862755 -9.24801421026 -6.30358030014 -16.1649966336 -10.4528962739 -7.19074808468 6.68529153316 -15.9416282855 -8.89649026619
MEAL
15.8414925404 8.7499693826 3.76658742187 0.743431125046 -34.7723593463 -12.6953193916 -19.7124830017 -6.16268107251 -5.8838919829 -11.5707523213 -14.4951682165 13.4567808347 -25.716746502 17.7660385717 -0.645000282011 6.96799427424 -10.2607965592 -49.5322636807 0.092810260605 -16.690848121 -4.80719703981 6.78852363426 -1.85716896775 -5.16976209208 4.85569999151 -16.5535571683
MILE
18.804860632 5.44762893992 -41.7434093963 -16.1284518781 -1.48371161945 1.45916717972 -22.5319289221 0.317135251226 0.152459125291 -7.24259939238 -11.2676952952 -5.56321069754 -16.3173569596 18.264369979 3.32686537765 -31.7074852919 -11.04115626 -25.3404644575 2.96744133163 7.63773671696 -5.92253919579 -15.727133588 -5.70542146041 3.90960580547 -12.8418914255 -7.35856283398
MILL
15.9500511047 4.42333466757 -0.939190946743 12.6194324955 -35.8950706463 -19.0072586408 -6.33898214555 -10.8336409307 -10.4761644912 -16.7440681355 -7.42449909445 15.409576887 -42.0324157041 18.3621412702 -1.82202784103 -19.212709977 -13.7998519994 -31.871336622 -13.8735633828 -3.3057150152 6.51717889693 -10.1943528173 -17.2102572489 6.33061236043 -13.4768930424 -15.8036450806
MOB
18.9003887903 5.37193079349 -36.0515706556 -15.8539896494 -6.06466626438 15.1511364157 -30.4645620875 -5.16024376474 5.48584046304 -6.60946091888 -17.8052014856 0.0573741292345 -14.9658332235 18.1273498591 9.3501755616 -35.8951887484 -18.0071788738 -9.38731423565 10.6257375813 -22.5651599331 -10.1262712032 1.48898819082 -7.82793164555 -16.6693608729 9.47594368319 -20.5551541165
PAL
17.516726184 -14.9189509504 -25.5877408656 -0.448978497707 -10.5578104058 7.45376645479 4.65054107191 -17.8039558176 -15.743997771 0.177188523548 8.27272741226 -12.7700486435 -5.54347432677 18.9024714342 0.317006428247 -36.8725406664 -11.4404227567 -6.09704902727 5.4186358954 -17.0493122854 -18.7234855404 -4.00194443173 -14.8228093 9.84091318355 -12.8937372818 -15.2702995755
PEN
16.679690783 -15.4653987701 -13.2320802146 -1.1575707044 -28.2519047737 1.15656709756 10.2881429781 -11.3465349278 -7.42906959347 -5.86210177617 3.92958482741 -7.52137173312 -2.28064194258 18.3463536648 3.0083508174 -23.1469044331 0.325421356834 -41.3372116292 -8.68297687613 0.143691324484 -13.1006613055 -11.1363295659 -3.44474928151 4.92361736378 -26.479541445 -0.38922963778
PIN
17.0572745516 -11.7871799726 -13.7657021108 1.98813798095 -31.289749841 -1.78947815128 8.80021351932 -10.8434860507 -13.5760678006 -4.25861283656 4.23032213799 -13.9288840745 -7.08469868846 18.4125252777 3.40407695862 -22.2316256148 4.15230063126 -33.2949573493 -18.0835490072 7.76530121218 -16.6504952105 -9.31493759989 -14.8941192045 14.0313822796 -23.1231979845 -9.48689673415
POKE
17.4165889266 -1.82273282531 -25.033067683 -21.0775691571 -7.91122164385 4.86250080639 -9.56089237957 -4.12975678616 2.31613190224 -7.87962628138 -17.0187401028 14.0680523974 -13.1386435843 16.2271526799 7.8354488145 -13.5946532922 -31.2944655932 -22.2844439651 -3.26120759553 -9.82144677688 -8.77083727818 7.69523403307 11.185803074 -13.409846619 6.66504603027 -13.2101220647
POOL
15.9713762146 -29.2278560338 -20.3020178065 2.45696044035 -1.83450979153 -5.53371510816 -23.4545664792 -3.99877514519 3.72749569446 -8.68828873325 -7.61923986949 4.83990536179 8.38084367109 16.0868177862 -23.4122577783 -23.5590024239 -0.521770176308 -3.34776338138 -3.70234987342 -10.9259219518 6.01392609325 16.3412485102 -13.387646474 -20.7260906052 -8.87620755749 3.14065839833
PULL
18.1136742317 12.7046038118 -14.6034322514 -35.4382600707 -35.847376417 13.7217232135 -11.7647874644 -6.71504126463 -7.74092953636 -3.75225000492 -5.08883769979 -1.42178210874 -17.2747333283 18.4880562771 16.1237915512 -15.9680952044 -37.6015475038 -31.786529095 18.7836867803 -8.53564331344 -4.12408947083 -2.71782443161 0.517862534826 -6.12627513408 4.93194805112 -16.9643730306
RICE
18.6048042293 1.60211132395 -29.5215923082 -11.5750034381 -21.723302306 -7.18598100115 13.7749117374 -4.16675650998 -23.3759704578 -5.46173785684 -3.67163429103 2.88307305865 -6.7594961827 16.6322480538 2.90802373458 2.42606656494 -6.4062869522 -48.7720950126 -8.02785744511 -2.9770775631 -17.4875950268 5.22427032772 -9.90990641331 -8.12679781178 -9.97412858663 -11.1840506969
RIP
18.7247896448 -2.36339782849 -20.4683037778 -5.11890450575 -35.3250080866 -15.2216864785 -5.73196842615 12.6693930776 -13.5744783018 -4.99590494366 -5.0395252732 -1.64724079473 -18.6578604948 17.8018717505 -3.73886700611 -22.2276061658 -11.8286750152 -31.8973125688 -11.6734016607 0.390415675119 14.1959060896 -9.72427947082 -18.4455113221 1.01657246267 4.05838762373 -20.29743996
SAIL
18.0764392117 -6.30891596553 -9.86664669142 0.982692102977 -46.8219501878 -9.23187075879 9.48722381159 -22.2844863463 0.161513339021 -7.87481177023 -0.182107556736 -13.8350749449 -4.58333501225 18.6061777665 -4.62375841093 -17.0002191309 -3.36684660369 -43.9626739727 -7.37027900755 12.4469302587 -12.9569303106 -7.54949180735 -9.59519412907 -4.1184439273 -8.07836457088 -11.5791731792
SELL
18.4719049279 -3.57945248928 -26.4738453647 -9.76385303163 -30.9026829307 -8.87525098742 -3.80550735568 1.75261962429 -21.6103705487 -25.131909931 12.6478293098 -14.0356815942 -15.9989405769 18.7452500196 -2.90241419027 -31.604457159 -10.6230732931 -19.5145907136 5.5710025827 -10.5136964711 -6.98037235813 -16.210278451 -28.4932083127 15.6435378216 -5.91883014595 -21.9737372418
SOUR
18.8981036729 0.72314749046 -31.8028890169 -12.8604851658 -22.329564308 -0.952123850795 6.1256492446 -6.39780092739 -13.2806764362 -22.1958267277 8.91069360524 -6.06546494116 -17.7071508308 18.0547539848 10.2226849584 -36.1442099223 -24.1536872072 -11.2662156552 -1.62971110114 -1.14172892884 -10.3169505389 -9.73223378821 -4.0893483148 -13.8776987054 -0.224837939637 -8.03229522981
SOUTH
18.9663403776 4.72452855542 -41.0662640606 -10.2694383149 -11.543442027 -5.5361029629 6.2631742057 -13.4516528746 -5.65352908814 -18.2991825421 7.03012568633 -4.15062045327 -15.2748265916 16.9950804417 8.33876072892 -29.2293293329 -18.5345087406 -10.7572015374 7.43677484438 -11.4335284892 -10.2493185377 -3.4910928019 -11.4205243595 -16.6295118118 9.19856389778 -9.29330034673
TAPE
18.6240861902 -6.96682101025 8.33349364843 -5.65707443114 -52.1054969601 0.515552357014 -15.8126176117 -9.81233221872 7.55655199326 -10.9331769629 -2.28329678075 -1.98830335205 -12.0956575196 16.3283682739 -2.51233341116 15.235049375 -5.04895138643 -50.6241950561 -12.5332712692 -20.6784982318 -15.7327137822 14.0847776999 2.48562877262 1.4299556279 4.79220950737 -14.0087025875
TOOL
17.8633835818 5.54798743696 -1.72324221053 -10.989636549 -31.0625316261 -27.9739658486 -11.3638143703 8.76460795626 8.13482411764 6.44817410651 -12.9156285465 2.22523937375 -29.3761449022 17.7414249707 16.1728949561 -3.1983060214 -30.8309068964 -26.5652475011 -0.346219514598 -21.3713984005 -4.4080570333 2.03818063579 21.0688102566 -3.0739379013 3.32838983826 -27.0016950874
TOWN
18.4200555763 -7.00006675007 -27.9247908652 0.372303349026 -13.9705499632 -14.8320542975 10.5028356597 -21.8632226683 -10.5936231195 -8.66664242108 2.54539203042 -10.2385745796 -10.633506431 17.4803521177 9.69823396969 -30.5491090029 -15.2946885133 -1.46791576144 -12.9940296194 -7.65775665305 -20.3445901901 3.17871539559 -6.1394338273 -12.3922747735 -5.34955494944 -10.6984171466
TUBE
17.721310263 4.11917673807 2.15601179548 1.8451033883 -39.1349992609 -37.3832138948 -1.79592034001 3.93683790437 -3.58455534331 22.2359168588 1.69737885834 -1.66059678445 -27.1319940839 17.3123011368 11.3988801147 -2.81096037521 -9.55459007712 -26.6213125787 -30.7892486543 -22.9347276142 5.94825157738 9.99891745294 14.0251229343 -8.03899114232 9.09927157508 -24.6262888815
VOICE
17.6493178573 13.5111284387 -14.0835835563 -35.8689347596 -24.7170176301 4.48598922131 -4.79824435628 -7.508140188 -4.15320674106 -1.35814516444 -4.12704436976 3.14388536109 -15.2946554219 17.448478196 -0.200677977238 -8.78080005306 -2.00249547672 -43.6039711151 -15.447367627 2.88220341293 -10.8303571273 5.69142104303 -6.18716854143 -11.9778300063 -3.69308694139 -17.7090193142
VOID
17.8826829813 11.8249072179 -13.2843587069 -42.6463946292 -21.910638996 13.6657884396 -4.33204160143 -1.67597547914 -5.49653031728 -2.17976141165 3.76653787613 1.60970405743 -11.4992542724 18.2113559395 -2.45545439193 -19.2921930076 -12.4482844467 -35.1068115795 -5.78060796852 9.76307533637 -3.31792857836 -3.56542804239 -3.86848899405 -11.2386152627 1.68960511661 -12.5124804731
WALK
17.6861527773 11.9556748212 -9.51234326924 -36.803128211 -29.631849651 12.212643072 -9.87699470212 -5.66528575618 -5.64042457557 1.53710422787 -9.01410275509 0.880848394029 -15.1517591207 17.4337600882 6.26013172667 -31.3264457715 -27.6545481401 -12.3059800278 20.3101026293 -11.271180419 -16.8545663953 -1.33412099376 -2.50922705668 -15.8175371719 7.79179457089 -4.412837763
WALL
18.0476285431 15.2962277063 -24.8119437781 -36.19974921 -14.2536411614 14.7189609107 -11.0118167841 -8.97095405555 -2.77343793569 -0.307430086129 -12.0661083132 4.176959828 -3.43335529733 17.9225129005 14.9121385757 -29.0188704127 -38.0379584775 -12.3161905713 23.3892699866 -13.5670510913 -14.2563439325 -5.30616355094 -6.58102498806 -9.95576252455 1.55644479416 -7.49075139288
WET
19.1551172863 -1.24652443751 -35.1755460314 -6.37601138121 -21.7349410592 6.36248880245 12.9403977611 -1.86944055762 -19.8341517218 -6.27729899527 8.98671818308 7.70559341864 -18.5059874234 18.6012366754 -2.23998196866 -36.1447557771 -8.05570651907 -29.4182473922 5.91976644187 10.0475569557 -2.04866773014 -23.9012741826 -9.10292079911 12.7089002214 -6.27022153292 -7.52360183329
WOOL
16.2384147496 21.3911294895 3.74254665177 -31.5028549826 -29.6164950338 -7.38723415225 -14.9216928094 -2.89663918919 -12.0391818496 6.98345571035 2.67801249972 -3.52690635681 -15.5513769202 16.4218787523 20.9713274193 3.7442566984 -27.8356462316 -31.9635855388 -6.42008739093 -13.1389349413 0.683091448808 -4.94637034043 5.53824073085 3.32886599795 -7.07316004805 -14.6943439126
WRONG
18.2637860075 10.8267264768 -31.0416139975 -32.1924118016 -4.86385320746 7.98765997119 -26.2864579952 -1.147594618 2.39248849777 -2.61133528704 -14.6584597708 -15.4890844203 3.3899775748 17.3752935477 11.1126312088 -26.6467417489 -24.5368312285 -10.439396813 3.44859670706 -30.5760525594 5.82641483998 0.504018947197 -11.8787718567 -8.01263763248 -10.1553864453 -10.4797820416
