HAD
19.1370575391 -6.00994905987 -26.8539405002 -1.29982133597 -27.2132258758 -3.67892027423 -16.4704642617 25.7043790769 -18.450349202 -4.92816346678 -34.9344448981 16.372724346 8.99134927058 18.68363189 -3.70211299937 -21.4186137609 -2.12900519367 -33.3650740411 -6.67720064342 -25.2535645712 25.4880664772 -6.68567486751 10.6323008125 -33.1570290996 12.6126219965 1.3995750471
HAYED
18.5682739817 -11.9709290106 -1.52824173846 24.0245255081 -51.2449127302 -18.3724050536 -23.2054704024 2.17401900736 -28.7643802115 9.21260746836 6.91297922934 3.34187511428 0.475324802583 17.5681450794 -2.83063496767 -0.566562301339 26.5304715707 -47.4615457797 -20.5166284568 -21.0994105973 -15.564864306 -25.6728742764 1.71817795532 8.29317150786 3.6827041739 5.99737183857
HEAD
18.2813519192 -9.2221985529 9.75226785868 35.5113528882 -47.6500376401 -7.58437140503 -27.5290196029 -20.7735852956 -29.6622017524 -13.4146314582 10.2317727617 -10.1585081543 5.24942659739 18.4866841424 -7.52912680514 4.85425155838 37.0488210178 -44.5701828184 -14.5493756387 -28.7797731534 -17.1608323086 -27.5999317943 -11.9938789495 7.29599514795 -4.28666584022 3.80609958128
HEED
17.7752642821 -8.11923544166 7.64746424885 27.4724956392 -48.3398686901 -12.8713465378 -25.5155459255 -18.1317098915 -24.6222833213 -1.68561921821 7.36727472994 2.23494358915 1.99758482573 18.8487931966 -10.9581523585 5.08839437868 34.0046989534 -49.0032146452 -16.2495200642 -27.890229369 -12.9039546568 -29.9678166505 -3.51762388684 6.21943248114 3.90876296114 -1.31471240821
HID
18.3664432964 -7.8497891541 -12.322577137 15.3326309137 -48.4016160999 -12.4645371158 -37.2811104223 22.1837422571 -11.5716526666 -2.33480863673 -0.805794582642 0.525623062882 1.3881743138 19.1409193138 -6.11846870229 -12.0125687841 13.6246340378 -41.2511513457 -16.108887163 -45.7767451031 21.3895351425 -4.28633530146 1.48553539368 -1.15337866494 9.67520668435 6.23220492512
HOD
18.770274594 -1.37346520237 -28.6266738379 -22.7425504734 -18.7549496067 17.0827088881 -1.80787260997 -11.8453864239 -9.87429868369 0.653234711422 -8.72971222452 -17.9361834899 17.0781644214 18.4730719214 -0.258992704756 -30.9034953248 -17.3911890908 -26.4638389923 6.80048111089 -17.6071515934 5.55754004227 -2.82584798127 4.20251761878 -16.0189081772 -15.5216758182 16.0713241359
HOED
16.1749004289 -0.753490199628 -15.401308259 -21.2610290022 -37.351720378 13.5750839594 -1.13690807591 -18.4067620493 -6.87584092886 10.6798629104 -1.0083869537 4.87126976674 -6.91959485594 17.0159076508 10.2353857267 -4.1835556707 -11.3172070737 -37.2461229812 0.0668746265967 -9.60360538698 -27.8103882645 -16.1808816968 13.5446500268 4.45950131531 9.2123538289 1.71023344726
HOOD
18.3194366975 0.233368762626 -20.6140747059 -7.63061809111 -49.7631190814 16.3475376545 -31.5741009945 -12.4658183661 8.83934635918 17.6433605186 -8.72318321941 -17.5273344104 -0.227251724098 17.9428364089 -0.986080532801 -14.847349105 8.94981315826 -38.178145181 -2.40492392404 -48.9925755756 2.8960096296 5.21936312539 9.946599768 -16.0154149559 -3.67569974743 18.4627759694
HUD
14.5435683442 -4.9873463072 -21.430281703 -20.8516497003 -21.2307187776 19.3269775249 -0.339348601912 -15.1419451181 -5.06009252885 1.39296544029 -4.57639543344 -0.567700772011 3.22499533658 18.8077495347 4.63806852655 -25.228148785 -9.21312157713 -41.5938916883 11.7885742057 -17.9745262422 -7.29557292361 9.92870000882 16.8387211357 -14.8948350702 -12.0091930724 -0.561760565279
WHO'D
17.0417397686 12.3821636325 -1.80217384488 -11.8929017666 -36.6936192076 5.69562326193 -14.8049472554 -32.7122573994 -37.5840256395 5.74477054807 6.98164895364 1.74433242584 8.39550328823 17.79351264 9.90343775419 -11.2229801874 3.41052323424 -34.4997104637 5.10164771507 -24.4936647117 -30.6890442294 -24.6964312759 12.8689855975 5.35323107529 -7.924374646 11.1555497429
