HAD
17.9665887233 -18.2235464788 -26.8268540288 0.60418524709 -19.3778273415 -0.143202296958 9.58747069394 10.3875499501 -14.4883015493 -17.2227928136 0.0191502481855 2.7139232632 2.32878782306 18.8773537427 -6.597151594 -23.6853446357 -2.89776586957 -16.2355831046 -12.3421929995 1.416492187 11.6655696697 2.8741889739 -22.5511022237 -12.5755978844 8.58224353412 5.14727809276
HAYED
19.1517601472 -19.647602959 6.13658630863 16.012645183 -54.7932198582 -10.5041526757 -3.78491465936 -12.7499249393 1.6189512109 4.28659619447 9.53983295413 -4.55448207803 7.89103344729 18.7808397389 -15.4978665015 15.5256711081 23.2997802039 -48.6114674852 -9.83423680261 -21.7367929338 -19.5051703743 -9.81103141542 4.01547116243 1.4167115395 1.40026823573 4.25121845614
HEAD
19.5313108336 -9.41413809365 -18.1272098672 -2.74596920279 -24.4377997641 -23.4080046346 1.07228214835 26.9399389879 -9.24699563749 -11.7017214027 -28.5584034449 6.89928314863 -3.43733046606 19.0630603942 -7.72947178389 -11.2707990629 1.83327098797 -34.0818964752 -20.9081458105 -8.73217694496 23.1730852716 -7.08583695039 0.897211803099 -21.903378852 8.63305674151 -16.2123443092
HEED
19.1055123997 -21.387518201 29.1086429681 22.2802043611 -39.1614178751 -2.15988118903 -30.8136380513 -23.2606174934 -16.5769381293 -1.79505818913 -17.3508067315 4.52791572576 -4.45337441678 17.9022220433 -12.5109015743 24.5060308467 27.6211639579 -43.2418295819 -5.71766179018 -29.4132825964 -15.8554567823 -26.7397683659 -2.32058137472 -15.2050998521 5.86303545752 -6.60457413281
HID
16.3196351762 -21.3549449703 -9.78871545255 14.1318822137 -35.7470334126 -15.9024907889 -8.11133626656 3.49568713291 -4.83396102585 -1.57972607934 8.8981233471 -3.69234553013 -6.84573453435 19.1415909056 -12.5022720303 0.835469239514 10.2551856811 -42.3358170966 -24.2778576227 -20.5565264853 9.09091137712 -4.37160915012 5.70242374155 8.83306107649 3.09467206152 -15.2646361161
HOD
17.5345793287 4.83508352993 -25.0841838658 -30.0031030154 -18.9217237001 18.6316936717 -10.5433353992 -8.28391089272 -2.59967714566 -5.91849968248 1.92979302394 -24.543896034 12.6491864042 17.9025535035 6.03895750522 -27.9156462972 -23.3948697305 -21.5267202626 5.79121037386 -19.2504668072 3.08453389624 2.20482822209 -0.815327985315 -14.2834886963 -16.423822812 10.3641372317
HOED
15.9650519253 -2.48380428423 -10.0106783593 -16.8335214818 -24.7907504749 11.0923513321 -26.6616514216 -11.7066166639 -1.86978451832 21.8103380063 1.5665939478 -8.7822021294 -9.62858588403 16.6061555215 9.68250615451 1.93667293019 -8.11315322048 -34.3743301909 7.53413047491 -28.7766167284 -29.5541627483 -21.3821613195 12.5232865757 11.6686604985 -6.66001519722 0.34143443361
HOOD
18.122865882 0.216784955499 -12.7276361411 -1.94579709519 -38.8832866717 3.39813265057 -37.9089009227 -2.57805605304 14.7851916999 18.1784976665 -13.5428726686 -12.618443001 -1.77845169572 18.5542669416 -0.0434986794621 -10.1044365772 9.74296476841 -43.0146592927 -1.53786392095 -47.2359344227 12.9313630718 13.6125729479 1.32268688503 -5.9480011837 -2.91522010656 5.7421182102
HUD
15.0381106675 -18.1889660018 -18.5462942671 -17.3212521072 -5.39643852903 11.7386346219 -20.4049204301 12.5359729482 9.2553401009 -9.73699518552 -9.17973331904 -14.3704601748 6.89936495147 18.6143085788 -2.55688536946 -15.7816611929 -17.281818986 -24.9393894471 0.736470104767 -22.6559497901 5.81304566726 11.033677719 11.569889298 -25.3613359776 -8.54442551756 4.18759180114
WHO'D
17.0783922793 5.00491833427 5.04369502378 9.44140261613 -26.0052667711 -10.0326472836 -51.64076163 -13.5371182084 -26.2297246833 9.39868209772 -9.8289166914 -19.5157828555 17.5791526486 16.4412136082 5.7237033737 0.855258020225 18.3750178435 -17.9060101357 -18.1754044838 -41.6284222038 -17.3236323426 -18.5912134018 -3.22585376426 -6.46394860127 -16.5026324004 14.364382638
