BEAN
18.7165418001 -11.7867711347 28.5161465265 -0.137839656035 -40.1746224576 3.5190937266 -37.5765748706 -11.9470566832 -12.5457253392 5.34254222205 -19.0721588699 1.41445937643 -15.2913813783 17.4798874005 -2.42520754074 24.5035612851 -12.7331344479 -44.517254824 6.28746392111 -42.3008451971 -11.6622383249 0.629189599235 -8.09063871591 -25.6919135377 6.00287406017 -15.1581062604
BITE
17.641325636 0.639795133828 -30.9971506405 -9.97064758397 -18.7121869361 -0.604537103402 -4.60124868175 2.77055078128 -6.9386650619 -4.68874516958 -18.4415676809 5.4256291488 7.98884908813 18.9120812482 -1.72266191974 -34.7911421908 -10.1094106453 -37.2278461988 -2.18135848774 -2.61013974098 5.18245832809 -19.5143923451 -16.4349431878 -11.4818366375 5.83379220827 -1.73696827132
BOAT
18.4726712433 11.0986327322 -15.398823019 -26.6102601585 -23.9486209031 6.66006226381 -13.671007264 -3.80269965475 5.12819726753 11.8988164688 -16.5278221701 -9.98747480044 -1.37416529101 14.767978706 10.1827392175 1.696259981 -24.6672435708 -21.8908109756 -3.30744199212 -20.5060066634 -23.2932756356 -11.6137625313 10.8956720645 -2.82407562728 2.52407362844 -11.2964639299
BOIL
18.2586154763 14.073470867 -3.86691760205 -37.1429655148 -40.4988331075 18.5290113853 -12.0508551659 -8.97026633895 -10.3659315077 -6.7644552205 0.519199749016 1.44161382273 -13.3497422555 17.8195664604 3.84022828816 -12.3087703015 -20.7412830672 -32.971306961 -11.307779273 -18.624010521 -0.809351003319 2.76504767107 -1.30446914589 -17.3390441999 0.660539929749 -10.9213901777
BULL
16.8539016041 16.3589670329 -4.33207264963 -34.5719388498 -40.7858459265 13.0212669631 -8.71741438107 -9.14707996704 -9.8645559299 -3.90512218657 -6.50432375706 -3.52843324902 -17.035995951 18.6062197038 15.2124808221 -8.15888737527 -31.9158361719 -34.0603649878 23.4714656966 -11.0254289737 0.859503343272 -11.3260945203 -0.607058367072 0.357804356781 -4.15582061724 -11.6070683532
CAB
17.9284209548 -18.3995361219 -0.621094102968 -3.83844006602 -38.3851351183 1.8225704556 4.71535761358 -7.27364007455 1.86819393419 -6.1408849506 -9.05889842039 -1.26040918374 -11.1788959773 18.4874612736 4.3984671247 -23.9113727209 -10.5303151553 -35.2967009571 -0.820995006424 5.36814290458 -2.11376912787 -7.14396021933 -13.4157690399 -18.8264590788 4.57032856814 0.684368202623
CALM
16.8519508619 -11.0391974321 -23.7150633444 -12.6953729872 4.1968861655 3.95142224626 -14.1387737628 -0.313043183667 2.44968586315 -13.9383207249 -5.58629165006 -1.90573326085 1.82328062897 18.8136234502 12.9383470192 -23.3088245221 -30.703573651 -16.3529572851 19.9061637262 -11.441034123 -21.4504313419 -20.8202021273 -10.4380915286 2.48675889094 -2.39701326825 -5.01393467204
CAUGHT
16.2805330443 -8.10596058272 -20.7613246948 -13.0035418826 0.566923401413 -5.57366377259 -3.33992121978 -8.82057145207 -10.4482591804 -14.8625504015 -12.7159297862 2.78408537025 -8.11855944111 18.4400003696 7.05901368661 -29.707787366 -23.0833518021 -14.7949998961 11.6665007691 1.20696176808 -5.66827143512 -9.51815800279 -14.0817902635 -17.164111382 2.93047859305 1.62155437914
COAL
15.7826833565 0.906273340888 -15.643483722 -32.3540151966 -12.8220244828 8.59064494434 -1.95996145905 -12.2289946457 -3.48758468585 6.09513890044 -1.52734031612 0.441855531043 -10.2663839242 16.4992947285 15.0618274966 -1.28800656132 -28.8938865076 -32.9248732325 1.58005296168 -6.82268106288 2.22872281404 -12.2309389502 -16.1385903873 -0.341869555782 -0.309016705869 3.04118682971
CODE
18.4498081684 12.9131801606 -16.773185749 -23.1069815353 -27.7431325953 2.54263983764 -10.9065655171 3.09687266847 -1.0950609024 -1.37019021228 -26.3595261159 -2.7555693355 6.40023999491 15.5519226913 9.76014535182 -1.0370736508 -19.4950132357 -21.2500578512 -6.77182609885 -20.7489364041 -18.7874943158 -4.53858666567 13.0702212471 -5.71266192286 -0.201881711184 -2.78188540439
COIN
16.8369649131 6.07521975776 -9.24634142144 -30.0482780069 -17.5746296501 5.78898842062 0.211600936348 -13.1479935764 -10.5558690419 -10.4773352305 -3.68753288263 2.77721642617 -3.28161447161 18.3699172006 -2.38808986538 -11.8914670777 -3.07966576825 -43.9731611584 -4.13631128954 -14.8900269101 -13.3280040045 -8.33369768882 -2.53847004581 -0.765360556538 -7.63806754498 -3.34661269889
CON
18.9699861387 2.69173147928 -30.6089503208 -0.962856321845 -20.0164115414 11.6340157331 -23.9242314831 -7.17748767183 -18.2225730553 -11.362298752 -2.46007766652 9.8683678768 -22.3984062335 17.7379474982 8.87785317513 -29.4823198805 -7.0488369086 -8.72282494562 8.56530443799 -30.7135521341 -15.624056901 -7.71316009879 -23.812674456 4.97471758474 8.32533858888 -14.5635719122
COOL
17.7610377383 19.6829278162 2.92551362183 -28.7573746492 -30.7564776205 -11.9537805056 -6.80520170523 -2.10892748751 -13.4952023718 -1.03742286491 -5.63150459062 8.6171554323 -4.76029897887 17.9806351789 18.3845967844 0.386969664353 -31.7533109952 -36.511919645 -4.3365763327 -5.03571706243 1.77363572865 -7.57990885375 1.25462772503 6.25058531505 4.47845451991 -7.11922794097
COT
17.0717497709 -13.64312293 -17.0062886414 0.751158786691 -22.4394814041 -6.16203207476 10.2154334131 -7.16684902735 -18.4257239709 1.17217681622 -17.2795122871 3.24719752448 -18.7525084195 19.3310868131 6.78132019698 -41.2804603641 -20.8040894439 -2.84141912226 6.12018674562 -3.7441274021 -6.90686217886 -18.2603247161 -11.0487312693 -14.3317097809 11.7704331393 -12.4142670599
COUGH
16.6567681904 -5.51262004501 -31.7804372199 -15.1077361057 -2.96606840559 -1.37494693224 -4.8098135024 -0.726866832574 -9.61249461321 -7.67024029589 -11.0916240575 -1.06298641007 -5.02449751689 17.2676001476 8.59599222758 -27.6360941198 -20.6120524812 -11.9138606261 15.7329869423 -7.6545604956 -19.9043497513 -7.2166917735 -7.55696807921 -13.8674749367 -4.11030252281 1.10858818552
DEATH
19.1331644112 -2.08108921911 -18.9279007169 -15.0584541112 -33.2480293401 1.48028623369 3.02809287626 8.06382441501 -14.9036392174 -15.5269660278 -7.82388421797 5.40053541757 -16.4764991635 16.2009087461 -11.5658208486 -21.9469989662 -5.07050804327 -16.8596864501 -0.96403867561 -3.46006106026 -0.695211749836 -18.5360713255 -23.2467422959 1.53388775149 10.9794277835 -14.6585398492
DIG
19.0920000526 -4.21091608869 -6.8425353043 2.82194690301 -49.7630090555 -13.606553739 -9.203914136 2.96461706223 -11.524997945 16.340329129 -13.0791965574 3.79854023835 -15.7037628933 17.8808321298 -7.30584124167 -9.18890957212 7.88201445152 -48.0563860544 -15.5094741849 -2.3282575792 -8.72953016646 -13.5051369943 16.2608998139 -20.5925293985 -2.45207941879 -11.4683461488
DIME
17.3994803416 6.3488245206 -15.9469219737 3.435527657 -29.4037897297 16.1579292965 -20.0451292077 -13.4808688718 -15.1208523736 -22.8817520411 17.5836373278 1.29339210552 -12.5326845801 16.9132979457 0.864647555262 -4.55160331607 9.84009997995 -36.4757549716 2.32696227408 -16.4465146655 -10.7072743564 -26.4470421055 -19.5399076449 16.6039554603 -7.63029657667 -6.63339769132
DOCK
19.088857983 -1.02785173029 -29.4410979458 -14.2910167712 -27.2697219204 2.98862965707 1.39030637769 -0.0320808147354 -16.055194347 -15.766473477 -12.0042133136 16.2230337015 -16.9529964851 17.927996573 -1.501240635 -42.6904672038 -1.52708413254 -17.6415847954 5.19867469804 -8.47549407081 -21.2185842449 -15.9674386345 -12.9392635944 -6.14866622579 9.79889965728 -4.58429628614
DOLL
18.9530341498 3.19286708775 -31.1274256772 -10.4258866722 -27.4066360023 2.62772258722 4.22255889938 -7.0822935347 -17.873930261 -16.9113755506 -13.2191385037 14.954154997 -13.1439974506 17.5569288656 5.6752325336 -28.692432083 -24.2161957672 -15.6548498845 21.0111527952 -8.09412407818 -18.0950500207 -6.09915507051 -11.4050287044 -7.07820985277 4.07207781679 -6.95854426504
DOUBT
19.1711296904 1.09763842592 -29.2939874534 -12.1268348228 -35.201020558 -1.16148722631 10.3576672761 2.44828341673 -20.1043896667 -15.180516909 -7.67581814808 9.21481420066 -8.79382529591 15.6326439797 8.52099157688 -19.8312467562 -23.9974592974 -22.8224214474 5.649517152 -2.59889591148 -18.749898743 -3.26320818298 -11.6913037988 -11.2434796416 -4.53619100245 -1.66742838994
DULL
18.7603770166 1.92607591784 -15.1336185198 -18.4123912929 -41.9127072871 -12.1891918729 -11.0629661067 20.5489696099 -7.08405098728 -12.3860185126 -19.1261060244 7.4712187166 -23.613216779 19.2021798875 3.82640943453 -22.8089889331 -27.756787587 -37.6474592187 7.97286737632 -14.4051497493 2.12792906021 1.6483437709 -15.2999687971 -23.6316251064 7.76134445644 -5.7531778081
FADE
18.5626233176 -5.79247068838 6.16997253364 0.234275442347 -57.1696472082 -12.7705072447 -5.7156010624 -10.1145379775 -1.60813670685 13.2343057012 -16.4177367767 7.28570385717 -10.6935311066 17.0792426065 -4.67827829528 9.97158400731 8.163830031 -58.1788616991 -10.2152662877 -11.9328984026 -18.6715640193 -3.63615553542 11.2979118788 -7.06740803307 15.490367537 -11.085669298
FAIL
18.3188649514 1.4521150568 -9.45956699757 -7.58103134823 -43.4988390239 -10.9906440456 4.41012842081 3.10291916414 -15.9278614367 9.27162287481 -19.875964967 5.00973341027 -9.17057461986 18.3488289516 -1.48036486989 -7.72863204698 -4.58495132848 -52.9126486237 -10.5961317 0.908833084422 -0.444850457403 -15.6227647503 16.3639555176 -23.4276282118 2.30465990482 -8.79506429633
FEED
19.8107708465 -16.3330180501 22.4413726945 6.85241630657 -49.9543467033 2.5398646393 -42.0443452285 -15.6683493935 -19.8479337317 2.93480270655 -19.841693909 9.05603282144 -15.418899452 17.7631888749 -6.63939969605 24.9137604208 7.79888882106 -50.2309909543 2.84976697139 -35.4549575275 -18.3567434862 -10.5407469568 -1.31390084313 -14.6922353919 9.89095085695 -12.917999854
FELL
18.9665257516 7.43638880405 -26.3404767402 -15.0376295904 -28.8943036051 7.9698980745 2.39333957627 7.16092485883 -11.3058147574 -13.3240790756 -11.8928157774 16.61422431 -4.20690107092 19.1834433245 4.63391383442 -28.4163936306 -20.4909834155 -26.585681247 13.0471696991 0.69942022645 6.85436872415 -4.8791361 -22.6359111586 -4.34835480263 13.7303760802 -7.25032707883
FIRE
18.9378867756 6.52403639479 -33.5611399054 -17.141142158 -18.0035107651 8.9547729727 3.82654252161 -8.11332523556 -16.8037409335 -9.8559906352 -11.5047113425 5.39969695573 -7.39385575758 16.4003852433 4.99133726759 -18.1002564149 -7.12949429515 -32.9982057711 -7.7073515082 14.6043001021 0.0185038776051 -22.0987460009 -10.2110628775 -17.1266531546 -4.80199166692 -6.24079238048
FOOL
17.8981220414 21.9248885541 -1.1338100854 -41.1937016248 -37.4728486355 -14.8211066817 -11.5261853248 -18.8734094009 -26.1077546256 -8.69323988331 -8.89361332397 8.87204327053 -10.5505810564 18.0582451701 21.5080177888 2.70085157073 -32.4369372668 -31.3613290882 -5.61955081817 -6.22622349972 -7.95224031179 -17.7646110477 -5.30726753188 -1.88055127768 6.57455938744 -5.44894140907
FOUL
19.1870792701 6.82982941919 -35.7627150097 -13.9963683531 -19.697621998 9.84662773937 -3.54317705192 -3.3818652648 -21.9951030772 -5.79365822812 -13.9905804705 3.55358524854 2.18923382492 18.6143457815 12.4414029316 -26.4525028545 -27.1797846157 -23.9746752148 16.9055864944 1.53172876882 -22.4135903634 2.95681109707 -10.2824382155 -14.7948520156 -3.48847061245 1.72535050406
FULL
19.3960382425 10.2590646404 -17.5000986109 -45.7938366605 -45.3215077629 21.7972197437 -16.8507903606 -18.5452568475 -9.76999559683 -6.54150361339 -2.50321450915 -11.1245679443 -17.4029518967 19.2630569205 7.42044141336 -13.4217773764 -43.7534384591 -38.3900725495 26.2618831312 -10.3932029431 -13.0226008867 -4.76379408119 -11.6154259542 2.20434818284 -10.6025544822 -16.5142802918
GAP
19.3765263664 -4.98247820469 -12.6790663601 -8.0766616787 -56.2905924338 -10.4447660837 5.51267744503 -3.59404247819 -12.0116374087 6.98351422045 -24.2872848137 -0.699118440585 -10.4016813369 16.5923229951 0.614522755863 -20.3946677888 -6.68435654971 -20.7546733429 0.429456028532 -1.09116036343 -4.54320425708 -22.8252042991 -24.4899384339 -6.980113324 3.35430638136 1.6225358726
GUIDE
18.8750754747 2.76870624679 -26.163524563 -6.92012842179 -34.1803904195 -2.64923941804 10.9030031162 -2.1089518689 -24.5887401749 -10.9998984577 -8.48881029728 6.82855809968 -6.50053355121 16.3263929671 2.03698091852 -9.56844698943 2.2056197295 -41.3660826872 -5.88417693525 7.12719775856 -11.3964751494 -9.81376998175 -11.5688637688 -11.5857611333 1.42692738314 -5.91263685971
HEAD
18.8238757875 2.45286891297 -18.0665587498 -9.29901615504 -44.9827244801 -3.10686960481 16.4477538228 2.51718700787 -25.5524156098 -17.4662984291 -9.52502748071 4.68064593485 -25.7120351667 18.1553365899 3.62509167779 -10.7555876288 -8.45932059295 -42.3375298061 -8.568567774 4.19615214716 13.8343536105 -17.1718055413 -15.0447244438 -8.32857031988 -2.25949306843 -19.9032344432
HEAL
16.4746058181 -8.34380734758 23.3019591701 0.127787139166 -40.6868292095 7.3118056443 -31.4237084016 -12.1524610049 -0.0486339184607 -10.3282384865 -6.88126281349 1.19613941679 -15.7192211964 18.3237586881 -2.49076011079 10.1422129353 1.3807653945 -51.4569056238 -4.61225130811 -17.1267891805 -10.0524845785 -7.37642936965 9.30027357171 -15.7062069638 7.72139169436 -16.7932005406
HILL
19.2690629347 -0.922021259357 -18.2285964988 -14.9067272258 -35.1611703848 -13.240805662 1.65041139743 15.2450227889 -17.2339617496 -17.6216489358 -12.9493846693 2.48454591447 -22.1235447787 19.2202966118 -1.33055246181 -17.4877587581 -14.2778203951 -35.7845914598 -9.46652722569 -3.17172342907 25.7410045117 -7.43527500681 -24.398043155 -14.4584572577 9.96478504523 -20.2076986471
HOME
18.7301902196 10.2112002682 -10.8139392514 -31.8823409122 -19.0237712959 19.9167554756 -5.09619083045 -25.0756019588 -16.5313010541 -16.7037748237 7.27591931577 -6.36316976941 -7.92028953715 17.0059197005 12.2312990727 1.53586921259 -23.2221545007 -21.1608639154 -2.68196628806 -9.98128410329 -13.1399295516 -16.7042921763 -19.2618853464 -11.4775643696 4.56226782994 -2.13593770176
KEEP
18.57834239 -5.74999379452 27.5816540881 -2.31697061367 -45.9086122894 6.75993769154 -38.7638918849 -4.36454738795 -15.3156312695 3.52375093194 -18.7132926197 2.04925797061 -15.5583954163 16.516911872 -7.18439585793 14.1921302537 6.36269602361 -32.482438403 -2.9113530201 -18.5433294183 -10.1807749175 -9.27632101484 0.23950595361 -10.6285464049 -0.587743164246 -14.0089327508
LIT
18.9641662489 1.79306206217 -9.26337730577 -12.1937209824 -43.0957778721 -1.91309901892 -14.0500319617 24.7455251225 -15.5775801883 -18.5644873968 -9.01801888303 2.73418743552 -18.9267123367 18.3684883825 -0.252593133674 -10.1839178827 -3.50187173347 -42.8685547258 -6.5296570546 -7.11136880176 14.6992158775 -21.8447596755 -4.93331952352 -6.42836533678 -4.05885961502 -16.533555187
LOUD
18.8409919396 6.37337249017 -36.8601229864 -15.5844396571 -16.1036348246 19.5555432339 -10.7245625845 -8.51758269015 0.697147591619 -26.7667120382 -9.77817056577 6.50824642805 -4.7985551856 15.7504758387 6.1633219182 -20.2843904733 -24.8400175478 -21.1638971687 11.9223259826 -0.403473546736 -27.1563558804 2.82010036407 -4.54103807212 -12.1256736544 -10.721824016 -10.3746266726
LOVE
19.0427640411 9.06641635764 -12.6944649189 -28.8688981927 -28.3135071636 30.8779204589 -12.6263238659 2.46273408511 8.32553970725 -10.3570582777 -1.7652940461 -8.57908267796 -1.74220711228 16.9845139241 10.1244958894 -9.99863882094 -36.4383657494 -39.0198728828 18.5169044421 -22.078292513 -9.96108821087 6.26843633171 -9.38814871993 3.09377415317 -15.1623228928 -6.99761911783
LUCK
19.3788319604 8.27349454927 -23.4921322561 -39.4818382044 -26.7681571516 32.4114134547 -25.164634881 -3.6586964339 -3.68808018971 -7.92967297051 -3.75447331013 -13.4486849784 -0.916754659226 14.0794895659 -10.9525149387 -18.3529219509 -10.7803300965 -6.90297908407 16.2178897485 -12.2890309217 -17.2900732857 6.79473422829 -7.20436433869 -8.41484028114 -5.50898463028 5.46099689087
LULL
18.9204640604 8.83207636498 -13.3621425229 -48.6055380655 -35.751217525 33.8694865945 -19.5296552661 -1.28229299913 -9.34653271006 -4.56212892918 3.19900938484 -11.6516470666 -18.0780727534 19.2321123007 8.10289764264 -17.1365367663 -49.1608593134 -38.0952456515 39.0412324266 -20.8759388099 0.621666442238 -10.3361042441 -9.82664544184 5.18153402621 -15.8552650707 -15.6622104707
LUNG
19.5848649294 7.3391482843 -16.9413577957 -40.889068324 -22.9100419956 40.3385637564 -26.8412135558 -10.028721011 -30.8400334781 -10.072197274 2.98660480248 -12.7414631707 3.06282164044 19.2484391005 6.94614937435 -16.9072767271 -41.2289619219 -20.756556232 38.9263638967 -30.9969624298 -6.58521475536 -32.8015551562 -2.95402604503 -1.71342362568 -12.8299527962 -1.40413108346
MAIN
18.687233088 -7.18459070983 12.5784170269 1.02634478596 -56.4747807209 4.08750536138 -5.11394603006 -23.3797780882 -19.1441926005 -0.155349738917 -5.6047154081 4.75356493119 -11.3321491183 17.2669805233 -2.76624889005 19.8678477541 2.6438470996 -53.708479061 5.47024860006 -21.1252020514 -22.8810471509 -7.67062405119 0.597632913168 -10.8496231479 0.300216421913 -13.4953454884
MATH
19.4083806842 -11.8226734687 -11.359620559 5.0027903829 -39.1377549804 2.30982016336 2.47326826555 -13.832224137 -34.0815160976 -9.18828893171 -2.06645485236 5.02065145906 -4.76058421368 16.233274748 -17.5495946694 -25.043256825 5.49596179086 -8.03633727172 -0.740933618241 -19.7584250561 -0.611778701642 -15.8140873713 -16.6985145097 10.3055606037 2.25256332025 -10.7019705405
MEAL
18.5260841251 -6.28435655512 25.7900521464 -6.40356189985 -54.8751684108 1.98277617587 -29.0763313706 -8.32046527723 -2.59316274175 1.75008262081 -23.3417883805 4.68468479571 -17.6377769851 18.2709476951 -5.99125760939 10.5272084776 2.96283124443 -54.0763084222 -5.20437629084 -9.30091154214 -11.3743839764 -10.9496950048 2.56687442835 -14.2461138341 10.9560862931 -6.1255673541
MILE
19.1567062346 3.10183429721 -24.4086214447 -11.8904169542 -14.1673094503 22.0059182152 -23.4308923419 -12.9768692648 -10.7241446338 -18.9327574769 3.63009457618 7.86383978058 -9.24498636342 17.6819704334 -0.683543152688 -20.2465726681 -7.43675318085 -34.8366485767 5.67774617985 -15.2483959174 -14.5090688253 -31.1178355193 -23.9088643103 6.10689095021 3.64941789107 -18.0290997471
MILL
17.8289491301 1.50366419178 -9.33611808973 4.06170442579 -22.8742907121 -22.0413478235 -26.1619131146 8.45954211805 -15.1965626101 -14.4626909361 -21.7353040916 7.82177643 -19.5854234874 18.6819753532 -3.41924001584 -13.1429251283 -9.60759516217 -22.1976028163 -7.0034167582 -24.7293688225 16.0659579218 -28.5067387947 -15.2112694698 -5.84469603239 13.2375272895 -19.6020869798
MOB
19.1805836589 3.15999251343 -32.7891312231 -10.5326343858 -8.86613665911 9.5205391082 -13.6024148621 -19.3729908488 -19.1609475908 -2.69312484588 -12.8867169486 15.459690713 -20.1196202586 17.9587827919 3.07370076344 -31.0783259836 -13.286766455 -13.9606277034 14.0176869252 -13.1896829706 -20.5755371877 -9.56053046488 -17.8243222272 -9.70481456295 12.8495644198 -13.6911070248
PAL
16.7531472786 -19.781477566 -8.80679885955 2.65286676828 -24.66462261 0.667080156326 19.831953748 -6.24017445863 -18.5157689636 -0.40529575917 -4.54783686889 4.98491515369 -10.6838141016 18.8473334028 -0.364201991359 -13.4558197115 -10.3895678317 -47.8378697509 -2.89694590012 10.6812446958 4.13219064628 -17.4602438992 -10.516585008 -19.5548671691 2.67415433439 -9.70853674469
PEN
16.5007398196 -15.3693312546 -14.0079863036 3.05337594415 -18.826341039 -5.23729660632 7.5758977935 -3.60136338563 -20.5398184886 -4.96019222032 -2.17413332509 4.44463511223 -17.4743447645 18.2496984933 0.511837582385 -7.54607094902 -6.25248168246 -32.4548077668 4.33705320184 -13.5368114589 1.31487442892 -40.9474967356 -6.06833663095 6.86042827882 3.88575851283 -17.4628363714
PIN
17.2576010121 -16.9674015779 -2.04491746948 6.72515074013 -31.7766955312 -0.508261508744 3.21760370172 -9.16314921594 -23.8861035895 0.480753675922 -7.24742835147 -1.9663167661 -7.50885573434 17.9546006889 -1.30601983436 4.58159594389 5.15809846 -45.4448608706 -3.26866063678 -7.90713161446 -8.08597523504 -41.0149391371 17.5013494512 -1.43616436517 -9.81112056087 -17.0859970093
POKE
19.0835896387 10.4963537401 -16.4618572192 -24.2471533471 -20.8164689485 11.994042501 -17.4688735878 4.00058659545 3.24770944356 8.89246516703 -27.1858051235 0.025749401066 0.534131280049 14.7665523675 2.01809486188 -5.20433023126 -25.4870318867 -22.3436491894 2.07735994907 -12.5905987155 -22.7379038659 -19.1262664519 -0.704639721696 2.7995835512 7.80375066042 -4.22413088798
POOL
17.0448735895 -14.6517883596 -27.3679188944 -13.4783116558 -0.739754590536 2.41968270521 -15.8434476798 -26.1419072473 -12.868501214 7.22596279429 -3.99543226026 2.57620772778 -13.3619885961 16.6213395364 -8.60663796564 -23.794530753 -16.1968272707 4.13847691947 9.58022842637 -6.35753360527 -19.8130187116 -10.850617614 4.10032646935 -1.18797157093 4.69749005961 -8.0461010095
PULL
15.5930457905 -12.371868251 -14.782431211 -39.1099587182 -5.13441150218 15.2965385905 -7.99762507778 -6.09188145897 -2.78444449796 -4.03544432041 1.46659022265 -14.6805988446 -0.370801754553 18.160552138 9.32622484627 -5.94405598879 -41.7025089029 -35.4908490699 23.14357454 -12.0676319248 -4.58235696554 -12.5231353722 -14.179806728 -2.44959038933 -5.10347075459 -14.3874607722
RICE
16.5268159892 -10.3177711138 -5.02170890295 -1.55302731299 -32.9118156133 -9.60106477134 -4.94666196314 -2.05751889015 -12.3626218054 -2.78825355245 -13.0035891399 0.115863271756 -4.18823459289 12.9016512865 -21.3685964418 -6.42007905842 -10.4968239413 -14.0473406591 -7.21428051223 -1.04910699891 -3.66178617096 -6.08582960414 -5.92290029929 1.41502931048 -1.41709606452 -8.55118909272
RIP
11.7598991008 -19.5530845673 -0.623385378493 1.31669815785 -3.75430985873 -9.92025146795 -2.69231160839 6.21846704238 -7.27382802513 -5.4791014111 5.16150561375 6.30720799365 -1.30029931543 13.5667651384 -12.5060160187 -11.6559088302 -7.30206180343 -13.4840312602 -7.7708413311 -7.93878487414 -1.77872447472 -11.7957623462 -12.3446054314 4.47310201723 3.84037234923 -18.559385181
SAIL
18.7644254641 3.58610562494 -14.2202955597 -6.63849964856 -42.0925246422 -9.18701360695 1.86710699203 3.9937784314 -17.8519999576 1.90751404516 -17.7162929399 2.34688204259 -13.6502405801 18.6216938941 -0.18829614501 -17.8232842332 -2.96893580714 -46.1152012023 -7.1577985015 -0.565222004822 10.1260389044 -23.5637758443 4.57640878101 -20.4206596738 -6.77172271126 -8.64118426667
SELL
18.0879100301 7.07497131386 -19.8310403796 -12.881093203 -25.67863797 -1.24606940609 4.86339955246 4.16476094202 -14.4235343642 -16.5589747339 -14.4585002091 12.9675560916 -12.50995023 18.1236449851 13.7356960991 -20.6587689484 -24.7377395618 -31.5282659864 12.8792357911 -6.03926774559 -9.7156643435 0.430214206782 -23.8195521762 -10.3780083451 1.46466680596 -6.18243676814
SOUR
18.9230372827 4.63565771032 -29.3624922854 -13.7822554955 -30.9074461449 -1.58684877018 8.70990624241 -3.20352269615 -25.3936338061 -11.8097781003 -17.9896834027 11.6519691518 -14.3891419146 18.1572117808 11.2955229604 -32.3947027364 -20.852096339 -20.1030011714 5.49698448395 5.40847929505 -11.2137857855 -3.9133419384 -8.23913771021 -11.1831343825 -6.81828043179 -1.4159928702
SOUTH
18.6021332548 5.91755019932 -23.3516811593 -15.6523471809 -27.0564463331 -1.18812752617 7.7881082957 -2.73147162894 -11.9994823734 -21.3416046782 -10.1577870087 6.96298191612 -12.6186771627 16.1310382976 4.63081540588 -17.7666212017 -23.4836039752 -18.6222570071 11.9557298589 -6.7204568354 -24.065458784 4.23271660932 -10.902549356 -3.79548664434 -9.08395437026 -4.61935302961
TAPE
17.4250093918 -18.8945272889 -3.43304495413 -2.48636414817 -37.262034209 -8.45097019515 3.83565165562 -11.4710985702 -4.7396473086 -1.42100567885 -10.4506012769 4.93848186117 -6.69605033842 17.7979567371 -7.38346818706 8.69465312921 1.22646982341 -51.6554202467 -10.2534543916 -23.5279583204 -12.4683875652 -5.47760837364 9.86742686792 -12.1448918557 11.6299243357 -10.1053487643
TOOL
16.9718421378 -8.16961907573 -9.48027102774 -11.2124007751 -11.8667682715 -14.3677680579 -14.4785302348 6.11003296895 -11.1828959704 5.21752958968 -8.23060977546 0.541884554898 -9.07258976363 17.9234464077 14.7726871134 -1.99859344803 -33.6310347802 -36.088227959 -3.66178527795 -9.87626541751 -7.26059509808 -12.0523430667 2.07437895101 3.70957523871 13.2461792505 -3.85080568247
TOWN
18.5937939798 -10.9266216993 -21.874538788 -3.26089042509 -23.4356250737 -1.43392233371 0.0664953773809 -2.77623525495 -25.1645768246 -1.70830602088 -1.16509138976 1.64765917362 -20.3476782425 16.4370310476 7.85032807136 -13.3937572129 -17.4746156057 -20.0886887337 3.67967885818 -13.8530009438 -16.3020713281 -9.03838355582 -20.174534747 2.98494460545 2.05228080373 -14.8772459424
TUBE
17.0816403249 2.7898407608 3.42545965661 -2.68286948948 -19.0124137031 -25.9555355014 -31.8765299738 9.10163765671 -14.1823170406 11.6150583886 -13.0541632832 17.5232003385 -9.23051925829 15.8500638392 6.92619434488 2.23822252446 -13.3986130503 -14.5379189191 -12.3290832206 -40.4057718328 -11.8821686355 -0.980011868352 17.6073898523 -24.1054372287 7.43461323188 1.23029805474
VOICE
18.0639443307 13.685168285 -7.33953887617 -33.252874485 -41.4176692426 2.22458047223 -11.9070708999 -13.3319761641 -0.663742686659 -12.0789158593 0.766701142498 -0.0539973914325 -8.0208160084 17.5716648444 -6.49821791589 5.09866527311 3.92402866861 -43.2441020057 -13.0560889516 -17.8678452989 -13.1001945131 -2.94417887579 7.60783836967 -10.2063330331 6.58806087284 -11.2869664829
VOID
18.1954173521 16.2242107606 -8.1885016115 -37.1894486447 -30.7141735506 9.24115970655 -6.78971916647 -13.2463147339 -15.9887619832 -3.58271679629 -1.76426720603 -0.609816689258 -6.29570014843 16.7463588914 4.66059936622 1.2940000128 -9.12532864099 -36.5067030435 -8.49104703066 -12.2040284099 -18.9553341515 -2.96129755447 7.16199801157 -14.6235026178 2.30510973302 -3.5099263486
WALK
18.8353511709 8.18377503821 -18.482542767 -33.3841955643 -38.6455502886 20.2345432252 2.07295542155 -16.9879122662 2.37638543304 -17.2265164921 -8.37384132736 -2.89291651611 0.521811783423 18.4219726797 5.13288674794 -35.1599257186 -21.9827524945 -21.6061755582 25.0449526833 -13.7018967038 -29.3930505144 -6.07385737005 -6.83393834549 -9.03413754563 3.13542132665 1.45762600318
WALL
17.7658825287 15.7793854 -9.70160631149 -33.2239708766 -40.4082992535 12.8418830285 -2.81901502798 -8.00864836703 -5.93362853904 -9.84739536946 -1.52922676579 0.481604820668 -7.42353154652 17.7481442267 13.4703008393 -20.1981931331 -40.9256653243 -28.2747093603 26.889104266 3.7831936377 -8.34938011445 -9.25090876034 -17.8525849704 2.98282877203 -3.45079562409 -7.94281636503
WET
19.0082701844 -0.481977167257 -23.5717493588 -17.8490181281 -29.0248144154 10.5347693986 -5.29570089134 10.8036001576 -6.58374648218 -22.3650945139 -8.00470238135 9.29209420009 -4.00008924106 17.131763589 -19.0933429597 -19.7030234152 -2.6685743599 -33.8325823323 -7.05617706699 -0.850218846108 22.2395382868 -13.0931170939 -10.8628719812 -8.01158964632 17.3256868142 -11.340804143
WOOL
18.1810410141 18.0526365996 6.72268249125 -32.7736428434 -45.5083740025 -1.92684782894 -4.53091079905 -6.26565464117 -9.16736164888 -1.9413687705 3.3673040775 13.531580913 -16.8093315172 18.0686002698 15.2513720539 2.54006066093 -37.5559213937 -39.5198750138 6.75224396659 -8.43664097867 -6.91439761455 -11.5518121147 -7.13873763212 4.86716752412 15.1660357876 -10.5677428624
WRONG
18.1061568857 16.9020301785 -20.3181742615 -21.8680105765 -15.7939683329 6.48259740468 -6.10928137103 -20.0200193878 -6.04025835485 -8.34021365871 -4.91279228822 2.51222169102 -11.6796845406 17.4555491607 7.01734844693 -25.2200690043 -18.7195350111 -11.5649097307 12.371629858 -17.7931665316 -28.1932457382 -9.81725868224 -5.48141525928 1.3651864395 -4.01083046524 -9.98757482487
