HAD
19.1613833872 -2.70442844155 -30.1599051324 -1.98798552124 -21.3866162058 3.51300066071 -0.461174827152 -21.0575158024 -13.3803531759 -12.9018805542 6.77263653778 -3.10841258548 -15.5916519937 18.0942929939 -0.630938564249 -14.4121235622 -11.7119225647 -23.6309631334 -5.10965569323 -4.14567288751 3.66138080838 -19.2403736022 -23.3991076175 8.12790110136 -0.951233999884 -14.4020136416
HAYED
18.3310556981 -4.13278215903 19.7940706852 -0.850057410032 -60.1814035389 -0.571253266939 -27.9398080615 -8.61087952749 8.44374145548 -10.6059431656 -4.49449694516 3.05890849609 -10.6653426654 17.505708032 -3.64438331142 21.5401217798 2.6086373973 -46.0043286371 -6.88755354827 -30.9013390041 -14.7790423895 1.54043698681 -3.08315094211 2.22570245737 10.4271956123 -7.29108772549
HEAD
18.6744586631 0.681842613606 -16.7185377302 -4.38362718571 -40.6764657545 7.45286466424 11.4556103507 2.6680081445 -26.1634435846 -23.7836991903 -1.10320411999 -2.38263233366 -4.89378156389 18.5924475227 -1.28986271741 -8.24111843477 -7.3722688464 -41.3471926156 -12.8392285678 5.24461298297 12.3495878022 -13.665263781 -16.8552487852 -1.56715241291 -8.46213628195 -12.278307227
HEED
17.9395822432 -6.84307967556 30.0334539536 0.585221513163 -35.4856005879 6.36400376292 -39.8892227473 -9.12134603629 -8.4279266908 -21.2591844172 -8.46200848038 -2.40821107539 -14.5610845235 17.0386738764 -2.37490632389 29.4878842133 5.03537244337 -38.8252989341 3.60091527324 -28.8737160826 -10.0379699707 -7.06967703283 -15.9232224851 -11.5822115293 -5.75972118596 -17.1738934519
HID
18.6401413148 -2.49695850844 6.36378431556 -1.07911570919 -55.9633245885 -14.2445959249 -1.98096947851 -7.05948246701 -5.97226135196 3.10682097753 -15.5154860488 -1.16788105422 -9.39325824338 17.7656656703 -0.656153176869 4.58085132576 -0.448352587858 -46.4514286536 -21.9615939844 -4.64118542837 -4.51200135994 -5.65308139563 -0.906870429441 -1.6450991892 -7.39568178169 -12.5957332409
HOD
18.7091033439 4.04591174821 -17.1064308072 -30.9957840669 -5.92515475299 21.8922434289 -21.8886086395 -16.253563606 2.92646557325 -8.75962739319 -16.2966615018 2.20756896188 -14.5916173692 18.6577581178 -0.4168396115 -24.9269209062 -22.0376018784 -12.1450226263 6.04881693157 -23.591355148 -15.0472727493 2.43642355441 -29.1004519343 -11.7173501313 8.1562461162 -17.4373071381
HOED
18.4725310235 10.8057248149 -6.06610571525 -41.8122100692 -21.4713315916 11.897683946 -29.8466672902 -4.14578885002 7.21889329566 5.80185443344 -15.473151953 -7.84269961779 -15.0754752635 16.0001852692 12.7850559773 2.15310057979 -14.913636002 -28.0785705711 -1.87454514698 -45.1450796269 -15.6151520414 8.31204037826 7.22253605432 3.83205177412 2.74607219302 -18.6176953156
HOOD
18.3025585475 7.14459261255 -3.19642455861 -34.8282196908 -13.0790325406 -4.44976782846 -26.5117342141 3.27746113065 7.42964648504 -18.0768334453 -15.077646453 -3.88687121383 -0.120194956363 18.0771147588 -1.42914390162 -3.03809445123 -16.7706734104 -27.0339402975 -27.4597099589 -24.3540481191 14.8750571399 -4.18082209153 -29.4185464236 -5.61935979683 4.60663306183 -15.7781641145
HUD
16.7055919101 -11.8073335892 -20.5074595162 -19.5062014319 -4.10505539646 7.22105319674 -20.3380871375 3.45089100669 -6.85020179397 -27.1972212915 -13.5338405125 15.4330649946 -8.91147337448 18.2800976391 0.660158826717 -11.6868502687 -18.3607514792 -25.5820251026 -15.896702486 -16.8490654669 16.9296720863 -10.6661018176 -31.9502640562 -6.5431279149 0.95812256423 -14.5087469805
WHO'D
16.8101456903 12.749261355 12.6645011197 -22.5768696749 -19.7509061709 -6.62864727747 -46.7131755811 -20.6346734209 -13.6680130367 14.8550268199 -4.74212955395 4.93649052749 -21.3372105508 17.3264257984 9.12928450396 9.74997112525 -7.06647742043 -27.4384053599 -7.56074439549 -49.4482566101 -12.32785144 -4.50496700933 0.420300066857 -7.34395644815 11.2664282483 -13.6276720069
