BEAN
18.0108507586 -7.16805051029 17.0117322657 0.448874636762 -54.9556580518 -19.31023563 -22.8333587416 -18.300097053 -2.12183948981 7.26047735854 1.59347738262 3.69528591696 3.36296299995 18.1624184432 -4.63653829435 11.1240249207 -13.0686160757 -56.0034948382 10.2712008315 -10.9660589668 -17.399003154 4.10163432269 -13.7964754603 -13.6915096695 5.27063433495 -7.9489328098
BITE
19.2778856442 -1.32603220961 -23.731423845 -8.07351685095 -21.1388663074 -1.98826045303 -0.607710637068 11.9461443888 -14.6778872433 -9.60395959695 3.42416359544 6.7662076393 -10.20498171 17.4404988947 -10.7379278519 7.19090648559 -5.77696172788 -51.8394394278 -3.68755325348 -11.3770521612 -1.51687657531 -1.57414376879 4.76241550217 -7.72752279086 -5.80070610005 -9.93966644513
BOAT
18.8173116191 5.45109769503 -27.2871020556 -35.5932398801 -24.0951330447 -4.02575488783 -17.8369105711 -7.29921273586 7.81010778897 4.52492702361 -24.9990426124 2.18834461771 -12.2193678954 17.3747359923 8.65109276918 -9.15999966419 -21.8357376175 -19.3711790197 -4.70018898646 -24.6139736888 2.9497520921 19.586271289 0.635668595492 -14.7296051083 4.19717644472 -7.66028271898
BOIL
18.0148466634 15.9914598547 -13.5494238451 -39.2338503289 -32.160500859 2.28126210932 -6.59551602064 -16.512114118 -3.97324341025 10.568348248 -13.5235694885 3.80576852787 -15.0477264507 18.6698857461 5.64489732747 -27.8357438014 -16.2457019012 -15.3349099028 -8.97294254432 -10.0849075324 10.8366208335 -6.69872609426 -7.13533695002 -13.9319268307 13.8594653841 -18.7848054669
BULL
18.6462856261 11.586143421 -15.0160928854 -40.2886117805 -20.622589966 2.46708927349 -20.2979826561 3.50212593844 5.36826046907 2.33907186305 -0.363197428275 -11.4505346709 -11.0650860379 18.671105101 13.3027023684 -14.6252349312 -53.2393801368 -17.7604382045 4.94394462825 -24.0202256535 1.58357301272 -0.173982377091 -2.50163179888 2.02328677584 -13.5088301427 -19.4393340434
CAB
18.0099700718 -15.6277323839 -18.7733928285 -1.51198988709 -27.3004088327 10.555250822 5.69421171349 -6.47716148113 -17.2548976631 -1.73463963659 -2.19535387135 2.06989644956 -13.5690381459 18.4570408558 -3.18533092985 -30.8596083586 -4.5000313759 -19.9035350798 -2.26045404722 0.315522208262 -1.74043478699 -24.1237944196 -11.3391594979 -1.95454557411 5.831784141 -16.6160100163
CALM
19.4178406603 -0.589468205972 -42.2619880128 -20.7400506249 -12.0714351716 0.54776265915 -26.0921092149 2.63355045938 -18.8324975024 -5.32226296837 -18.5705975976 8.16995694408 -10.4103407451 17.9549511688 2.08877068493 -25.0951768164 -16.7500779297 -6.37444990407 -4.76244855502 -24.1922338028 -4.7698731347 -7.21971379669 -3.22747032192 -17.1788891727 -9.19148613606 3.08770711569
CAUGHT
16.0257526888 -15.5614745944 -18.9325989075 -21.1014876807 7.98418529797 -4.27296589576 -13.6736778158 -3.76622383441 7.83378338688 -3.08731481601 -17.0540857996 5.47862784246 -6.06831241229 19.2783340791 5.68973319491 -30.0809902053 -22.1108448908 -9.62760559788 7.53922751142 -15.0898595434 -10.6399967433 -1.76675514681 -6.66092445951 -13.195237411 19.5968970123 -13.4993401168
COAL
17.9752348915 2.69992240179 -17.2224193134 -34.6492128554 -10.6680115414 11.9394011065 -14.9894141182 -11.2456978906 -3.4975666055 3.74058476206 -6.40635423505 1.3198307117 -14.4221876387 15.4286408561 2.05825400971 -7.69816363892 -34.7590338815 -12.663988196 7.58820138042 -17.1906960487 -9.78125512423 -19.2221831364 -1.32176174214 -4.04727684238 -5.44228973203 -13.7485619024
CODE
18.7182904716 6.77877134662 -21.7382409356 -27.7230499284 -15.062858434 -9.14851061946 -3.78230329384 -6.80553089836 2.48642490946 0.0168312966543 -34.0811222753 7.32694144315 -6.90362797602 17.7625375707 7.45569251218 -8.33070884985 -17.3439867794 -21.1334091703 -11.9593167712 -23.7988352544 -4.63947293209 8.32224587897 0.574247551499 -18.6875783202 7.52322329515 -9.08012365486
COIN
18.9240711334 9.31582563148 -22.4880186803 -28.1848772389 -12.9741593211 4.54199202825 -17.4978600118 -13.9001671898 13.0438234672 4.33447086877 -12.7714153517 -4.39344220858 -12.6777658993 18.1368988556 0.123528229935 -9.04767494463 -7.45343558304 -29.2939419266 -2.74710254341 -13.1068272376 3.67660010479 -9.83085525846 -2.39143136244 -10.3314937199 -8.0807862974 -5.37917149261
CON
17.685350789 -15.267004387 -28.9436210885 -6.46398513286 2.08509078887 4.17490658037 -23.29064095 7.23961202779 -14.6714267176 -14.183976264 -2.74194406173 4.32581192361 -19.6274735568 19.4803174789 2.69038896621 -36.2405559336 -10.3222089242 -1.0496190717 -1.16954160741 -30.6002947878 20.4510077496 -18.7633965084 -14.2711601029 -1.06223963115 -0.554205569984 -10.73035202
COOL
15.8731277336 -19.1372340017 -18.0637419413 -16.9126701305 -6.33315617511 -6.49094260792 2.52830423425 7.19070852685 2.63776431738 18.8592872281 -14.1945002609 -9.02035788384 -24.4763810538 15.2100433601 -16.1708623754 -21.1106165773 -16.2563680074 -9.99201449473 -6.22214971386 3.37695187867 5.06609496 -0.783948875027 19.8914382356 -2.38447645729 -3.60790781108 -20.5869088434
COT
18.2495982674 -9.45055847133 -25.0344686837 -5.56231020154 1.23500407644 1.7156488203 -12.856032677 1.41477919988 -18.167923874 -10.1630597301 6.31589800278 9.23109598869 -21.3756890199 19.7853856028 -0.880992893053 -35.926410602 -3.87755404701 -0.86375413507 4.1035312929 -9.80608831054 -0.560891499223 -11.8448556185 -6.67104057281 8.92074220798 13.6696769322 -16.4668406556
COUGH
19.2549281554 7.92459892062 -23.2315515365 -26.2315443393 -14.7657782242 14.4252334334 -13.5147535355 -17.6200986564 2.66515023257 10.2085238902 -16.1055021916 16.6825593412 -17.7413318384 17.9205162065 1.20091157709 -23.318881898 -18.9077096029 -13.7196909267 16.8466798077 -27.4406584108 -15.3104157455 -9.78521776269 -10.3748561553 -16.7985376848 13.24255823 -15.2404219002
DEATH
18.4452798709 0.0786931083647 -27.8042937063 -12.7486425686 -25.6569987004 -8.39213431466 3.33737351006 -3.4742418017 -6.29003784704 -20.3187273004 10.6422223383 -5.39994159063 -14.0792883539 18.6519918501 1.4995405026 -31.3072217834 -9.78280026576 -19.0783443589 -0.158972239528 1.2962804219 -9.16415534086 -13.564123627 -21.9429344802 11.949330833 4.96256101858 -22.0145769047
DIG
18.8216080682 -4.62319549729 -10.1333297834 -15.7302931716 -49.7478708714 -18.0122527881 6.56453651387 -2.88734485831 0.0252092220596 -4.1866491047 2.10501884451 -11.3075883142 -13.6797297503 17.6657986559 -2.84571314746 -1.36297895086 -3.56843411856 -45.1718570538 -13.438935722 7.02294519817 -16.092766784 7.43906664368 -2.23739004734 -3.0911436493 -0.655113172135 -8.39797979435
DIME
19.0140599414 2.20825334616 -31.2157222167 -22.1716324128 -15.4619200667 2.43859517373 -25.3861460234 2.88023379963 -18.0403767703 -8.65762164134 -9.588698741 5.89322087617 -11.0796139044 18.302586103 -3.81349466889 -18.2142614885 -11.012675388 -23.5940381526 -2.79946746726 -20.3631009579 7.92227458035 -32.1431473963 -7.34358478263 -6.78970988005 -19.6758759214 4.21332538877
DOCK
19.224492651 1.37414254716 -24.4762071575 -23.8575686848 -10.4109778202 2.66633097433 -15.2013203326 8.86239764566 -9.63752296644 -17.1044510741 4.53343962995 11.5271478883 -17.5238830292 18.4616000349 -1.01381678975 -30.3479760567 -14.0834138239 -4.58735359539 9.86584875503 -26.0422742637 -6.7980288404 -11.6206055592 -14.9799505705 -0.240796893018 12.3395106082 -19.1928901116
DOLL
18.6882486439 1.74111212812 -29.8730352269 -28.0865714381 -7.84764147653 10.0926623947 -20.9254576467 -3.66858614647 -12.0333053235 -14.3135175647 -9.49264618682 5.30759753589 -10.6038189387 15.2519403543 -5.35501888448 -16.8182911364 -28.4653323559 1.45346191574 17.1672592638 -13.7790399916 -11.4418299523 -12.4647243992 2.80600071791 -4.77444813238 -3.16010583693 -4.97219869386
DOUBT
19.057253186 -1.42638984382 -28.1554851465 -8.26657671382 -31.8825146526 -17.2264279474 2.17465390454 18.1010607076 -29.4056536754 -8.11992256655 8.61808432202 -4.34690274572 -11.8405951465 18.2900081458 4.40856707856 -34.5098768564 -19.7728864847 -18.7730266209 0.0382138292073 -28.8749968543 5.97455960054 -18.3687994577 -14.2686636012 -10.6109516544 1.18322471768 -12.5049475134
DULL
18.5192428738 -0.265102066826 -4.55848351249 -31.4318515392 -30.738870306 -9.46255005431 -22.0145185677 25.3790862223 -8.40026333807 -22.3761625765 -5.55257074131 5.55168749408 -1.74395988454 18.7177575909 5.04754376141 -15.0611340596 -44.7898033451 -26.39599116 10.5627302599 -22.937018312 6.02994101677 -14.1518341992 -10.8684617993 -5.95173117328 1.45374452319 -9.4355779423
FADE
18.6208244931 -6.58170634899 -4.29299966887 -8.77274723276 -57.9976277196 -12.6097850394 -0.879718945662 -0.585221433685 -9.55321769965 4.81252885763 -11.9142895345 -3.47477632881 -9.63989790726 18.1862209433 -9.00445091836 8.17432922759 -5.81065326817 -56.090837429 -1.13748997072 -9.20031644872 -14.3176360507 -2.51205036124 -3.97292221844 -9.29774708179 6.80727167838 -13.3855518145
FAIL
18.9059247112 -0.879268026823 -21.493434242 -15.15310955 -38.7533955137 -0.569967314478 -4.14272455042 4.61063471153 -11.3411739662 -4.85753688268 4.44130381269 -4.65811701356 -9.43907570812 19.28404769 -2.03787289698 -30.7111376985 -14.0107686463 -34.4494315361 -0.439037941058 -2.60612081873 7.28371803754 -20.8924692932 -7.19310920663 8.42784259287 -1.52851592099 -7.8021909223
FEED
18.3353582999 -8.38548878115 16.619061676 -6.96058674257 -48.6730731838 -11.274058679 -21.6182758912 -7.23304759641 4.47977351751 4.12963899862 -0.206150238767 -3.40677224378 -11.0013082242 18.4677999045 -9.9170643242 22.6242052127 -9.90831335023 -52.2180153176 -9.26503292766 -31.2101752499 -17.0996611912 5.65420964518 -4.2093006336 7.41028749277 5.33421647403 -11.991614631
FELL
18.6968840712 3.31339378242 -30.1587849603 -13.8702514761 -21.5278709816 1.24803036061 -5.13903832425 11.7236891123 -14.8615473945 -12.9398712341 5.16814815579 4.75442551966 -15.6759963924 19.5822197083 1.65270053602 -38.7526916274 -11.6790393164 -11.2053073609 5.98269876819 -6.26195095349 7.09014874666 -13.3037831364 -17.655209633 18.6935802117 9.37724129724 -12.2769311372
FIRE
19.0895049039 -1.3609295843 -38.4724436556 -15.483212132 -28.34116276 -2.94419138997 -7.47106514963 7.64103612693 -30.2885873053 -7.41452665659 -4.23008241849 12.622436047 -11.3076450383 16.9669312805 -4.53059666184 -25.2631662897 6.83249870398 -32.3805241323 -12.1008024711 8.75357684446 3.96423474645 -31.7304195714 3.22782637301 -3.45370701804 -8.17438220531 2.29825661821
FOOL
17.933040063 10.3409829588 -10.184637243 -33.3170862025 -21.7891031368 -5.5052140865 -24.3318908848 -20.2882001059 -6.74070080299 20.4622105316 8.11858529383 -0.739646307308 -16.6464727067 18.7374109207 11.4627441713 -12.924090919 -39.6871730547 -22.281470157 -2.15791950973 -28.5504749523 -13.9044599228 -10.8768386793 24.772974778 6.16619121479 0.708830001708 -20.3621716255
FOUL
19.1406353939 2.54061541713 -35.7387749988 -6.25035186611 -12.7552282687 -3.78211826392 0.304942089241 -1.18901049353 -16.2911529792 -12.8242077829 13.30082316 3.42712049253 -13.59683466 15.3307093742 2.63637720743 -17.1337808598 -26.0354153218 -12.1188821719 6.67152691287 -9.08300465065 -7.85814514594 -13.3577734984 -3.08962130008 -5.48291557316 -3.45119900114 -10.0804123478
FULL
18.8601824087 8.55204533259 -11.1841776416 -34.3875487087 -20.5922411481 11.8523532046 -22.7327922671 -10.4441459002 6.17946293138 3.97691174193 -12.3910653036 -7.22323731468 -17.5543214357 18.99937787 7.41575125588 -14.1117015456 -33.2012275696 -19.020984913 13.0853508771 -25.4564695811 0.073298174496 2.15296744462 -11.1392929861 -6.52439397721 -11.5592419189 -12.9381200753
GAP
19.6183110106 -6.98268560031 -28.8181435432 -9.92874025011 -41.4657910811 -13.3309147047 4.43814792328 -4.76457129456 -24.5504927448 -3.32112179686 -0.505698435131 3.90266261638 -9.22752587827 17.6836713536 1.33346457808 -29.9362893392 -3.30863013978 -17.8421935994 -6.09954091342 -0.278288472445 -1.41075302073 -17.4693680032 -7.28420864863 2.52785986568 13.0773382763 -13.9592511961
GUIDE
19.5971259768 -3.09886619263 -43.209399307 -16.2188466861 -17.5753471667 -13.9622793027 -16.5986383048 1.25084475861 -24.9616008183 -18.1484255603 6.06111987408 13.562056125 -23.9417725019 18.9519735955 -0.430311849422 -34.6696741438 -6.45488858586 -19.3436760801 0.273456741165 -9.16580148889 0.998754428394 -22.5743340635 -9.05681994738 7.12182257963 7.94307382731 -9.47264505207
HEAD
19.7240355665 -6.20013683877 -26.8197463991 -11.2599194897 -32.7959800562 5.30498502125 -8.75675312569 -4.39803919839 -40.713775361 -8.47284694288 8.25748941981 -9.52692463485 6.84400738063 19.0698353468 -6.62759274922 -12.7288390715 -18.064965104 -32.998457833 -4.58885747621 -2.7344963494 -4.96836964936 -35.2836565118 -12.7910749505 -0.108717962953 -10.1752662427 7.73751858321
HEAL
18.3491570761 -6.10950553663 23.4109446531 -7.76984598317 -49.5360062032 1.79958339241 -30.2345094831 -12.4901579692 10.729641619 -5.15295889347 -3.52896429341 5.98786920644 -21.3973921264 18.5901093857 -4.57014476141 10.6697708612 -13.6529733686 -42.6602248192 -5.74602602004 -14.755234688 0.465525747535 0.571343392021 -11.1058729744 -2.89773337601 5.0628591041 -4.5390770176
HILL
19.0645330587 -5.34444989078 -16.6223077297 -1.69644859915 -37.046655418 -13.3385581582 9.5169785835 4.66365211797 -28.7294894815 -13.4937076241 -6.02188396661 -17.2087897824 -20.5839896168 19.2311752357 -7.56803755683 -20.774015866 -9.31339974271 -24.8021757199 -0.0350635770118 -3.73193492503 0.487252810812 -20.7794640626 -20.9577069361 2.07854332918 -4.99817343312 -25.1130569353
HOME
18.8623134356 9.94087803653 -25.6959295302 -30.3311386475 -16.799848774 7.07719325586 -11.4510136696 -13.6251716532 -5.66577270542 11.0735846664 -19.8137072083 -0.809425762667 -13.4356110393 17.2972554197 10.1224994939 -5.61434230599 -17.0529071066 -27.8843557028 -3.67788707125 -12.1445082966 -18.293859351 -15.9661320067 -0.105722310055 -9.58584335208 -7.73507066852 -7.24321691097
KEEP
18.7703612521 -15.2689414203 23.9836863564 -8.1191170318 -42.3364209534 -4.90003868494 -24.4076337506 -10.6996149915 0.10190829018 0.107655297345 -7.9671351546 2.48209424884 -16.6290473041 18.0042133569 -8.95514524364 15.2525451203 1.4935025648 -43.9453941856 -14.9266569408 -16.057034286 -11.7072170048 2.25675743101 -0.626427156313 -6.63795473845 1.74163874937 -22.4272243129
LIT
19.0102263677 -3.62577562253 -17.9455797461 -14.9018789462 -34.5792573681 -13.6547441819 -2.90337161167 13.6743467665 -12.9032592342 -10.1924987195 6.59394501425 -1.1466723737 -17.2189484396 19.0596046569 -7.19624077012 -12.3709766339 -16.9511190586 -44.8321289569 -14.8224559532 5.79581996233 8.83933896673 -19.7141597499 -2.39971323984 -2.75470764454 -15.0459045211 -8.40932205738
LOUD
19.5255145324 -2.52352035239 -31.0716880255 -9.29700050995 -8.83157016398 7.05891461261 -14.1332447068 7.4585813855 -30.350949272 -8.04645697358 17.1262943627 -4.96465183248 -19.6226492368 18.7743228264 -1.71897005925 -31.6768316326 -18.5996642297 -16.579980657 -1.31088387625 -22.8818191665 13.1849448901 -25.0145770914 -16.5050780962 1.17396361762 8.30805176047 -13.4008733278
LOVE
19.787604697 2.45458833559 -38.3318319337 -24.1108337566 3.43026576648 1.92467967911 -31.7717321764 11.1563914141 -25.0798538924 -8.00768685315 7.18848583845 5.38764678801 -4.0685875982 18.3017126529 4.07587690176 -28.9080452243 -21.710509724 -6.4171277739 2.09516964912 -30.1725120596 11.4895486151 -21.4288117914 -19.1075692384 -1.11753786573 11.9206212425 -8.48883049695
LUCK
19.7276138308 3.89194778495 -22.1772890384 -32.3893276029 -5.06583629293 14.327698566 -32.6822289784 8.71494010312 -11.6161198843 -3.32680370953 -16.1047352109 1.67467799317 5.60147581021 19.2144126886 1.48570844936 -23.2448724727 -26.6484881242 -5.2055644211 18.6650486121 -34.8002433378 7.74186537945 -15.3790739074 -1.8129604658 -9.40089176916 1.33700193038 -3.89510915227
LULL
19.3901864585 8.37758882801 -30.2337238392 -40.7575217239 -3.49025022138 12.1248966664 -37.7951177406 11.6571583407 -11.6954747149 -0.97371476516 -1.42892572311 -1.28209730035 2.96396421657 18.9728568568 7.46868127457 -28.5218503887 -40.4303638129 -4.90898488348 8.1970631348 -42.7108935173 10.1032749458 -19.1694947029 -9.38296668481 -2.3952788946 2.12845850311 5.28962982625
LUNG
18.7911418288 3.26709726028 -29.7937866195 -41.0858434513 -8.85077966048 -1.98134890597 -45.6910428006 19.2587368101 -29.0593374446 -8.15581744453 -9.4083953393 -7.56977779769 -1.84090701416 18.5096943043 5.92818516851 -24.6355803949 -26.4076652897 -8.41714950532 -12.200545446 -27.8673911487 31.6298671106 -24.7012604392 -13.2876894128 -0.719461452091 -2.42394382753 -8.89171753975
MAIN
18.9045921928 -8.72860255102 -2.16868848363 -4.19766331784 -46.9106887973 11.1165628168 -0.130611290026 -4.14886399793 -15.9794699037 3.66125943152 -24.2831054482 -15.037194332 -3.94494103268 19.2043742797 -10.9037096838 4.6929033288 -6.58995756406 -46.3779524501 11.6644269444 -3.90149122194 -11.2615455011 -2.6852552723 -8.79131800331 -20.3008773926 -5.27865500861 -4.03885167545
MATH
18.9170854817 -2.80189041549 -22.646205192 -7.24709648536 -26.4372087613 -11.5103386249 -6.94475616514 11.1297775493 -38.9958018788 1.63860548783 -1.87489229328 -13.4022999506 -7.5727344405 17.4160719755 -6.40210006629 -23.9031877468 -3.26200599013 -14.7348823784 -0.824605664894 -17.8821798543 2.69394323468 -24.4213797535 -14.54694953 0.121436864815 -7.33281793932 -17.0329359403
MEAL
17.009279782 -1.79822647798 15.0945526006 -16.3782720895 -42.1058286857 4.17456427751 -13.4107030115 -15.2839176529 -5.06685425109 -11.1454044546 -20.4793050935 -3.11106717514 -10.4609322638 18.5109394967 -4.4016584998 3.33092339668 -9.62218080994 -47.561882902 -0.132648916375 8.30774095665 -15.0327974572 -10.5222604317 -10.8087648349 -18.5736636415 2.20594926508 -14.3736514521
MILE
19.2295725512 2.87222562636 -40.1882087162 -18.414885147 -3.94743907639 -2.26885068655 -38.6192021902 17.5237970716 -17.8974583933 -2.304245021 -13.9274183294 -9.89130115907 2.37350313414 19.3063256005 -2.76381160474 -34.1738743201 -11.3591754928 -11.1847609731 -1.4384001936 -21.3391276577 18.9260342688 -26.008862436 -12.6541555539 9.3041565603 -2.25527997706 -12.7068430667
MILL
18.4088473242 -1.37760965791 -16.8913505949 -7.17699738725 -38.7457766019 -12.8394997168 -1.68561116355 6.44637291852 -34.8551258634 2.15977773072 -5.64288063301 -18.9681893038 -3.37491667606 18.7166022805 0.746725820456 -22.5927457328 -10.1238529157 -23.695086895 -11.1244061867 -9.08775635558 14.0509137322 -28.1198070794 -6.66066946493 -1.53281489456 -12.4981438678 -12.6255735913
MOB
19.0207165919 2.65200204775 -28.549925784 -24.8495624818 -3.94160783328 11.7191060454 -49.4833929372 8.58509653345 -20.0628285804 -4.323019334 -2.85071201712 -10.0463929503 -4.34850432058 18.6944960107 4.8469853104 -28.4090010217 -16.6945745093 -0.92118127622 12.0803769908 -38.7544526166 11.2953424274 -13.3369495413 -4.04813726087 -5.78559089294 5.44597339904 -4.88774778425
PAL
19.2034017498 -7.55124995479 -33.55737449 -13.4151480675 -21.3189260198 5.9557185907 -17.5822745549 -6.42240919964 -26.488828811 -10.6142588423 14.5236490987 -7.46016512629 -13.9865998492 19.74459679 -6.61568508885 -37.0580002099 -13.4880748758 -7.23830436379 4.18437234862 -26.104899627 0.705632905363 -20.6934517848 -10.030227735 14.1789129299 -3.72455308894 -17.303639477
PEN
17.1264056621 -17.8416833245 -9.92862815386 -4.39453392096 -26.112481387 3.55294073008 5.85007616925 -3.3184156954 -20.8210988115 7.62705958124 -1.67368367553 -3.53214890911 -12.3122507803 18.9289071951 -4.41792524068 -15.1032855694 -14.0342311336 -27.1360163145 0.00475215106665 -2.89462807017 -2.79695244309 -29.8305644297 -2.70771748977 -2.02751412935 -21.5016161156 -11.896886367
PIN
16.9785823045 -18.4803280029 -6.7005622813 2.65390711775 -31.3606232984 2.48608561154 15.4532000595 4.57581710982 -4.4787957693 4.70159085769 0.899468712387 -3.34589778292 -8.36957673572 18.95609453 -2.6441541669 -15.2675843083 -11.5243054972 -38.6199984478 -7.00469377761 1.36214928362 3.57384652803 -25.7227779549 -8.15426291753 -4.31367232253 -20.600078716 -4.30825990084
POKE
16.9044196567 -10.7092649617 -25.2674406817 -15.7076088792 -4.57793607829 -6.511198664 -7.00232432304 -1.53477118851 1.0105077948 -9.62535953067 -19.301355376 17.7383200239 -19.142848991 18.1826223982 9.18350986876 -16.5343685301 -31.9582027102 -10.4120016538 -5.78710295714 -9.88475253423 -20.6624329854 1.91993131059 9.60038718772 -20.1590378708 6.63033713641 -15.9629259865
POOL
17.9635061625 19.3638512085 2.10121157509 -33.0119442067 -22.4904861649 -2.37413214897 -11.5162228313 -14.0964272803 -3.21476967309 -1.11486670253 15.2235977489 1.47266353546 -7.68332030727 18.4906573798 11.9032158955 -6.62006481339 -43.3857952485 -23.7729012492 13.6858347104 -25.8750789002 -14.012093028 -6.30540380384 2.99868659589 8.62055614161 -6.77453329925 -9.06829932231
PULL
18.6045861901 5.85348142781 -9.52137469806 -49.920391047 -17.322207768 8.87877051569 -15.4153631337 -2.9934737416 2.01729517785 -10.617939519 -6.8245172804 -8.90106362386 -15.4889383926 19.1359535767 9.96756907853 -12.1535864141 -47.0904995476 -12.8256821773 10.7923731494 -8.18858290316 -3.78604145723 -5.74528485359 -2.57965703393 3.82252813443 -11.0699847593 -11.7502571707
RICE
19.255016145 5.10733136222 -42.15890105 -6.46374799335 -36.8240786531 -14.5649372736 -1.33185344142 8.32108925177 -16.9687182669 -11.3991401879 -0.435736602736 -1.19501235531 -3.4608691317 17.3377325136 -5.79406341506 0.301225479793 -2.46071110804 -47.8293309964 -22.4248549599 -12.8436103117 -10.5771882634 -13.1737552489 -2.52490765082 -2.93994424677 -5.04165628866 -4.47024092014
RIP
19.3686547851 6.63107062072 -26.9499948251 3.11560513447 -35.2466512895 -20.4579520237 4.77700555272 15.7801220036 -31.317723665 -1.35683866262 1.26120893278 -14.7340262273 6.74129769941 17.9346100829 3.6569790349 -21.7082097939 -1.1760378092 -33.1094985076 -17.131908099 -4.16278064958 6.10355670929 -33.4361866851 -8.5621051279 -5.33144307855 -15.5373639614 2.85134904126
SAIL
18.6333955123 -6.64275540075 -12.5588619871 -18.4817672388 -37.1512829851 -12.655690903 -5.81262097553 -1.20394888006 -9.68336086632 -17.1747165738 -0.727985999485 -8.05782880687 -13.3538945672 18.9640948594 -5.57024478383 -11.3801417154 -9.61521342156 -31.6444454738 -0.516392710936 0.0751259993105 1.10426121011 -17.1903745383 -5.93561030745 0.883290092315 1.90971105167 -9.41114374372
SELL
19.278792917 -0.758091130795 -29.7055100163 -21.1984762756 -22.1561083228 -10.6578204785 -13.1500902322 16.836607406 -16.088283331 -24.370136292 16.1931937874 1.77361822154 -20.234408519 19.615360639 -4.61171773565 -36.4565890323 -23.0711698186 -17.8308021051 -2.04591864834 -21.5165013217 3.32952793217 -36.3012345825 -14.673647867 12.4839636997 6.47147341544 -14.5054202584
SOUR
18.8264924865 1.22162006244 -31.8364253469 -4.91456776813 -18.2722549335 -5.02411766443 0.768154797104 4.13907057439 -14.6697258935 -5.99054531726 8.838960883 4.15057157206 -14.3419471577 18.5104152238 8.60052428186 -37.3446136499 -14.7709032333 -21.2207671006 0.687083542637 -3.33682580034 -3.40678181991 -10.8831916802 -7.03268624135 -14.5488682008 2.53818956264 7.9754574723
SOUTH
19.227628126 -4.66494277635 -31.3856136659 -13.8210064176 -24.9843359729 6.6700350398 -4.83179419153 3.72310775382 -22.5734818619 -12.8750355946 14.1383157761 0.808929307669 -14.9805760646 17.965773423 -2.82272496547 -27.1190233928 -14.6239314589 -21.6025763395 7.49291972501 -21.1040701391 -1.10416331627 -23.0263868844 -12.2854469925 -3.93590501854 9.78027002694 -20.8753402182
TAPE
18.565263504 -16.3223775842 3.49217036526 -3.45543320985 -43.4452629142 -3.77022086685 -0.0180945612811 -4.57395257957 -3.12530878856 2.84187866051 -5.49787865854 -4.94112964542 -4.62772269473 17.8384773166 -8.03896907897 8.44400149997 -2.78350059467 -40.4683040203 -8.69528471309 -15.9659884456 -11.1346002922 -7.30739230133 -3.32948419761 2.31241616901 7.49004137352 -9.40150351322
TOOL
16.5141159624 0.573734321338 -7.45051280534 -18.1551765198 -12.4231451791 -11.2775717991 -31.4452632352 -9.27971104646 3.21941381711 13.5251028269 -11.4746781301 -4.89382969541 -11.2491595243 18.1255287018 12.2129237001 -0.583829130331 -32.2328011554 -15.5244144071 0.355580786335 -25.0350466895 -13.2397393343 11.098345198 14.2097800258 -4.69747551661 2.15626625476 -15.1415481024
TOWN
19.3741295375 -3.53591298773 -31.498222946 -6.57088640933 -22.8839082378 -2.77228959789 -3.81936773699 5.46997355419 -25.9562855562 -5.44980134705 7.07245683601 -8.10063396192 -6.42733373017 18.1548008571 3.57214951709 -25.6523497448 -16.2367024925 -17.3924474746 -7.19285476824 -25.339719297 11.904812346 -25.9321216908 -10.6780867308 -9.93447014253 -11.9223793734 -2.00116868667
TUBE
18.4107859431 -7.44544887062 2.77033650818 1.43449382716 -37.4193261993 -19.3194365272 -6.19911394611 0.965105341606 -13.2281121417 5.95414804717 4.35693906648 -2.51212628499 -12.6315071751 17.4541663 4.25317224577 -3.98052414866 -14.1352446182 -24.4681321669 -16.7022275662 -28.1833974766 -8.82091646449 -4.10806999884 1.28378801048 -4.64303361293 8.74476017328 -9.21782529551
VOICE
18.2951926868 14.4271827083 -18.8513379004 -32.0086160978 -18.6479325415 -0.173592695147 -9.28866515172 -11.3636761168 1.58101772505 6.18548542695 -27.0600690731 6.533882181 -6.99753928028 17.8196216025 -1.46764058226 -9.64782040414 -3.75269832831 -27.7218652038 -21.7591833327 -10.4266408638 -2.07568736407 -6.33527648083 -12.4217206249 -6.12877988147 3.29531580372 -13.0353275069
VOID
18.5333466377 14.9319538166 -23.3599627685 -34.4763977156 -24.4455354453 4.33996970543 -5.43982520414 -18.5903341796 9.17184440792 11.8643400229 -14.4163145808 -4.28377179392 -10.9684843711 17.9963740189 3.45272582672 -9.92170842682 -7.02385979076 -35.9571206662 -11.6944340859 -5.77766524011 -1.11457567278 1.71057632682 2.37817456254 -14.3530775376 5.06399314823 -7.20938667677
WALK
17.7703958843 16.5538082693 -11.5629890708 -35.2134669418 -33.8174777012 3.19410200192 -10.3017923582 -9.44894398709 -4.06324561424 12.0059710577 -13.2634474109 6.00997449343 -16.3555562471 18.305339991 6.66903559735 -24.1559426016 -31.9796054727 -18.02605954 11.3798273539 -20.2224100246 -29.190577402 -9.5328426828 -1.29438270996 -16.1927566143 10.860042625 -16.3942283612
WALL
18.8204240363 8.66622329367 -25.8607970149 -34.6583495867 -24.6535762363 26.7262663659 -11.7374546936 -14.3185242466 -11.3948727336 2.16309044403 -4.32502251869 2.41889662079 -13.0090879137 18.8430942694 9.47960087683 -24.5300575066 -37.3755641987 -23.8332102636 22.0699839513 -19.0294337338 -12.6762398451 -13.9830108763 -3.3970486201 -6.50252680222 -1.20763901677 -12.089058836
WET
19.704819435 -5.06475901198 -25.0187938069 -1.00237384078 -18.956947117 -6.58949303571 0.899506830656 2.14832363723 -21.2539939772 -14.036549998 -10.1552711774 10.4356347768 -20.7237224811 18.8255242372 -7.51233747684 -14.575246812 -7.94316218145 -40.9735269105 -4.96125322129 4.02286644818 -1.35102119112 -23.6850778388 -14.368365363 -10.0172216591 -11.0783147268 -12.4098438709
WOOL
18.5972123966 15.8598288086 -12.638101149 -41.0480862647 -10.8497367064 16.4404338473 -24.534220841 -5.39498529091 -17.4405293844 17.6772474748 1.00048919957 -7.83349787176 -17.1871294058 18.7320679978 16.9070190965 -13.2524994095 -32.5367895934 -9.3220270846 10.3205329429 -19.8275926094 6.03351318962 -4.38062121627 17.6874475374 -4.89259770084 -6.87985920518 -10.6148821719
WRONG
19.1836522319 9.72669486311 -28.8423035926 -22.2504432309 -6.30513083619 13.9702722849 -17.6495744769 -7.81452446583 -14.096638667 11.1391031496 -6.74237649963 -0.255201404296 -0.430689760554 18.0049131678 5.40404795282 -22.3023996203 -33.1162496506 -2.05535921575 0.264570277101 -31.6919014602 -5.67224288336 -18.36974195 2.04657384774 -18.6700944826 -5.40678130197 -2.12807292565
