BEAN
20.3780437182 -20.2353429083 26.0862770112 -5.03020593874 -52.1321947598 3.02808699207 -38.244332976 -11.7321858174 -2.2869119012 -1.50981790594 -20.5952266658 10.5504867228 -13.7437062394 14.9530428654 -6.82756193945 7.27533702446 10.1062902753 -18.931819955 -23.4771841539 -15.9235954332 -8.58412872236 -14.2611400804 -18.2922987872 -8.20819231069 6.60612797667 -8.220531623
BITE
19.497689541 -3.46925012424 -25.9435570774 -19.44549391 -24.7570415796 9.61506025422 -9.85264993928 14.5856554999 10.7730230279 -2.11997103696 -40.437508813 26.9458868342 -2.28658974429 20.7223017782 -10.3981605968 -31.8366301149 -7.93412030265 -27.5173433534 10.1639841493 -3.03364708232 23.7724481192 -8.93468769856 -16.4053800042 -22.0243087794 30.6701786852 -5.07425731423
BOAT
19.7985604244 -4.30413762837 -16.1468097105 -32.9779928086 -19.9106635261 8.83525121908 -17.6155480926 4.21935749905 21.60215386 4.90553834288 -35.8837496577 17.7035992591 -8.68897570838 14.8161512283 -0.561709727195 -4.35267316062 -26.4227457937 -15.5890729967 2.19826041503 -35.428770668 -13.2208488753 19.5052790875 16.4559502938 -8.96753155448 12.3497223029 -17.5822568896
BOIL
18.9095780385 4.9144233234 2.08400871605 -43.704120614 -38.8999123332 12.5518863612 -10.4843166556 14.7265071397 -9.14166911694 6.15783617208 -2.43601246087 20.0786350312 -16.0340984311 17.7545223076 -0.0924910180784 -15.9879454171 -34.28992279 -16.3905319904 -13.6160467205 -8.63171232016 14.9515384983 4.95625993678 11.440394962 -36.6022592263 11.4439811891 -11.1114851584
BULL
19.7958131573 -3.05002443217 0.444070300121 -48.6533877976 -35.6008664096 30.0780748219 -16.7370633422 13.2879178289 -14.3734922547 9.64539123412 4.52948965223 5.02043199395 -22.210860602 15.8191256748 0.277568412655 0.244556978064 -48.2510924521 -26.9735443756 19.9134710864 -9.49538457878 14.1373037989 -17.4496123372 10.8413787771 5.56368246955 4.51942780107 -17.4805862783
CAB
18.4027132334 -12.0949035972 -18.0543825454 -6.95161323459 -44.2194411861 4.4778893683 12.1548688452 1.14638069459 -23.8925170736 -4.69669803886 -15.685640115 5.31143366893 -6.80982269256 20.2279927322 -17.6360759176 -32.3857909889 -8.49644147759 -16.5626175933 21.7090064349 0.724923339649 0.257835081859 -23.2672885646 -12.7033837518 7.23552451553 21.204920806 -15.4739896173
CALM
15.696917908 -11.9039277938 -15.9255201843 -18.2688656786 6.73189303243 5.51719601642 -20.4352123699 2.08904216908 1.06858554377 -5.76070963111 -10.7549834704 3.75924129268 -6.89717307968 18.5856659121 1.39483730682 -16.9538884026 -39.655043602 -5.43688363775 32.0745143822 -26.0820829778 8.67060405934 -29.7311753915 2.31020268213 1.95257933211 -12.2226599602 7.28101651962
CAUGHT
15.9359721359 -14.7515350908 -25.577116496 -17.8003336252 0.910817472826 0.151795911895 -12.9807373626 -0.0347853517984 3.87374780153 -11.9351206078 -17.3664195091 12.062083683 -10.3280592337 19.6333563906 -6.24527650607 -30.4909805496 -34.1620359846 -3.64382596161 36.0571472257 -17.8333342727 -9.83274609886 -2.14769456721 -5.95651526619 -6.85506350297 10.843459678 0.63011519354
COAL
19.2194716249 2.22884779883 -8.33858181956 -48.5759611813 -33.695142709 19.0949433467 -10.7573219554 -1.90025803228 -8.5061485076 8.64914801339 -12.6336855913 9.11181156686 -23.4658844151 17.8583579602 1.91677286857 -0.825238715582 -52.0566139186 -34.5609491559 25.3038514046 -8.85018643186 22.4743928255 -20.4496544477 6.25597282565 -1.55385055129 7.2195623409 -20.8603539878
CODE
18.7164930839 -4.94605170819 -21.2585912543 -21.6835766721 -11.024298137 -10.2444577265 -8.97766263768 2.94078243924 3.10522030267 -7.68583611691 -34.702423596 23.1335236302 -4.26775932575 17.6467893671 0.674594677058 -9.54081236098 -24.4118494897 -17.8307547356 -5.52001438989 -27.7002620472 -1.16012200601 22.2350083425 17.8628242341 -24.7752110672 16.1846987064 -13.2173293871
COIN
19.7360413829 4.05083066388 -10.5518911761 -43.9971147638 -18.3806304543 25.8505108017 -18.4460010675 8.19828088956 -22.2474071137 -2.54251431113 3.53741494252 -6.92344389589 -4.8763110644 18.0774609127 -13.4185990942 -16.2471733343 -11.7674005301 -25.1140832463 -0.316190911937 -16.9003337468 7.65965316796 -15.1353781569 -6.86857107019 -22.3747711325 8.46268384549 -12.9946572269
CON
16.4364569603 -14.5875753572 -16.522531852 -19.0774283678 8.76541538835 8.35114221341 -13.2827383775 1.00259010989 3.91250896031 -7.66117038404 -13.4926940442 -0.617140118052 -8.39473194051 17.943006922 -2.55574018935 -18.0504747629 -32.7693164375 -1.00511157621 16.3669511599 -31.4892177442 1.77918369804 -13.0001381038 -14.8716538135 7.57802348374 -11.43735336 4.28626488848
COOL
18.2174295271 11.1484594598 8.72889078986 -29.7513516029 -25.7591244934 -0.15385784177 -17.6605167186 -7.42786095584 -10.1490557881 16.8478329983 -11.1526015633 17.7553594008 -25.19476206 18.6464639026 8.9885941784 5.66006015536 -35.0629439082 -28.6428104008 10.4332095095 -17.7368143674 2.8005589 -14.4178970953 4.3833572761 5.0991719263 28.1319026893 -14.1503942854
COT
16.4654896628 -18.7706934991 -17.1654376185 -9.1821653581 8.82854054602 -4.24225885898 -6.43996175369 -4.07146563322 -3.88143392106 -8.99141161124 -11.5670347418 8.26477877147 -13.9824736657 19.5827937862 -6.93443918896 -30.0760726466 -28.6696667783 -4.73367522671 23.0440040294 -10.8606039577 -19.9185636767 3.43634481202 -8.44537931447 -10.9107679692 16.4215144422 -7.65372904599
COUGH
19.2908271969 -14.2818457793 -27.8893441921 -19.5197728374 -0.409029995906 10.857247079 -7.32420005579 -17.62203375 2.12216623148 -6.85515811354 -17.6438667082 13.0694763944 -11.1961871502 17.5054203406 -11.6479312031 -28.2895470149 -20.3717812555 -2.82114009719 21.34377394 -1.14545472294 -18.6786905736 3.14200904 -3.63033765578 -10.5231219106 17.9787080286 -7.62609815688
DEATH
19.8884579404 -4.51944762916 -28.1036111757 -4.50230655918 -30.5465402147 1.02236333431 13.5071043101 15.3722662485 -15.7036809827 -19.4526556463 -5.36808072957 13.583345574 -8.84273980617 15.358698601 -10.083178826 -24.174065091 -13.4306579774 -7.59468076245 8.92655454182 0.594369541437 5.05462961304 -14.0487443568 -21.7697512725 -6.60381110282 21.297376961 -10.9358938292
DIG
19.6604490154 -9.19947213183 -0.288791282453 3.09801224088 -58.0516117401 -14.7012019291 -4.28524651967 7.96932301252 -7.7059481227 18.8392649954 -10.0393985702 5.61186769561 -13.8137475221 17.8906706494 -6.66412379432 -5.04347776108 3.85558514329 -55.1171345034 -16.1772360489 -5.47607029018 -1.6332962929 -7.3876786474 25.5660751398 -17.863952751 10.2792061684 -17.4592928532
DIME
16.5854612026 -10.8197847627 -15.7343438547 -9.46911728331 -9.86785357252 -3.19126955071 -3.33152125656 2.91562662813 -0.64807548504 -11.2121653908 -4.26429688682 7.42442800335 -9.72996680692 18.7768250075 -9.57287851115 -32.8275932042 -8.93316993572 -11.2065718144 8.32374155101 -26.1142806631 9.01687664657 -13.5202078566 -15.1228265619 0.263252716744 4.38042241814 -8.05588216854
DOCK
20.186868957 -11.3695012348 -28.7286776078 -14.8036892464 -24.3318202076 0.0208757571333 -3.96781870308 17.3527714939 1.7051287304 -23.8431557113 -14.9124914232 20.2188508226 -8.87211996067 19.55341813 -6.51711147712 -41.7298740934 -14.4264710145 -9.21240867642 29.5442045548 -1.22302783743 -20.9333214322 6.18803875848 -7.82743973772 -7.97474194551 18.4713843089 2.52927887447
DOLL
19.1197650287 -2.76658230938 -23.6223752082 -28.7006212184 -18.3876568539 11.5310581741 -10.3046661823 2.48475618868 6.95294558886 -12.0733680576 -15.557936833 11.1466565566 -6.23529665655 17.2873895171 -1.72094826847 -16.6621226036 -42.6911227579 -10.9725872956 39.4496479665 -7.50545042443 1.96841426899 -17.5911380976 0.928825551959 1.85841489374 -0.746801414325 -3.77032560797
DOUBT
20.2411017686 -10.7587666748 -33.3509215903 -3.13101136657 -27.2128141028 -4.76725731155 15.9193842484 9.72061993602 -11.1033334298 -15.785597564 -6.55079337723 8.66981761188 -2.7366848168 16.0130098709 -8.74553168846 -22.7100736067 -25.8619755408 -9.72891285871 5.73898309824 -5.53194040846 3.21388173307 13.089552537 -6.22502183275 -30.3943120646 8.19315385362 -4.98485177931
DULL
19.4872601132 -10.8377087615 -15.2412760691 -11.0718046796 -29.7334303596 -8.18202350614 -6.32144977743 24.1908982256 0.839866686987 -7.87827256306 -13.3606185104 16.321198291 -20.8082936748 19.4423402684 -6.5512458277 -30.9324967978 -22.9306136439 -13.4266762909 22.3305038333 -6.75574975772 4.26676404316 5.99988078274 -9.01802809142 -25.1738523045 14.9816466933 8.05905478621
FADE
19.9752784963 -17.6091202533 -2.63072702481 -1.00348510354 -54.1612519682 -12.8474603706 3.84500514176 6.78064198299 -0.605778613727 18.2883696103 -11.4587482632 6.17927039932 -18.6646251602 16.3257546635 -12.6068073494 15.9103616772 -0.726217085288 -52.3668974957 -17.6009730196 -9.55374627981 -24.6436921506 11.1162956744 4.54981579624 -5.38720637852 16.6073777227 -10.7388584268
FAIL
19.6900092055 -8.76897036205 -8.97186706362 1.98713669847 -46.1908715927 -13.4064296377 9.72788809377 14.9752959758 -5.24162694106 12.4828022379 -8.93384200604 -2.65869417635 -11.3926549103 20.0941022611 -15.5034299779 -13.3473904065 -2.17907588699 -54.5933926577 -7.3751967223 11.7006946154 13.2770221031 -6.91502644656 9.17893849294 -17.5763881455 -0.347031793663 -9.52065401788
FEED
19.1048308896 -21.528293183 23.8493611605 4.72940035211 -40.93360999 -0.931863210987 -22.1192969814 -17.6484507905 -9.16060489006 5.5550201559 -9.70396013399 13.8791993245 -6.51252156045 17.9758666506 -11.0754307291 26.9769152587 9.41663517711 -42.0688078501 -2.25603155154 -32.9075983667 -23.8222214543 -13.5507202372 -1.42184326781 -14.7164140893 24.3603320114 -12.8599038133
FELL
15.9405594616 -20.6814570978 -13.5078117072 -11.4046085324 -21.4588883621 -3.70719229861 -3.75571610347 12.0899727647 -2.33920002965 -9.2495463342 -9.17244822979 7.09229188301 -13.1564637976 18.8929394915 -9.02623710029 -32.2903468761 -25.230156867 -13.116815119 26.624323517 -17.0957696248 12.9883002798 -8.3161899607 -9.3848454124 -20.4125865071 20.1189197104 -0.446106334273
FIRE
19.7850393005 -10.0997129145 -41.5839818062 -10.0442187049 -14.1201307463 15.9490760466 0.431069066136 -10.0189160445 7.08824700538 -20.0389298693 -7.25536478934 14.1747442221 4.12824922276 18.3103673023 -14.5224300923 -35.1265587811 -4.77582396455 -17.8314203935 -16.721802372 23.727583917 10.6067668482 -22.7453953893 -12.0099676127 -4.83967992645 -0.918780788852 4.29865597641
FOOL
17.7063946724 5.80210506725 4.28297407591 -40.6473984516 -34.4003091338 4.23305515562 -9.68370399282 -13.4214338392 -17.5632431056 5.33072532242 -0.00167341677424 18.5949538027 -14.0958516664 18.7459108303 7.4127226762 8.21864495564 -42.8334206052 -37.6544894768 9.2998974761 -14.0751339821 -2.16723028848 -17.6079235 1.36174176542 -2.79391587929 33.473935103 -4.07408056085
FOUL
18.75303651 -3.58930590766 -31.0653247628 -8.28005295586 -13.1710601817 12.760085917 -3.99986202578 2.27347287772 4.35936922709 -16.8749719683 -10.5549981571 21.5964096121 -6.37655031623 19.4947701243 -4.92939700102 -34.4997084821 -21.1779189599 -12.2592621571 38.4901344059 -10.507027615 -9.04418240315 3.32005218533 -3.58177606872 -13.9462349815 12.6583419161 -0.936590662342
FULL
20.0469253206 -3.09138843445 -1.18345438884 -46.0383552636 -26.10297293 23.5102512918 -15.4889112671 -2.38682964549 -1.25727439408 6.4626861717 0.709647738994 -2.6646737888 -19.1617184974 19.63100419 -7.62410224422 -3.45623533259 -51.6005450518 -23.3556709877 24.6738781683 -16.6634928611 4.81332668406 -8.60265001432 8.71071882254 -3.04843460549 -1.93064482182 -24.8699821938
GAP
20.2262959457 -9.47163920307 -34.221319446 1.85023754458 -38.0362775671 -0.977319848891 20.8632890712 -6.82335544957 -11.5885278007 -7.06725218566 -3.8829708351 1.63455207802 -6.11678639967 17.5822727299 -13.9936584721 -35.5338821893 -7.40289070037 -3.01865620305 12.718813705 2.11587216269 -19.8924063059 -2.89137215685 -13.6439827951 4.07450497334 12.6229506636 -8.06336684086
GUIDE
18.0153795588 -12.1451059616 -27.4631388524 -2.49991801749 -17.43878626 -10.1428234435 9.20951287655 0.955024355393 -7.13636759648 1.88201585558 -9.36724911357 9.75765980239 -12.5114954052 17.7483258093 -9.74376304339 -28.6497549347 -7.76883873374 -23.0376220073 -0.651445831555 10.6315399738 -8.66017918493 -8.89818770555 -14.7293305345 -7.02523837773 8.38526081923 -9.12137361175
HEAD
20.7217284452 -16.9496482878 -23.8626300005 -8.89258060362 -32.8729056287 3.6823693361 18.9564884527 9.58223751073 -19.1315632115 -20.1167140507 5.35254673337 0.528611014396 4.66644414138 18.1906628818 -16.4678641978 -11.7576283381 -8.39834526724 -39.6527565513 -2.74646041222 12.5512503069 17.0180236398 -11.0306750595 -5.28717293142 -8.54977270686 -6.46596146278 -9.20524665743
HEAL
19.5438764131 -16.0365963983 21.7989898381 5.20259782667 -59.837565841 -8.97965843469 -28.4686621358 -16.4431642817 -8.47397157422 4.91950851039 -16.5775349407 14.213065973 -13.7207444312 20.9125161856 -19.9104315326 1.69441439553 -2.87812041241 -55.2161710888 -12.4718733593 -10.3338020052 -1.03477749481 -7.43771403843 17.2791036184 -12.8914545323 12.967423854 -17.4181719847
HILL
18.7140772249 -6.53711897146 -20.5463489254 -15.9991105722 -36.5579354986 -20.9698143728 -2.29587209067 -7.29107577337 -15.2623582271 -24.7974121127 -10.0534817597 -4.01118609845 -17.0944149287 19.3538815116 -2.93178277342 -19.0453139079 -11.1815078114 -23.9346604158 -9.36707782771 -0.914053222531 18.7202222191 -7.81458995217 -21.5207700471 -0.323861445408 9.06966265783 -18.7564532351
HOME
19.9178431994 -1.73973819069 -11.0089311146 -37.6838078154 -12.295386298 30.578585679 -24.5905506881 9.77125716845 -12.4221126451 1.95528949924 2.54108743712 -8.11876098611 -12.5286798349 17.456356975 -3.48356793912 -3.86337309084 -34.0173282388 -21.93237452 12.4711022551 -24.5013167882 18.5057301191 -29.1635149035 -2.68248989327 -1.94139642926 0.678114953373 1.26609578216
KEEP
19.2785352472 -27.2631419067 19.138565185 -10.2447466085 -26.7461028769 1.67840688855 -26.3110612674 4.95726047975 -9.59020329948 2.41075343867 -3.16615231036 5.95753505675 -2.65166830257 16.6868557866 -20.4280686415 20.7483486994 -0.381089383513 -30.5772401253 -1.47425775669 -31.3558662448 -14.0158305717 -8.64816253032 -3.59396190159 -2.38185926471 12.5864932317 -8.20432685559
LIT
20.4817746549 -10.1695682618 -14.8964021669 -13.7148680691 -32.8409096312 -5.81401959151 -5.80249594889 42.7855412899 -7.4271059144 -22.7975429749 -2.40172689843 8.7354374446 -19.0518618585 17.6558617418 -5.90357051171 -3.718324759 -11.9848775774 -39.2598438733 -7.38167502895 5.27885214673 29.0216321576 -6.17872197174 -6.73080134745 -10.4253489051 -5.55762016905 -17.2851143061
LOUD
19.9750255241 -5.9525909412 -37.7440460157 -12.8815293014 -6.92525482592 16.0332995711 -12.4833614445 -2.60702311174 -0.0521006090517 -23.4165274081 -4.84784082775 30.4724824921 -9.88629236031 17.1695409014 1.55666458658 -27.7577784321 -21.7848785933 -13.3493504157 4.09020000581 -5.73047307037 3.5367056879 15.7065326478 -15.0705689434 -28.7442846167 16.6200169202 4.66736540749
LOVE
19.6485609573 -3.30201901669 -23.9685489888 -34.0570158007 -10.0062740468 25.997316121 -16.9666610205 4.43675690833 9.26279403247 -19.8672873407 -16.8154199349 13.9153880399 5.4896903436 14.8054786723 -3.44635110376 -13.0308368007 -31.3838948806 -13.2246133086 1.89518405548 -25.153461194 0.562972460447 21.9940421086 -10.4892210305 -24.3307071515 6.26102907334 -2.49046293454
LUCK
19.6614394149 -0.140619294322 -21.4884336972 -32.9106781616 -16.4270690961 21.3655263659 -21.4268730662 1.88937860253 7.49510563126 -8.32858538638 -18.0838813246 13.7448651522 -0.685677784978 16.4574134352 -9.040755701 -33.605289247 -16.2821370309 9.5113165648 14.0431903936 -8.48114314615 -3.87818713733 8.50260724619 -2.9434041811 -21.1664041037 13.9977082561 5.91608944651
LULL
19.6470743946 1.60711622824 -20.0245414302 -38.9740069644 -23.8907692554 38.7048099191 -19.9211157466 9.52128244341 -12.8960131174 3.1729841368 -8.084770814 -4.71630506262 -1.38521798095 16.8544067093 -0.283294903176 -9.3913298867 -49.7189120462 -26.9530299659 25.5201954199 -16.4014113927 8.86112275315 -12.2770906151 5.84966764585 -4.47561531734 -8.03880679726 -10.1684617779
LUNG
19.9210685612 -2.44743242323 -21.6763433944 -38.0662615718 -3.76390153001 32.3911433805 -26.7674256865 5.35146037703 -2.7591300969 -5.20297300725 -6.65592122405 0.162139470678 2.44574975389 18.4161386109 -3.87681719785 -20.7531457377 -27.6874745816 -6.26036992841 23.0802956913 -42.1582226634 6.31226537549 -10.7515835315 -4.80029067105 -8.71425540343 -8.88501630286 9.01674452508
MAIN
20.8165619981 -15.7192593423 -2.44032929907 0.670726555576 -59.7232089319 3.87895721734 -2.6545338505 -11.0269844207 0.192545812667 -3.62027417237 -13.3271575534 4.26475880581 -0.146253741409 17.728571105 -13.9903367602 13.490528929 -1.74375613211 -52.6402075582 4.9842874354 -8.36477489022 -22.1559441198 12.0362651054 -8.88958155241 -15.6652644793 -1.85300150082 -8.02052953959
MATH
20.3933119891 -15.2037489971 -31.1024474318 -6.07873230983 -20.7230051293 1.76154779941 -2.00409423737 -0.290872184929 -28.2400330618 -8.2854442364 10.3328884392 3.94375745563 -9.8236853564 17.5409272192 -6.86017696251 -32.8170836294 -7.97345066177 -0.514345289407 7.71181169803 -18.5390001361 -0.506481258534 -9.58156421754 -24.7944365846 2.42628556887 7.80468764707 -20.2250339857
MEAL
19.7082926689 -17.419495514 15.5272090358 6.46238205309 -52.4589123465 -12.1346372727 -23.110598631 -10.6527781914 -8.31684641288 9.26697528098 -28.838499943 10.7032089795 -11.2217353237 20.0323717033 -14.3767652738 7.21364283088 -2.51854297896 -54.507581151 -8.79543008182 -11.362480584 -11.2214771277 -6.89252591864 5.11679299613 -19.8542102582 13.6192289264 -10.8796861172
MILE
20.1126714428 -6.18972720565 -29.6820159792 -24.4356712879 4.13772051207 23.1580263382 -34.5090718463 8.31614531159 -0.522704781035 -16.4528489902 2.24080645619 -7.05949496405 -0.304205964664 19.7286595062 -14.0508131694 -35.8186944984 -4.73667641515 -14.372112981 2.57797834039 -6.80948889552 -6.27250164314 -14.8492218903 -27.7107777277 14.8310590903 4.22337730923 -13.0181675744
MILL
19.8019593756 -9.10235447846 -17.4535196928 -8.56532583948 -31.4869660461 -9.88851918884 -1.63910657692 40.6622843376 -14.9656324439 -19.2636806199 -8.41868348355 10.9269502131 -22.8994098091 20.0575188934 -8.95934740995 -23.8746320625 -9.67162698892 -32.6628362983 -1.84522971986 -8.84417517669 35.2930033679 -19.286431464 -19.3868947002 -8.38636949278 13.6154392028 -21.4361043836
MOB
20.1857997366 -7.45362381748 -20.0982511958 -36.794122457 -4.97429406029 36.7276635615 -25.2366743723 -5.01432553012 -0.625845427419 -4.54467665204 -6.32645711318 4.54007507353 -8.54882017536 16.3765366533 -10.5146167712 -19.7238483006 -37.986012245 -4.42653000164 27.9459419731 -19.9487210436 -10.6864899337 -5.09211227679 -7.63251217236 -9.3871252826 1.92553229141 -10.0595147059
PAL
17.6552730543 -13.1864062886 -21.5440199351 -4.09311620869 -17.4175692134 -8.74331631165 18.8421020074 -4.89803131659 -6.2883541551 -14.9116504571 -4.9052239716 2.83898434867 -9.41852719683 19.2169031776 -10.7490585693 -37.6293586159 -12.17870929 -1.08152955313 7.07723990536 1.30106302193 -15.1207969321 1.91450512289 -18.3826587416 -3.60952948932 16.1116984614 -7.01189724734
PEN
18.5034403514 -9.03213355938 -14.8242008576 -9.54444986525 -27.3587860823 -0.0867401553175 11.9967075755 -3.44546290724 -17.0703555852 -19.3852500239 -9.66490867659 8.5245630256 -10.9129269874 19.8454927653 -12.0292336595 -28.1436027444 -8.26350972656 -23.268318742 2.05103487621 0.971075018203 9.21361162723 -27.6920878993 -14.836835178 11.0426750742 9.45669801434 -10.9231876439
PIN
18.9237969772 -15.5295296275 -11.1821767569 -1.99045247985 -25.6611068733 -4.48963518098 9.02379781218 -1.99637122479 -10.8274925311 -15.1804557417 2.32956572194 -6.02826219286 -5.77540252478 17.7648486111 -17.0805383055 1.1384238806 5.02444730091 -27.7913871142 -29.0176858869 -8.10802319527 -0.164305817855 -22.4280754383 -23.7421209354 11.0451644193 -12.0047871522 -3.54834907032
POKE
16.7687895738 -9.38266098661 -10.7759424783 -20.9313162198 -5.88498375142 -1.85332061775 -5.65105500526 -2.18410029387 8.03572506148 -8.18642917202 -16.2487925077 5.67682192869 -14.0827620498 15.7964383779 -4.33224905905 -3.27232723671 -31.3012086104 -15.1073277604 -0.696034824532 -12.4831696307 -9.71193219447 7.21045022195 14.5484810183 -11.6003824009 12.8584241323 -20.9181958091
POOL
18.7261641346 7.11587811972 14.6201964178 -38.2949660714 -36.5795488811 -2.64315996642 -22.6089954445 -3.06951285899 -18.4194471895 11.9141193808 -8.07430247759 22.0114303566 -27.5438176908 18.9778439017 4.22364415661 11.8793658237 -38.4475552018 -40.2198308853 7.85939593953 -23.4436356624 7.53065862411 -23.6221980914 10.3283996391 -0.507490337633 29.229663838 -14.4893906035
PULL
18.4524137989 2.2241516886 -6.59815185297 -48.885174202 -22.5820970431 12.4704883014 -27.0917955104 -4.95052797267 -5.11104056429 -2.4034226552 -6.2265316842 -9.03986545219 -12.9136659274 20.0786582632 -3.36312861008 0.550104779005 -50.282785804 -30.8279061642 30.2702566007 -23.5368170912 18.0532094557 -16.8852140052 20.5323309969 6.13213703498 2.42337282524 -17.8696732145
RICE
20.0923530322 -6.42549091567 -34.5389206611 -12.6674494269 -15.5282083853 -4.00072583363 4.32139059043 11.83356391 -8.19603041832 -19.953279792 -13.3080779292 14.2523902291 5.66785762644 16.8449820152 -11.4126264063 -9.12668233962 -3.51834801575 -42.7412545339 -20.9739032618 12.9993282811 -9.53852129988 2.73858909632 -6.26195100811 -8.71317247766 -5.67019747276 -4.22102870404
RIP
12.4876354853 -20.6433716484 -4.06517407625 -8.34816348817 -15.2471723668 -1.19190454214 -3.11461029378 6.97805958602 2.54182218602 6.70995916462 7.24945973703 7.41251328312 -2.13669834705 11.9518834103 -13.4736677485 -6.51415773697 -3.27418828235 -9.16595921065 -1.00270161945 -0.0796225950206 0.297344414064 -7.40231217964 -3.21762803983 -0.825931900643 13.4514290972 -12.8357159882
SAIL
20.017972119 -14.7671381218 -11.9515798086 -2.85693849353 -56.1897123259 -17.887754347 3.3793088796 10.4747665693 -3.79502440943 4.23565036816 -8.54287636708 -9.84647159898 -13.3289577074 19.8226734423 -17.5271300782 -12.8735790164 -1.23918761982 -50.6514813216 0.322596310961 6.84036093372 15.8691439256 -5.62469430184 -1.56845364626 -13.2891882435 -6.55844094085 -6.99702702279
SELL
18.1902850839 -5.54114616011 -15.383615904 -7.92555161289 -24.0796850402 -14.9266169056 7.61122127864 20.6176274215 -9.09134686043 -12.0323993892 1.27279047244 3.56569200061 -15.9829152995 20.4573051698 -10.1340681627 -35.0149721733 -9.53911268369 -16.8926567344 12.3438708781 -3.58342264876 15.1878448099 -14.9352558124 -18.8979833749 -6.2176431477 33.2978033473 -10.0536786846
SOUR
19.8229311901 -6.48760991435 -32.6077279709 -12.7024074701 -14.0407138812 3.98962582931 2.030380556 2.05998777753 -9.39120855424 -15.0852934222 -9.68723629251 20.7781441476 -1.4706802509 18.4068655758 -0.751069064346 -33.495698816 -29.6742609944 -6.25530839436 23.5110910805 -3.17790563452 -1.52503514788 -19.3916334899 15.9572070292 -27.4343004299 3.64095081425 10.5028882977
SOUTH
20.1384576747 -8.0924193479 -27.7946718639 -16.1049925101 -14.6987990364 13.3860593467 -0.504824194539 12.1680677112 -7.93686969391 -21.1856319499 -6.29264059799 23.2793248191 -8.49855241971 16.2444489897 -6.62726668658 -15.2341891523 -33.1915404401 -13.5575195205 20.1399744756 -21.5138980769 1.96763453102 -0.143978173632 -12.0781257262 -18.3320841432 -1.34429336667 -3.5481282934
TAPE
8.82265219943 -15.1015614958 3.97751917897 -8.73281770011 -11.6245596709 -6.54142615863 -5.96725518244 -7.51062745408 -9.92886318965 4.60867959743 -10.7910251771 -4.18956021734 -4.35194036562 8.8964875998 -15.1898769611 6.54222826795 -2.44988532964 -8.7763479064 -2.25013126057 0.121132579795 -7.31524079278 -4.60545813272 2.41902374526 -1.88871270289 -2.16833558697 -3.17750637931
TOOL
17.1552049246 5.80816194225 -3.34505025516 -29.3456939839 -18.3616244006 -6.01016698519 -26.1002875798 -20.3902683137 -26.5221647833 14.257055821 -21.0991629202 8.18008221254 -30.2280038647 18.6915158705 8.74949235285 9.96746715718 -40.0731277717 -37.6214009078 11.0876279905 -16.5708778274 -2.36039226499 -25.1618651635 10.9118933282 -2.32020685511 27.7454557085 -21.023081098
TOWN
19.6992506512 -12.1267609553 -26.0731836023 -1.3256754626 -21.9414497542 -4.23517454448 3.56562648055 -2.07279203622 -19.5317648662 -13.6227411691 -2.10035581323 7.98369819603 -13.6974820489 17.3983847122 -5.47784553862 -26.7967965894 -23.5940971168 -1.06244215124 17.3488740251 -37.2963555216 3.38517752399 -12.1425628125 -11.8801652253 2.92776074026 -13.59948212 8.01355369552
TUBE
18.2699635945 -9.2840890709 11.6542511122 -1.42687604812 -21.371592464 -31.9701169799 -20.0215871608 -6.95069047138 -15.0387910918 11.3065468566 -20.4182643127 38.2458498974 -21.0804234356 15.9601360757 -2.49506623591 11.2070377109 -10.8517395561 -7.48882088005 -15.3910406952 -35.4422312034 -15.0721796089 -7.21069514678 20.2357561106 -31.6538569038 32.467477457 -19.8803906326
VOICE
18.5063364328 3.98317436798 -6.34855601567 -34.8214202448 -35.8923562729 19.9577940545 -21.5788552055 2.85203790021 -5.28687501288 18.6187131938 -11.1042416467 8.32408364889 -23.7448815377 17.3024369132 -7.15557420898 -11.1205993014 -17.0823685904 -30.5616681345 -10.8689225547 -12.220084161 7.95025894615 6.73045850769 16.0704030565 -25.0111894011 10.4665175756 -22.4382282353
VOID
18.7259209295 1.05449180014 4.43944811642 -45.758227046 -29.7453785486 11.4572384047 -4.94964049583 1.3252794065 -9.59151548747 1.5273749358 5.48262825773 11.3800820444 -13.7211069007 18.3695283593 -12.1502624876 -5.97156959987 -25.710588958 -24.1731314842 -12.7301082972 -5.15693824533 4.58407682315 10.9655100408 13.0051610673 -22.0854324645 8.39772369244 -21.1804171298
WALK
20.0711643994 -4.54440820743 -20.9783848752 -43.0785529344 -22.8240199691 35.448607175 4.20230010815 -11.0394610796 -12.2326296731 -4.04630656832 -9.2483428911 16.2585894036 -14.7358970104 17.7995587939 -1.30745038901 -20.4477307971 -27.623570691 4.905883318 25.5874893011 4.49666412215 -18.5106460317 -4.62883708737 8.79041463427 -17.0976950732 13.4660215948 -10.9975316295
WALL
19.3378622797 1.33009761735 -12.2407580734 -48.6679725472 -24.1486892495 35.6443540546 -5.44194013318 4.41518472919 -18.8415084003 -5.68233043132 7.57960228186 -2.46310632996 -7.06722203617 18.6725168892 -1.49776163577 -11.9823179184 -50.8371568917 -18.2734393932 38.9012124617 -12.2387968771 4.73339426977 -20.2140178253 -2.50053178212 4.34144007133 -8.04682294178 -3.17602827661
WET
19.8967489063 -6.24892703434 -28.5102905305 -22.5446006005 -18.9227636569 17.2955192891 -12.0955834028 13.2562905521 11.2447314744 -7.33737402697 -40.832304746 25.5640872875 -7.73684996848 20.5532850873 -7.05806730883 -33.6584063919 -13.369178744 -15.0020602511 8.39968628356 -0.435478390345 18.645159554 -13.5067387531 -24.0308998081 -11.7898449295 37.3131136245 -11.5128669366
WOOL
19.5859178322 -3.3393996633 -4.41158186435 -53.7547628742 -37.2123058476 27.7987718997 -12.2695032175 8.3254572973 -6.95054770779 0.367231284601 6.08006887401 -5.26744191276 -14.6427332125 18.2470537215 2.30352532968 0.783679087382 -53.6448657316 -26.3347462411 25.5603301757 -6.68834323913 5.67188312494 -3.95077097138 -4.28696586612 9.72786234686 -11.7327360762 -11.6956617055
WRONG
20.0371742878 -0.116719849933 -25.1598815203 -30.0824051689 -8.33961680412 49.6605380194 -24.6580807724 -2.38388216482 -14.6931861586 1.90251711376 5.46794931692 -10.2175283422 -5.43188914849 19.2735910977 -0.998039053565 -24.1754824427 -38.7324493017 -7.20293920669 42.5659271566 -37.7097318754 7.3238535297 -26.9882378999 9.12157325921 5.1442704729 -18.4777889748 3.61391997773
