BEAN
17.9042216452 -5.7325132704 23.8510565246 2.08961456324 -47.3928885893 -4.14622884251 -19.1197604746 -30.7009543878 -2.82748903076 -4.83516950917 -2.54308582143 15.1225361092 -15.5831152199 17.7538712157 -5.08401318731 19.933634601 -3.75090764872 -52.7992748356 13.7540159902 -19.8959404891 -19.4858540294 -14.1168450053 -2.00111807265 -1.83968287016 16.2932469336 -19.7086596838
BITE
19.0375034387 -0.964162602535 -22.5008494936 -6.62931385877 -39.4499223874 6.37114866102 -16.6174376699 10.3267153584 -15.0684367397 -10.1611057114 0.269631212543 3.97347487652 -10.4491558561 16.1006207851 -5.19296408763 15.7979114587 5.61202326379 -45.0854047051 -9.78026796554 -18.7933719032 -16.1961116395 -1.9829884624 6.29285894069 -12.5608859449 11.290867499 -9.5724394601
BOAT
19.2524424168 2.3096548499 -28.3845721939 -17.5531561236 -27.0539710775 5.67803335351 -26.6748955683 3.58515732906 15.9561824807 2.3775725178 -29.3786768287 11.7971391367 -12.8615545441 16.797616884 12.7870670375 -5.90863419661 -19.591732689 -24.2562064211 -3.9597022251 -37.3493296057 -5.59834342064 18.3060808818 10.2326729003 -4.99513852364 2.86332762789 -5.26511556778
BOIL
17.6343484588 17.4469001438 -7.01787284333 -42.5430887792 -30.7093678638 9.77157904948 -19.6534695521 -7.20742583926 -19.7143692109 7.78356577032 2.01322589144 9.36512563027 -13.2410048439 18.0327808739 2.85126539417 -19.6670427952 -17.8168284696 -29.5462257978 -4.00233251863 -22.0003779695 2.52162087089 -4.78374285909 -7.716364395 -11.9485698068 5.13600810945 -18.8500002512
BULL
19.5079500994 6.28365114696 -16.610259844 -37.348906495 -33.89606846 33.4278250698 -25.7232666725 2.06726267315 -3.38720934812 23.3709174219 1.06994038894 -7.44101482671 -22.2598622289 19.3365413977 3.14984352784 -20.3386196879 -37.7390108911 -31.6838009619 23.92042836 -27.8595037257 -2.79006415569 -9.67268002639 12.9663683501 -1.12759436691 -6.38847846795 -18.7074818115
CAB
19.0837368427 -13.099762455 -17.7633773877 5.92121237497 -29.1711672847 12.2657874157 -2.56772288493 -13.3091335837 -21.0137187782 -1.98737071681 -7.33339187796 3.28922754494 -11.272678718 18.4586138611 -4.0966267509 -36.4596366379 3.18201868676 -24.9330566637 11.430398648 -25.3866125498 -1.43376757505 -17.4223188481 -5.20633861104 0.906056303161 3.75507147536 -10.923095643
CALM
19.490922144 8.1960535388 -42.5041018721 -16.7183739519 -1.49019488563 11.8052274431 -35.893382416 -14.0047193045 1.1581242613 0.589555459004 -14.8745249184 -10.7695579845 1.45243017379 18.6633088233 9.13896707775 -35.4618298102 -20.3261258023 2.56824745448 5.67770686203 -31.0268165439 -4.83657787681 4.88605472611 3.2295730222 -10.3965203899 -14.8561625941 -0.630379649713
CAUGHT
18.9650092385 -2.56192928083 -36.1398713736 -16.1400504703 -2.82814594259 8.03974808822 -18.5597554688 -7.635214345 -20.1996998671 2.61833596328 -22.8349131719 17.055451512 -4.51624931212 18.7581069691 1.94852808248 -33.1564551345 -7.78848306753 -10.7701837683 14.4928453009 -11.7732087994 -12.9232403106 -5.82843067784 1.73083198107 -10.9586908333 6.75851749862 1.82040214866
COAL
17.753264404 8.30260767756 -8.0432574643 -45.0834466049 -31.3618182697 19.4637849404 -19.5704878814 6.37845744587 -23.2902721573 13.5814576918 -7.05308251228 3.76782536203 -17.6769630949 12.0278224353 3.11943867621 -3.38871596531 -27.0535552739 -5.74236229569 7.70354730636 -12.6662772464 -6.66251846064 -16.9870260536 -2.39801384894 -5.88659732033 -1.27640145092 -0.67553572022
CODE
17.9533354699 -3.25878972413 -25.6020467921 -18.3286671437 -10.0684195844 -8.90301546576 -17.4827769048 3.10105116757 -6.07294861832 -9.75559259853 -17.9217730802 9.96088209006 -6.27123813176 17.531470999 6.34646214367 -13.5742281933 -18.2112244939 -27.0870483883 -0.355249343276 -41.907575806 0.0755325484302 10.3143811498 5.11745508837 -20.3258822101 6.17270711058 -7.2819323119
COIN
17.8814905092 14.7432011331 -17.7626085293 -27.1924281019 -16.793254012 14.5935308726 -26.7381276936 -12.228802273 -30.3388398032 -3.11141085374 -2.63434447322 -0.734464050335 0.969970477318 18.4389113803 -6.15570645917 -2.28721660993 7.34502965442 -39.5252876709 4.97055951557 -23.5365511021 -2.80908411327 -14.988937611 3.8441918038 -10.4308189894 6.83158022597 -0.68073822937
CON
18.1988178977 10.1414476981 -23.1897056662 -23.095182322 -4.88115595163 7.20591824539 -33.222858926 -5.78379229628 -15.5943646442 8.77755328562 -25.5282601788 0.253599406865 -3.5065763995 18.1960767063 7.48405631865 -26.6017999926 -13.3276935409 -8.61682697478 8.27919990884 -42.1813757979 4.1299661553 -6.1321956262 0.145547100544 -19.4437645917 -1.53135754837 7.16505029521
COOL
18.1934944136 12.7362337312 4.69795622056 -27.6246969204 -23.5875700833 0.297843890614 -29.0539061197 -5.50606680547 -17.0051968342 24.7601879657 -5.27177388249 16.1971913583 -18.2618000052 18.0505242486 14.5102585993 3.68461622716 -32.2393703046 -20.7165061041 5.94047875473 -19.9032345695 -3.72439457838 -20.7717076205 21.4785493494 4.64725197933 23.4047523086 -12.9057280446
COT
19.003466737 -8.70698222607 -32.219645499 -12.4988777057 -1.27662070652 9.51244754451 -32.8054074146 -1.51417765841 -15.8395841239 -4.1014101218 -18.2399772672 8.7894598244 -4.83022769551 18.8247537777 0.541384773591 -36.3562145947 -3.52280299086 -14.2812313387 20.8922146638 -29.6174361806 -7.00200836308 -5.27064471374 -2.58278335471 -11.7364468397 5.4350365195 1.93180839561
COUGH
17.2539562283 -8.71517023476 -26.7130411097 -21.4595566819 7.61656426481 7.23847436116 -19.9152076515 -3.36251877235 -0.335754768344 1.66245964628 -14.6146229385 4.48183680124 1.33689873565 17.4746858646 6.3498365655 -37.7333683905 -16.6614068573 -4.5282251375 12.6385286934 -3.94541444975 -18.0303393828 -11.5224765026 0.206454325114 -21.57005111 9.90346062024 -2.1789181422
DEATH
17.8534459554 -1.75726187512 -30.6771423337 -1.90745672808 -25.4967772882 1.75065091978 1.20832733786 -0.787798300147 -23.958972853 -12.8873136957 -2.53568941903 5.56721175892 -12.6855900988 15.0722107909 -17.2446165956 -5.23411764324 -3.71752705544 -9.77732442744 -0.756476105126 -7.68497886855 -2.34572526584 -14.0962830247 -7.85270788383 -3.74758068951 -2.048845406 -9.06675940638
DIG
19.5028024425 -8.20396073361 -5.75471343754 3.10533472153 -59.287329717 -9.75655823053 -8.19581766537 -1.58340768387 -3.27731906826 17.6216610425 -17.1290971696 -2.32729920657 -8.84764929039 16.7753649705 -7.74419018806 7.47294356947 1.48201540476 -57.2218911537 -10.652946538 -15.3405455218 -9.54059481395 -0.549950553633 16.2931506359 -23.0479718496 7.93136759771 -12.0531139287
DIME
18.9689439118 -3.80977015448 -35.9992301795 -2.51293472685 -15.464062954 -1.46449817587 -28.2680250607 14.7656356085 -2.54445143453 -14.9515875742 -9.03606439826 4.39505164557 -8.71973984452 16.7949222406 -4.93988946144 -15.4809173764 7.60364584599 -31.2689417413 -10.2901870009 -18.8956271747 9.35327427354 -21.4637235094 -6.36004462628 -8.7078767338 3.84994771438 -8.11165671716
DOCK
19.7397573202 -4.208834048 -37.7059189107 -5.05004709694 -19.4439293133 15.8519545807 -15.437870094 9.33550621465 -7.17275047075 -8.09551498869 -11.1570152255 16.5973166522 -0.315656560458 17.3437963229 2.0852018259 -38.4160330373 -8.02427742652 -5.48098754514 10.8650645335 -21.4014301817 -11.4172033958 -3.37935521995 0.166277475006 -14.1749483117 6.24885155656 1.89226886263
DOLL
17.9670416889 -0.91233430997 -20.148990741 -23.1849200434 -15.1063242263 13.4388312699 -19.0220312086 3.97799973325 -7.6366673256 -0.972835030671 -10.5589665434 8.35626131601 -5.87270191574 17.8549264581 10.3418844604 -27.0553510506 -28.9481783067 -22.0142344731 24.7630619538 -20.7945525122 -18.3681063552 -8.51524678964 -0.0458638572658 -8.53904696246 -0.301111281612 -3.82819755224
DOUBT
19.4318042184 -1.54611067492 -34.5453058796 -7.01628162365 -20.9770500912 1.46231590998 0.150373096284 2.77210512155 -15.7466125361 -7.87892622996 6.20752429422 -3.08266494514 -10.1155643117 15.2701231058 -3.73918537737 -25.88272262 -16.2513281882 -17.0928138675 14.2531883276 -20.2679642426 0.190693602054 7.31715385255 -5.5551303007 -13.8837801204 2.34772828124 -11.6110310827
DULL
19.0173795475 5.27408920702 -28.5731117238 -18.728432136 -18.2897517546 8.44386320159 -18.3830272252 12.6880164374 3.56194373578 -11.3278942369 -14.7981007529 11.5422535807 -6.6441197695 18.2240386502 10.7112044466 -28.6419232463 -39.9654992938 -10.2298815343 20.8898887299 -16.8955267424 -5.57746540348 -4.90111614716 0.537836925918 -14.251433082 -3.40010413896 -7.91943225923
FADE
18.6947521105 -9.07481983793 2.89959091406 -0.828532026206 -58.3177523796 -6.11022733158 -9.47237966548 -3.25682417921 -5.79583631292 10.8803222945 -16.8243629834 2.67094275945 -15.8200459565 17.9469356683 -9.06605574265 15.3433322209 7.28506219178 -54.3869713594 -4.13716493476 -22.8249268063 -17.0427517303 -6.57224985372 9.10251871949 -8.38450160764 17.4177888689 -9.32657187537
FAIL
19.2968483386 -2.29017333144 -24.2113890274 2.98051885911 -41.0829591852 -5.27906227547 4.84927005658 5.50544431742 -8.49272230292 -7.0357646049 0.684334341512 -8.14177996768 -3.37324256556 17.9750800704 0.2093409828 -20.3139244606 -5.61564266118 -41.9681890834 -3.98854329943 1.62889853329 3.39277585436 -11.9721248183 -5.12649905069 -3.61409958612 -12.7987062156 0.929499285187
FEED
17.6241124433 -10.8242978777 22.8354762794 7.39049839599 -49.7031826617 -9.17474444668 -33.3083590421 -28.0307441859 -3.67179325303 -4.70272396178 -4.95549515931 12.5948418193 -14.6507764413 18.2342537114 -6.05527854435 19.939513244 10.0130118933 -53.1996149767 -2.07973413992 -31.5591535544 -18.4596857058 0.0640796705645 10.1917649917 -3.23713771386 18.1942684269 -12.1948422748
FELL
18.6638851111 -0.827872365779 -27.7389088635 -10.4873229575 -34.8131660928 6.34405670296 -23.3420616978 7.18913286609 -23.2492778256 -17.1007648233 -11.3245439302 18.4700304455 -15.6554224655 18.9315501518 -1.78307970259 -36.2052885059 -11.4161758643 -30.9012147403 9.21141021228 -39.8318418189 -1.88328092742 -29.3769108479 -23.4707073454 -3.41637920998 9.49071712174 -14.5312919128
FIRE
18.4438694645 -1.61708972845 -31.6649051737 -2.25154299516 -30.9252207161 2.60682844547 -18.5236196178 -3.58761608448 -21.5579582732 -6.83604745963 -7.66335933459 2.31960208996 -6.79477269106 15.5439561667 -9.45085817335 -21.5384398569 10.8045706586 -30.6264221652 -16.4584965436 4.95831736167 -0.735902365304 -18.0461691499 -8.08269494128 -6.64804856448 -4.23495614641 0.716265936107
FOOL
18.0966666882 17.5473856421 -0.852480707956 -29.2344202717 -25.6272771958 6.84106170208 -18.3359477501 -11.1996113361 -14.8379140118 1.40258539553 15.1384063204 13.1535100213 -2.52489618118 16.6840106111 17.7284602592 5.16585779831 -33.4134537273 -28.7967606181 4.38789307386 -20.702278923 -14.4053860923 -17.8974602939 0.495810176156 9.86858170311 8.36617526366 -7.2087272599
FOUL
18.5689326681 -0.927289162079 -32.7510241181 -4.17239196068 -16.2513996834 18.3699315816 -23.6058396387 -3.56547279991 -12.5524777014 -13.7107557375 -1.40015302381 13.0788849156 -15.5995752444 17.8423817902 6.41190477844 -15.98072819 -36.6355533716 -30.4359069854 26.6956681514 -37.1997990039 -1.7106414447 -11.112949137 3.54462597126 -10.4781868123 -0.00284739419314 -15.2620432711
FULL
19.4855091855 9.47116724293 -23.9860207451 -33.7065903471 -32.6122202701 27.5642316967 -26.3479445456 -5.92181562795 2.36198373848 18.1997414263 -20.5225323317 -1.46051048196 -20.7100610686 19.6725715485 10.0844841763 -25.7572537548 -33.1287128249 -31.3062141357 28.445069872 -22.128873899 -6.59834817515 4.38569249126 18.2000106629 -16.5348424216 -4.16395282033 -20.9233774241
GAP
17.6721930476 -12.0773230459 -20.8590128753 3.10681971064 -26.5983877709 2.95976494427 -7.94716250237 -2.24180656988 -11.7846074606 2.55495155531 -8.83867617907 3.38135718005 -8.20668982008 12.0312009479 -16.843296481 -9.94093513185 -7.27717096399 -3.68766920945 -1.13654774473 -7.52937964445 8.92631257881 -4.14502960803 -1.9017267256 -4.41367471531 2.32140822424 -5.70856054915
GUIDE
18.4751816219 -1.91500084147 -36.4118360679 -0.852520470599 -13.3825695818 -4.55792485018 -15.6436350392 -1.65674185219 -20.8555303714 -9.96948290904 -6.74427353999 9.80830678427 -8.85105541608 17.8768395337 -5.59164098858 -17.78858071 1.33640794212 -31.3096552937 -3.43168900275 -6.94377201719 -1.8860512371 -19.7529639076 -3.30940285632 -3.40615187361 4.82074708947 -10.1711322815
HEAD
19.3196275421 -6.48857772824 -27.7397609435 -0.286755202832 -40.8227595863 12.4029823894 -22.490032954 -8.61401120766 -38.6845078452 -8.5839523243 -1.38402981686 4.37789228572 -13.4959588566 18.8780017038 -7.77896246514 -22.3939788257 -1.49799739494 -52.8974667254 -0.221735219473 -26.2231854816 8.43961225039 -31.3482804799 -5.52806435889 -8.85926501461 3.09198473263 -13.8595606865
HEAL
14.8729167063 -17.2111001666 15.376515138 -3.76029140887 -31.0591137236 7.51603046072 -13.1006935182 -19.0716457363 1.17933237182 -8.48700463654 -9.19094730358 3.81929600996 -4.7532182333 18.1673547788 -8.02954330074 19.6439204669 6.03026547079 -56.0345510983 -8.67926273323 -34.0770353411 -20.3998743811 -6.82984094734 7.87447107175 -9.56322069151 16.4600685696 -17.8372612563
HILL
18.9183451282 -2.3589339649 -21.1829854367 -4.72729280408 -46.3793237647 0.319356786157 -27.5940986852 23.583371447 -30.331799602 -14.841500247 0.549925964597 6.17720281116 -18.4436584557 18.8263330575 -0.436469003595 -24.8837151264 -7.3003411586 -44.5823344786 5.73394250736 -36.8232494091 20.0021695892 -15.4781294485 -24.1259943652 -3.21012955105 4.27713733235 -14.1061651252
HOME
19.0861114044 11.1925418715 -24.0816007361 -22.923721109 -6.15773509885 21.5567826162 -31.4250359632 0.144342188742 -17.4264956424 13.1243808786 -1.14071871588 -9.2273348081 -1.33935094373 15.9477144452 8.8982118223 -15.8936725432 -8.07961603339 -23.4848339172 1.40377991989 -29.3976916413 -9.87608912392 -7.78106155881 7.2229866801 -7.05895678849 -2.01437579046 -10.2658944076
KEEP
18.6044186476 -15.6746838577 21.8978246876 -10.0482498994 -39.9229114416 -0.587764660579 -43.3527276578 -14.9117817528 -10.4278864622 -1.35516854064 -9.46510724422 1.84993642373 -7.77220753256 17.3732864608 -6.34891222703 20.0701095244 2.19359496826 -48.9337948003 -6.19800743042 -31.4992526713 -22.1319856655 -2.29524459113 -8.72198385605 -8.2204313731 4.19708167054 -14.458359268
LIT
19.3381610894 -3.03208017469 -23.8476995295 -9.10999332157 -42.12974769 -17.1333567082 -12.6072330338 23.3506275537 -5.19238277513 -9.31131221445 -0.337925240698 -12.6412557594 -18.7360973043 18.1183361209 -1.20490054786 -13.3063465624 -7.62034063631 -45.0511622668 -18.1274614496 4.89593093535 17.6072017041 -8.00637002026 -4.57018504418 0.356422032171 -17.1427584494 -5.42108306028
LOUD
19.3337309024 -1.26152255704 -26.3186569645 -4.27580069615 3.8264891821 7.41613409784 -17.1908179234 0.0596608614393 -9.85183950954 -6.12865896143 5.30075411658 10.0354346963 -11.8351938308 18.1121488942 0.805076494346 -26.1248573568 -10.56254405 -7.58911313431 8.53497641312 -33.643235353 -4.16499146464 -4.98450253216 -15.6695410083 -7.19465820617 8.4559063146 -7.8965217051
LOVE
18.7484638602 5.68351964603 -22.4826903157 -33.5150581305 -11.5607936172 16.6520558569 -28.9246271579 6.72408276542 -10.5307541184 5.00598073187 -27.3512982091 15.9713635148 -3.13832735647 17.681536245 4.6681109559 -19.1317582779 -27.5812817233 -19.3845106083 9.42788585586 -36.6682340642 3.9958339743 -8.94274978786 -1.0540704192 -28.7892141862 13.5250371977 -8.35480563116
LUCK
16.1807751649 -2.57850444932 -20.4280358488 -18.661639819 -9.66413479855 14.1668793636 -17.6192325227 -1.89999495492 4.19821068459 -8.1829230085 -13.1515393135 9.54023905107 -5.80334787045 13.6887380592 -13.8979053105 -13.7223911015 -2.09201959455 1.81543112321 -18.7459452543 -5.13992648776 6.48331318355 -5.18894345576 -11.0453449763 0.295784710239 4.89747347774 -14.7690586322
LULL
18.7882258478 10.9862464138 -28.4652798355 -33.2617401975 -14.0836274567 22.9410196555 -15.330055992 -8.88554351569 5.46005550973 -0.94894051959 -15.3732349516 -2.19024991769 -5.84623541003 18.5079903429 9.04817687295 -25.9306498834 -38.2435300229 -10.9527806002 23.8475813674 -20.0185739732 -4.6602584969 -2.39892897721 0.204479736474 -14.2959779916 -2.73390271605 -8.01389355883
LUNG
19.4485892858 9.86076388971 -32.233357549 -25.3390567756 -11.4738967778 27.5584796001 -24.8926035786 -8.47841211397 -2.15550356407 -1.97475823244 -0.803654910878 -6.60248807745 2.01767065676 18.6928743512 8.44037701334 -31.0231075046 -24.5656279715 -5.91794457848 22.7955523492 -37.7709089574 -3.81030238336 0.146491879952 8.39271024184 -9.27058579108 -15.2570875901 -6.72183880779
MAIN
18.7103669019 -8.43329510718 7.75916617481 -6.02370050182 -54.6721487702 12.6602994261 -16.4169708522 -7.88285265912 -9.47934150736 -0.887969895403 -12.6824279113 11.974052796 -18.5896977364 18.220956224 -9.1454414165 16.5923585129 -4.55396203401 -59.0769312108 15.9357664387 -21.791944998 -9.26904940109 -15.9713292133 -2.69574162033 -10.0476969585 15.7242236694 -24.3761869132
MATH
19.0971713672 -7.59030393589 -21.020957592 0.858454803205 -28.4486598507 2.89803820169 -24.4817531231 7.66650750506 -27.716267943 -1.42764819987 -2.4635731417 -8.94640094394 -2.60874494531 16.201599756 -4.12040587019 -19.3682361499 -8.76053046469 -3.04271354911 -2.56927120808 -27.4667303454 0.889788647338 -19.1211477914 -17.0885479386 -2.72923516745 -3.97253939257 -2.51268456606
MEAL
18.5466229823 -8.39229255362 23.2207430749 -0.602292250146 -68.0400852061 9.32433605495 -25.9690589109 -18.8150091251 -15.055599163 -5.88659127085 -8.87904653968 22.1572478323 -24.7551973874 18.6904068403 -10.860280684 7.83563640997 4.48497771126 -56.064635149 -1.38248067357 -15.9456895744 -10.2293392603 -15.7611329131 5.45347265358 -7.6705428432 9.67389370386 -13.1795866702
MILE
18.6506714607 -0.130619869092 -27.5920185798 -13.0644627231 -10.3795619354 17.1545711906 -52.8663945397 9.87254583774 -4.63203563433 -7.79908748718 -10.244164987 -5.06040381871 -0.521339812773 18.6170447011 -10.1371035532 -19.9009688004 -2.87203571426 -34.5344458382 -1.04548756488 -24.0243595059 -5.20013763909 -30.4891232297 -12.3242267 1.07355756365 -2.52838814826 -11.9949801606
MILL
18.1164688796 -4.89605359729 -7.44359901586 0.021109247652 -32.765075668 0.417822454396 -17.6693762407 5.98910176416 -33.1411159199 -1.51883065702 8.13854775022 6.30521868964 -9.74913681171 18.3847999237 -2.98724683075 -14.0845042479 -5.6932852981 -26.3113797981 3.59240458103 -28.230803715 16.5629541211 -32.7609045298 -11.2493189388 12.4937364963 4.89129831754 -8.53398987559
MOB
18.8992448671 5.49478670844 -29.5789694137 -27.1014354937 -3.49219781445 24.0038485877 -38.9454592257 -4.91390004763 -6.94555748042 8.42414865104 -6.78028745948 -10.6655660715 -9.43106895763 18.3215684077 3.14876049933 -28.1710966493 -23.4472645256 -9.29547954026 20.4980987676 -43.4600707066 -5.08715166598 -10.4925942296 -3.77987595636 -11.4048036443 3.61230496611 -9.10458752704
PAL
18.2160392467 -13.1341998265 -25.6899630691 -1.35737255368 -16.1869963417 10.6849196944 5.87156969626 -7.67564503313 -17.2780202306 -4.80340959544 -1.71629767373 5.23032562595 -12.314413188 19.1847832701 -4.45411091954 -36.6320177477 3.50821850706 -17.7170422817 12.9696577773 -31.5187554833 -7.1491948459 -13.3530626704 -13.2148879539 7.29719168827 2.09851526364 -10.4900243111
PEN
18.1250295581 -17.2694754556 -17.1803536994 -1.54492708878 -22.8289136013 9.01296898118 -0.866439408954 5.76558717249 -19.301001059 -4.90745438506 -2.50916448938 -9.90507404096 2.49179955096 18.8898133349 -5.28350017883 -19.8923214456 -3.65722114359 -36.5175516878 0.741096175321 -20.601646492 9.70001105231 -37.0866173097 6.39207344583 -3.53411662762 -13.1262644807 -5.44702763455
PIN
17.7151912401 -17.2282092618 -6.53529116902 -1.96854690366 -36.0615376058 4.93057018707 1.1288637857 -4.96229085573 -8.54812976909 3.33719445932 -10.8334383945 -6.47574680058 -4.93033150698 18.917423887 -5.63864569132 -11.9761578898 1.3547704237 -48.8537999139 -5.19086036433 -12.3164562441 -1.28731345279 -24.2214184849 11.2146597268 -13.6204007844 -13.6050777149 1.24064828346
POKE
17.2117651988 -3.18061011657 -24.0925812985 -22.1132572983 -16.083124523 14.4167217652 -19.8290045725 3.31253083663 -0.453087992717 -3.67151898335 -18.3167789342 9.74269695951 -6.39109009311 17.0901384996 12.6529403398 -5.79294719458 -33.6549666031 -28.4457472975 6.17534216984 -29.683627593 -14.1510794589 0.280634622524 12.4253401748 -2.61016796273 -1.03916060235 -20.4383650609
POOL
17.0315710527 17.2863626939 13.904910765 -31.9542108442 -18.3729882228 -3.71183241379 -15.2928105637 -6.4884374427 -15.4793018895 6.48982531769 11.9757231824 11.4475283095 -9.65690223134 17.8021826811 14.472144057 11.6571330378 -34.5364320529 -24.7686103328 -8.43111728069 -21.0238574974 -8.76808129784 -17.2546323994 6.21314102966 7.45177674207 18.0895257563 -12.5355938157
PULL
18.2690850076 14.4431358189 -14.5064390387 -39.1411335958 -37.7704917313 29.3818421927 -30.3814260462 -20.9651458805 -7.79550667675 -7.44777025818 -13.4292739296 -3.22152065588 -14.7080290146 18.574418835 11.5749684787 -17.9853617802 -29.9028996921 -30.612038973 23.3467235167 -22.1369405307 -17.2275089006 -2.01603867808 -5.78100765442 -0.11821001482 -5.3509945308 -9.1020841771
RICE
19.4777679265 -8.08121936743 -21.8047647601 1.20330352322 -51.7494095741 0.881819875286 -6.59038748902 2.4819431867 -28.6687425911 6.99918725811 -15.7795290356 5.8579926766 -4.78049324526 18.2159614429 -9.5503286842 8.62778438919 5.05100754626 -52.7258116645 -11.7566362816 -10.3533481225 -14.9922853283 -9.4801591593 8.07785076552 -24.943537067 7.39745441604 -15.2852674638
RIP
19.4332527803 -0.023240650388 -17.7176344351 2.68875263937 -32.1984952248 -13.8631302715 0.547108980986 19.2258113707 -11.4939521819 12.3838108105 -17.3284825921 1.27098874565 -4.00064595068 17.0220707184 2.117692553 -13.321012304 -7.76187725208 -36.5931443098 -22.0380698192 1.17392286254 10.8354607757 -6.97376133444 -3.4593551138 -14.2522172521 7.50608006296 -11.7104475442
SAIL
19.4844357717 -4.18000094926 -21.9961991742 -3.04046497345 -47.1388397444 -2.80900996152 3.29516587781 12.3700139571 -12.8296411915 -6.15590478352 0.283414057581 -15.4114556697 4.16574562512 17.7267553457 -0.155266294416 -17.9274057718 -4.392124202 -47.4637183115 -0.478878831795 6.32798914453 -2.15763393322 -17.828207365 -6.30202507489 -2.31914026287 -9.52769518582 6.55271917922
SELL
18.7630898388 -2.56363689627 -24.0565241625 -4.54687118755 -28.0186037945 -0.189339608425 -9.65195312148 17.4769089753 -14.7445961856 -10.2180476928 2.22051448583 3.20803078964 -10.8415019955 19.4179814693 -4.33156716602 -36.0312212692 -5.30227841399 -20.6953879277 12.7140304675 -14.8611104327 8.75617197682 -22.5960107234 -16.276177115 5.88625832022 13.3566703304 -7.25778838321
SOUR
18.924483853 0.440413577327 -39.4584239169 -7.31632278967 -16.2191756484 0.899456972989 -3.86565202491 -2.14502939414 -13.663179856 -11.4538063878 -3.48030305524 14.3973681227 -12.3033309597 17.7917176693 12.3286122437 -37.8680962455 -21.0236483985 -19.0710053406 2.80226474696 -15.1333382814 -16.3736035974 -17.2599887071 3.8287684631 -16.4266043367 -0.994395614729 4.44605964137
SOUTH
18.8284804206 -0.45004805185 -32.1732688877 -5.01485570788 -20.6177254134 1.8094776369 -16.4903924539 -7.47094861474 -18.2303125292 -14.3923896702 -0.531944146237 5.12156872082 -14.1251722839 17.8267325683 6.23612656098 -26.5095392007 -16.5904172249 -14.140367764 16.421903169 -35.658785849 -7.31097855151 -13.485186543 -14.4426330909 -11.3169189707 3.51394556585 -6.72532655868
TAPE
18.7997679886 -11.7349183869 3.94248244261 -0.495217447776 -57.9613546368 -0.977843238736 -17.574181359 -11.7645680748 -6.78806599578 7.44507043005 -18.5204429072 11.7757994918 -10.2667483318 17.8553694627 -5.39674996464 15.4654286834 1.73688732935 -59.7586778498 -4.57260707215 -30.0204250159 -11.7566460942 0.090066349605 7.71476509316 -7.64524019365 14.6131841794 -14.3080585852
TOOL
17.3350800149 11.5834310222 5.4129053195 -21.0772576921 -16.5837479652 -7.78233037763 -39.820713365 -12.555331697 -3.07029938311 28.3411017595 -7.22438460777 2.52873694331 -27.4408260519 17.3525128058 12.5518926873 9.60106766876 -28.7558669345 -23.5570061151 -2.93606995176 -30.8598461671 -13.3673626126 -14.0309012058 20.2957573205 5.17399657122 15.6988907994 -22.3959910081
TOWN
18.5214513945 -6.94189501263 -25.9785763497 0.755478128259 -20.9414007456 2.9291066126 -21.5001370591 9.57662641201 -19.6181321914 -14.9717938786 -3.87727088732 4.94009523215 -15.8075515802 17.5626598696 5.52932965894 -25.3452039031 -8.21225831205 -17.9215565282 9.42692659012 -38.9571900325 5.32255892509 -4.29129476634 -13.477115097 -0.190924020231 -8.10399106009 -2.2127868468
TUBE
17.3037738846 1.93124237054 7.16056196176 -1.00431405753 -23.3948413815 -21.9470285941 -46.0602066812 2.00610644081 -18.6875359606 14.2515566568 -5.29064727798 23.533420562 -18.6004769785 16.6715330282 10.255364266 8.44207301127 -13.5206368489 -16.4922239665 -10.1013161327 -47.0514765643 -5.73203299852 -3.34204212304 23.502998367 -17.8519855319 14.0393064474 -16.4179898829
VOICE
17.9456222784 10.6199397137 -14.5421093841 -28.8148603107 -31.4753773543 16.7329899354 -24.004220862 -8.98223911734 -6.49753962186 11.0283594092 0.260331267626 -3.95636034954 -15.2803728185 17.4251612202 -3.06092510434 -9.04628898826 -3.34586497174 -46.2239766806 -9.82106870921 -17.1505598033 -0.510129627843 -2.33124968946 9.15560362153 -18.87913032 0.2713803036 -13.4024566587
VOID
18.1582398044 11.4051122764 -8.40572010776 -39.4342964736 -29.9255172614 15.879165737 -22.0274785232 -4.44046518372 -5.30842053711 8.89628741827 4.29622286064 0.0804447487838 -17.3034319586 18.1001520468 -5.42430261993 -3.52806851283 -8.39366841842 -40.3367333499 -6.13934654355 -15.6299810471 1.65282341794 2.4039060328 5.16656366353 -8.29255012261 2.26912772009 -9.82721131028
WALK
19.4380592603 1.62520495911 -36.6179751298 -22.5853572157 -16.5069717699 35.1898990752 -26.7885434264 -12.151631221 -8.26694954945 0.0830354689282 -9.0443375905 0.732990681937 -2.24421046426 16.4112814541 -0.91631842322 -19.80358894 -14.0756716077 2.52530010029 14.393207853 -24.2773553515 -17.102562698 -6.06348973731 -1.80043869239 -15.2266169408 6.02204901068 -6.99452209101
WALL
18.6980365119 7.8699634951 -25.5978896641 -30.9326935682 -22.5102096528 34.803266915 -23.3119758879 -12.4210961725 -12.5677811467 3.31861298163 0.629365594578 -0.361195843747 -12.6172013618 18.5452075533 7.02060478915 -20.6423724767 -31.9958186831 -13.8395911706 29.7055479563 -27.733583673 -9.36861166484 -13.9798252566 6.54925980531 1.2400132845 0.758179471681 -11.3279079433
WET
20.2877411226 -8.15230586535 -34.1146413777 4.55540776188 -35.8366912579 11.000503383 -2.27101934745 23.8719592072 -23.7280365385 -10.3497923374 -8.73829780241 8.50519881474 -5.95425953483 19.6768770261 -10.4655617662 -32.0655878927 2.2902719288 -43.0556787422 9.13524126991 -4.22766299119 18.8539530791 -31.6403693493 -5.74694715717 -9.6860828705 6.91536842938 -7.94925003376
WOOL
18.6529137805 14.2195397998 -10.8997694206 -44.4825711208 -39.7805098555 31.1237090374 -18.2470336267 2.30622508667 -6.36882234975 13.8525422948 3.30160127956 -3.2683696768 -22.2854351888 18.5143732602 11.8866925218 -10.9897011134 -40.9816961317 -28.7483670914 19.2074485494 -18.1395155951 2.4233116575 -5.84839184385 8.64043919662 2.73517433752 -7.77559918413 -17.5557919357
WRONG
18.7646298574 4.86557764149 -29.3710030029 -23.9335135341 -6.90413266923 26.6137465208 -39.5237733089 -0.804630088519 -5.65835812331 11.9038764325 -10.3201818702 -7.98600799615 -10.5022265632 17.5157108997 6.46567363741 -17.8162833859 -27.4975487859 -3.6433351754 17.1368986958 -41.5487298216 -2.75170335512 -17.6971462341 14.9473725485 -8.59373654552 -11.5248102726 -7.2418595181
