HAD
16.5442454527 -11.1369524034 -27.439488778 2.84430290509 -31.3146520457 -14.175590869 17.9662677764 4.00386890487 -9.00532889517 -14.7134495825 4.52152377617 -2.05747135471 2.64657068549 18.6870716563 -1.66489900148 -27.9343542783 -0.424794770083 -32.1073642983 -17.638739807 -0.134674729749 20.484276444 2.64276742325 -13.3476724089 -12.640227941 -7.9263639999 4.88325555955
HAYED
17.6241907506 -6.90373366135 -7.16470593176 10.8864303832 -44.868517767 -26.9317945566 -2.17692057162 -1.70778826812 -1.58607795872 -2.86068480112 14.8236722928 -1.43579318862 -6.78381825249 18.0804442393 -6.41134416222 3.02455326675 25.0668896981 -48.4562496569 -28.7839724239 -17.3868907683 -6.75374727463 -15.2939496892 2.19978727817 19.1410357987 -13.4704360516 9.33682745064
HEAD
18.7631444206 -4.0167561612 -8.87042252168 13.0164674321 -46.1264874376 -27.5430707403 -12.545765813 18.1999609046 5.81017322511 -10.8409039869 7.95098552437 -3.12113384123 -16.7222945507 18.9741050861 -3.10288357234 -9.43165696657 13.3386556739 -47.9714154756 -24.9516048014 -20.1206949792 21.3887473441 8.25703988847 -7.41387816907 1.80634225795 -1.3247122277 -11.6064062908
HEED
18.8706893852 -10.8862446215 16.5944798697 28.7179749399 -58.83542143 -0.236585251998 -35.849107751 -8.02871643967 -24.5863230619 -2.05053803569 1.0277158984 -16.1863574978 12.6069080884 17.3354575867 -5.64852628077 16.3204220356 32.3673314833 -48.1108741803 -11.8603953404 -28.428830273 -5.72655274348 -28.0055251842 -4.19373293453 2.98995372215 -24.8582367781 17.2434426776
HID
13.6745548096 -12.4338332853 -1.55062996655 5.73813119284 -31.4972307975 -14.3210929118 -1.2541679686 -12.6660234481 -7.85842883409 -2.47258206415 1.62395657209 -0.825607572989 -1.3503754493 18.3556248474 1.56245113181 -1.41247949898 22.1024199145 -43.6059411465 -26.8789063304 -22.4727778605 4.90824942486 -9.53411475284 -1.36300537307 17.0250373469 -2.20223608075 -2.51466028643
HOD
18.7282225283 -0.394858380134 -22.6130682159 -30.144016633 -26.1470680551 45.1837145658 -18.2999423299 -2.47994227428 -7.02249451809 -5.1248423935 -12.4135667434 -4.81069074235 -8.5839871349 18.7471155149 0.0972571141068 -26.9076592712 -14.0501534103 -23.6700321776 19.6235552974 -17.5397114675 8.61566751808 1.11171107833 -8.03872552895 -26.8296088357 -6.07937266524 12.998985935
HOED
16.8420539705 0.625472406863 -22.6536588313 -10.2646169135 -37.5670246696 12.5026409282 -15.277047028 -19.4753302259 12.5742740696 18.7093321422 -5.50124397107 -8.68358612018 -8.75756872424 16.9022706995 11.0618321318 -1.36505253038 -5.30073540425 -40.4353056888 -0.85141597169 -20.5200781886 -29.7666269802 -5.86769530024 7.49941264336 10.2433761277 0.38937825554 -3.71826070425
HOOD
17.6785890233 5.61326202218 -11.6511586499 5.16782073962 -31.2288766386 -18.0147527136 -39.6790007581 -21.7658694366 20.6076680843 5.26460266823 -7.7344008288 -6.47287633841 7.18627233851 18.044108997 -0.445008325456 -1.388971939 12.1185658047 -39.0541316957 -20.6454068335 -45.3181765343 3.14508403991 8.34256095956 -3.58117420891 -3.41115111407 3.93485982253 1.94998767256
HUD
15.4482769819 -7.15429086572 -20.8385723537 -9.65256710219 -26.5135229699 14.835739185 -19.5291162497 -3.44840918722 12.3598608929 -19.9203777684 -12.3788134356 10.153913461 -4.80293215381 18.7568291199 0.962818403094 -18.0873359463 5.18572440391 -40.4099678789 -5.69676150191 -30.1372340575 6.97863235119 27.3352927205 -3.06384920024 -15.6725170082 -2.86545263498 -0.194639378674
WHO'D
17.0850575577 6.69100251622 -1.71180276923 13.6866426142 -26.823132412 -17.4955452279 -38.1627133069 -21.0248534519 -0.14759534126 -3.2464044003 3.49629686121 -29.8559025202 22.6958544885 16.6608949233 8.19509801367 10.7432736609 14.4828725991 -23.3829645279 -26.9912896756 -22.6116784001 -18.7587653868 -13.4371943689 -10.3017069561 2.67589505333 -27.0281077011 17.2656613649
