BEAN
19.0626434503 -9.15213756124 9.32554933671 23.7423342566 -53.5424929214 4.77865481544 -32.4597153797 -15.1278891038 -11.3076650638 -17.173425062 9.18164727012 -0.755744687844 -1.37453226464 17.6930102569 -1.951867505 5.25987144966 12.4304648728 -44.6275806777 6.50622144085 -27.5887074925 -15.2996216787 -16.6258134004 6.83156141168 -7.89869263929 -4.45045766683 6.34354151104
BITE
18.4105178148 1.95312846719 -16.4098247583 -14.7270416214 -25.8801718245 11.4051288406 -6.1188750971 0.362434380732 4.94316704446 8.57635493391 -19.5417222205 -13.8245925967 7.23235497528 18.7969846578 -7.79769017465 -14.7024089732 14.6076784631 -38.7329708045 -15.8223886494 -25.2284913705 17.7823529627 -5.90130834118 0.205929943331 -0.341358628345 6.43970407647 -2.05775156432
BOAT
18.9719629132 6.07567342753 -17.2183289293 -9.17768785627 -61.3563259491 20.3202975091 -13.3682272117 -24.6557457761 -3.26301624712 12.4327742894 7.24999420287 4.11061229072 -10.7758125828 14.5853360318 5.04312645096 -1.76574715301 -3.79733703459 -42.8394166043 12.1626546103 -1.77451753402 -25.788594062 -17.1675406364 -6.47177138233 2.37817583703 16.7085405027 8.76368479783
BOIL
18.0754814702 13.493317162 -2.18635628218 -18.5558397693 -71.433306732 9.24632983345 -12.3991862644 1.39304841216 20.688039912 -18.7708466709 0.301563180129 1.47995182502 5.18089389341 18.2385701906 -0.584046580525 -23.2672492809 -9.14879181059 -40.2661917987 0.441213464532 -24.5631279601 6.65210156474 3.38946132124 14.8113215783 -1.91177620468 -3.58980276738 2.34251668572
BULL
18.5834443013 8.70610235547 -2.12145189842 -14.5965327149 -79.104191267 36.1603066014 -9.73863530693 2.06529232302 9.39432329018 -10.8115974823 3.36981874966 19.2893193891 -10.1946292019 18.7950532004 8.37166231331 -0.684362677965 -18.0545656849 -73.3743791804 32.1032755805 -11.2432726173 2.24546545229 11.3539374486 -13.6722221701 8.46834830129 15.808581843 -14.6464182868
CAB
16.5531434934 -16.1266481337 -13.194027376 -1.57793955627 -22.2826738429 -0.201158637725 -13.2180724753 3.88384507511 4.98856347803 -6.4342823075 -0.749002674871 4.72856944114 1.15950937086 17.9913348044 4.44667404153 -29.8016909192 -23.9660189351 -16.1705600596 2.87069408802 3.20725251445 -4.62140977268 3.84781206614 -1.05857608604 -18.536115621 -15.395449928 17.4261389862
CALM
19.0997804381 6.48923916334 -21.192572868 -24.1872613621 -39.8638720611 21.4979056005 5.86247020325 -4.33528108763 -22.0734528996 2.29117947066 -1.1787184942 -12.884024357 0.202902464497 17.5646157299 10.9714625914 -22.3037004088 -32.1851569927 -28.7260378641 9.81394112161 14.9894267875 -0.516289721063 -29.5117889542 12.7133528569 -13.9207335895 -2.52214393551 -1.39018842144
CAUGHT
16.9813231812 -17.268714904 -18.1902812079 -17.0129431053 -16.7389339624 8.90080671298 -5.37306969787 -9.35698026271 -4.02038940399 13.2589091777 -1.35967413437 -2.29406941784 2.78582659372 17.5590679273 2.5797811787 -24.9066472528 -27.1469106501 -26.6838113015 14.1198105226 8.49755230925 -11.0547090029 7.98497037897 6.54660046205 -16.3906138889 -11.8664594319 2.37448460711
COAL
17.3923108707 2.39918499858 5.10108643551 -20.6308312845 -60.448235802 12.0289763395 -4.29004356779 0.131997529109 13.44495045 -11.4280123271 -7.81151336651 16.252319432 -5.72559226596 17.2203260253 12.4125299565 9.51449322365 -26.726865114 -63.5562403474 5.43330092176 -18.7490056641 9.91068136095 15.7045746546 -26.1409429724 7.86471071906 -4.34360215066 0.602569836975
CODE
17.2781485999 -9.10952237165 -19.6912940246 -10.9386869474 -21.3256477963 2.3887073753 -14.9288509121 -8.96423980157 -2.8181691931 9.99087171557 1.28468814331 -6.90022354828 -3.58329748893 15.1374974634 8.38211267639 -5.07695471164 -8.91920696774 -32.3123922433 2.15575973698 -6.98199617625 -26.0689362399 -15.3250000629 5.97019239355 9.10889380231 7.65690303285 5.47665995264
COIN
19.3627386294 2.48322536252 -19.6724485519 -0.610361316747 -55.5215102933 -2.19550389295 8.52723696578 7.83515039467 -24.0722699739 5.2555967194 -4.04392973502 -21.1562889249 18.9675280812 17.0357304695 2.32266738422 -18.6063677521 -3.85698340246 -29.122984278 -5.50212901657 -15.9049677102 11.8472127558 -32.9015195133 8.1004421219 -8.79905073117 -19.1255059764 7.62691541049
CON
16.606430923 -14.5122722588 -15.0603460356 -15.9385097 -19.1230660959 16.8660005419 -4.31939323443 -3.45305836477 -16.6471032011 13.3694747427 4.00111727771 -10.1108751076 0.966478775001 17.6091492974 5.66933483739 -25.0510215438 -28.5482576517 -17.7834542139 7.79025909026 6.70716839757 -6.53176500824 -27.1347127951 9.71244918479 -11.1455422612 -10.0405094178 2.11350151313
COOL
17.7570372055 20.0451868558 3.67880258161 -7.57631567867 -45.9224041178 -5.17982088094 -0.739499978335 -29.5118129828 -9.41889444692 -19.3721440599 -12.6514546096 13.4928682807 18.9309586634 17.2396766019 19.8843943859 7.45844948028 -10.798828594 -50.3833490423 -4.7487019923 -10.034360168 -16.3975230017 5.72659405508 -21.2428137483 -6.71486344241 9.89791563137 8.70292077172
COT
15.5626002247 -20.8012076038 -11.2341663347 -14.1486451652 -8.27539474545 10.2975400854 -9.4129359532 -3.44357765468 -0.998615993557 11.1704293884 -1.90374990695 -0.014207090646 4.27601869023 17.7743790948 0.0546870989136 -24.307870353 -29.9191044201 -27.1366306942 15.4987095564 8.02275358575 -12.9818314968 2.13850699209 2.88938735834 -18.9945213424 -7.77500159142 2.96262357258
COUGH
19.156958901 3.46862297961 -27.2267773145 -24.632061413 -44.813447518 19.5808204115 11.0023199419 -26.9530116283 6.5307194124 3.33414000575 -3.57223848191 -12.2799231279 -9.8942738031 16.3653590916 -2.33491744224 -21.8776337241 -27.9896377193 -19.8880922354 21.5076089984 9.58455111399 -6.40259380261 -4.62731489554 5.26198730479 -7.06973982039 -7.65621790422 3.77542319127
DEATH
17.756039968 -8.67281119217 -21.0124772988 -13.4880278519 -17.5906721665 2.75623411307 -12.6329258953 11.781938184 2.31387384405 -1.0293239715 -26.1653695839 0.104667360055 3.8624589229 14.0627906367 -20.8338931032 -10.7651500957 -3.61491331666 -6.42147502988 -2.77507500829 -12.9650775691 0.340234563529 -2.48194112316 7.11557814585 -6.42901681105 -1.03996184786 -0.229512038721
DIG
19.8372109338 -5.57551323967 -14.0825898968 29.4426655172 -52.1886589404 -16.4178158478 -36.1104013653 12.4996311313 -9.30811576704 -1.31221997212 7.74263553634 15.5313115231 -1.8991023702 17.3637959374 -9.39112617884 -5.85953715676 30.7878414246 -43.9215866077 -18.0421126315 -26.836182304 4.89737777963 -24.010228687 1.7667369259 4.09204077552 3.60127405405 -4.32608168176
DIME
18.6705950343 -2.37993292287 -30.3638944619 -9.53549585537 -24.7148101705 4.23917058611 -10.6027926265 4.02290606126 8.40714138335 -7.24517244202 -18.8521019908 -2.37343875516 9.17789210147 16.6003703286 0.414988869349 -28.5519293468 -13.2003887908 -16.1924400726 -13.7003297569 -7.71195167881 10.453264382 -27.0046986646 3.4800126901 -21.1891614343 -3.42818126225 7.3919844047
DOCK
17.4964142804 -7.22191320867 -19.9879022893 -13.7242986345 -24.7844355307 7.86885366106 -7.86093104521 -2.02497074212 2.02080128212 13.5603366178 -12.7347061714 -7.44645698782 -4.53385055202 15.3511227305 -3.36476557162 -22.3008191904 -24.1613887311 -0.740141630909 10.4468355879 -8.1023010775 2.25668045328 -0.839035989884 5.90058574149 -2.7273504913 -14.494977442 2.62219648432
DOLL
17.5506376183 -5.82452332599 -12.2365584255 -14.7647193027 -39.3854707099 13.3418948352 -9.15689175239 -13.4366364653 8.58957774407 4.00203043545 -2.28725696607 0.750214916093 -8.93726244656 18.4897491322 7.82873094232 -8.21476998064 -35.3453608121 -47.1244233608 26.8987355898 2.88873504013 3.33753367572 3.42664718058 -15.6620552612 2.25533902654 8.12739180733 -14.0847728344
DOUBT
19.4605311728 -0.189807009134 -35.7835912847 -7.5932070217 -34.2738944998 10.3576964961 -9.50922469101 3.05367822804 11.7883295451 5.76930851812 -20.5925159118 -16.769958914 5.90256898891 14.0826590046 3.03398866435 -8.4376139072 -13.3348845909 -26.2208760617 2.21126121235 -4.535900379 -15.2613668451 -16.5721318568 14.055558934 9.88359054882 6.56673745422 2.58942337302
DULL
18.6417749811 2.86410864731 -18.7586181819 -8.43645897153 -49.6310755985 16.8640234086 -19.4176839284 -20.8015793992 22.5789379192 10.7516812466 -0.659438675794 -17.758687694 -16.0380526037 19.1128975466 6.47596196358 -15.9125391839 -19.463473281 -58.8362915132 26.0786483356 -6.28660850376 -20.5871528031 17.0769225035 7.70753304992 0.361071897765 -3.7670687341 -23.1927675808
FADE
18.9545832868 -8.0485107701 -9.59370813673 20.2749682984 -46.0112428621 -17.7281600488 -29.3713337754 7.82139285902 -1.85994664196 2.70461531861 9.64099416447 10.8441510588 -8.77851862984 17.9385034843 -9.01586423731 -5.74766526845 22.7552247232 -47.364534183 -21.2123872827 -28.4916953227 4.29781518691 -17.9641576681 8.24866650438 11.0809084055 11.5158671013 -4.62973932746
FAIL
19.675066573 -5.72610222383 -21.1126597128 13.5762095815 -48.5054388598 -17.6949942629 -26.0139698295 26.541070156 -1.68101979525 0.536179151729 -3.69462068813 7.05235606174 0.991142709044 18.7879694785 -6.81090001628 -20.7221659675 6.73928089901 -46.5652814382 -18.5116541885 -17.9167597421 25.5445019687 -8.70940821611 -2.06641307495 -8.60526915062 4.3719625045 -4.64387074343
FEED
18.6866875966 -6.11867418016 9.94368288738 23.5945415646 -41.4302910975 -10.4750369219 -39.6975948549 3.00874220845 -19.3152802502 -20.4322166259 11.4286573103 -0.851865553763 -5.61557159094 19.0864832258 -12.7993201783 7.89368123674 24.4664265801 -45.0117150826 -7.27446584263 -36.6198419355 3.95443705969 -26.0383022746 -12.9450439966 10.4689573926 -7.257619552 -8.58566531403
FELL
19.2747415088 -1.53512034679 -28.7427634117 -7.5433968415 -29.7072055673 -3.03550788957 -10.1114819925 9.98081576724 20.223554091 7.03560483988 -30.6203262071 -9.11501221649 2.9461064159 19.7856232919 -4.0437815628 -34.7260973891 -13.8665077688 -29.0452255026 5.50030340521 -5.05811663647 0.468613161342 13.2434980881 2.68888367319 -37.5287311326 -8.45606293553 8.51726545364
FIRE
19.0457454241 2.69610090136 -33.9484755668 -19.7677902551 -23.5863709325 10.0364242824 10.4671168126 -18.4995412046 3.38374951349 -1.03122770412 -21.2226327119 -13.2294769604 9.32438839254 18.6624773522 2.86444108235 -38.356267148 -8.7397148938 -15.8125162482 -8.21649331064 0.596795400391 9.6708848501 0.786613329816 -21.124598136 -11.551513764 -9.21390793465 7.32512073393
FOOL
18.2590525554 15.9648946155 -1.03826937667 0.503103292562 -68.1491878161 4.16615870931 0.123399233568 -25.6032030073 -0.443447312151 -19.4934144 -4.27690952103 5.76978566078 16.2710740899 17.946176955 15.5933722581 1.30647067042 0.536708474658 -67.1492884677 3.9540509277 -6.40028078849 -20.2753726178 5.34438191673 -21.3924424528 -7.29700396279 2.48823411151 15.9088433398
FOUL
19.2207734113 0.706515131214 -37.3905247724 -14.3634219068 -22.4002044253 6.93162731019 -0.565703082806 -4.22026662641 6.81798549096 -7.67760721548 -24.5145816979 -10.9572706976 13.7116002537 17.230064143 9.65379055685 -21.2246461751 -28.8681484443 -42.7090997432 21.562236545 9.01843667132 -1.99083770804 4.21992774687 -9.40205663257 -1.94489812247 -10.5639119494 3.67369286738
FULL
18.6580408391 9.2153167772 5.24507887591 -21.5570234931 -74.0738809545 22.5265394751 -11.7279529458 3.02211156004 9.03635080533 -10.4364072482 -3.59757848104 16.5782207348 -6.49221170086 18.7630666829 10.9893029421 3.53477150447 -22.3737706349 -73.5547711287 21.7185074311 -17.9778934203 4.52461847525 8.94305385031 -11.864965473 1.56337944856 9.94047055943 -3.66640866762
GAP
15.7873220543 -18.7851561146 -6.85569741777 5.36293853657 -28.1627579408 -3.84653350556 -13.808958735 1.96080059902 3.30647661977 -3.01010392323 9.96467240108 0.250904830609 -5.37156386187 18.1010074515 0.669129401429 -23.1742045415 -23.3359377799 -20.2689934564 0.429287048387 -6.04999648672 3.81006285364 1.10689594235 -0.368166726563 -24.0953929905 -8.88622052509 10.5205496915
GUIDE
19.1367875929 -2.17357456283 -32.6814103333 -10.5866403653 -25.1484908251 3.28854995225 -1.3947330534 -0.821101798662 8.49080031151 -2.87937862462 -24.2863193968 -12.6904612264 11.6941090002 16.2830152378 -1.50305942607 -21.2663100586 -11.2605938663 -21.2581950365 -16.2365819527 -6.44404099601 14.4888857534 -8.94154974281 -7.12712805268 -15.8181783515 0.357512940961 3.97595706092
HEAD
17.3744756072 -18.5782660741 -20.371638403 -3.71173627702 -19.1859580176 -4.82673121921 -4.40660880651 17.935536754 -8.93694333412 -14.8752835951 -15.4651505778 16.5952132999 3.31212109246 18.652630887 1.13497205071 -16.1322284986 -9.7699515345 -33.4824031092 -5.88093829842 -20.2945274386 15.8847410434 9.01747329749 -6.52267755996 -19.5728279335 2.02524401863 2.50206620634
HEAL
19.2440836419 -8.26557586142 4.68834606658 38.5496577947 -60.609820357 -6.40556812111 -33.0971358106 -8.47661780295 -18.2655167199 -28.8715465262 10.6423527715 5.87975545825 -0.330251681962 19.1575958822 -5.00349402131 -3.33362651614 32.1078834057 -56.3444132628 -19.3717100289 -26.4290732767 -8.30015699959 -9.33897836045 -11.7764561999 8.36112784398 3.27924415411 1.16612162255
HILL
19.0827167395 -2.63874568783 -25.998123889 3.74540450369 -39.1722671081 -0.819500842881 -42.5234662979 12.8778243682 -0.439105581473 8.74380853381 -25.1293898858 -8.99744917589 9.19472597948 19.3439815866 1.10628197459 -27.375123115 -3.96263634136 -37.6956751662 5.38005986188 -34.8508215487 1.22780401403 9.76306734993 14.3544007983 -22.9642156397 -13.7975778931 9.18606079036
HOME
17.0542778355 -6.19216804093 -18.5805297761 -14.5929889359 -42.8960049298 27.4471492531 -7.79750577316 -1.45931602813 -24.5840587217 12.1013251297 0.397666514921 -10.441509772 13.4779067246 16.3750173466 2.25678766221 2.58685945288 -6.50974332226 -54.8896531701 8.79905322448 -10.7054559141 0.86129126554 -20.5299454619 -0.666076607202 -11.8527263966 -9.14668573803 9.89587199825
KEEP
19.5315718167 -9.92617840395 6.76064971506 23.2196354416 -50.8860342876 -5.80990779412 -39.0617863092 -6.06273636335 -21.1854594877 -24.9686723299 7.51360509183 4.93016109967 -8.96972059973 17.8745294983 -6.9035540778 1.42207217568 25.4489518662 -40.6934082389 -9.8380938309 -35.483794512 -9.66301950055 -18.0614456848 -16.7771778568 7.53029093779 5.85053448433 -7.35500107097
LIT
19.6062900356 -2.07447417605 -21.9896328183 6.70974312987 -44.3739343088 -7.62203864426 -40.4501387848 17.8158573902 15.2817537321 14.276580498 -12.7903578871 12.4878828129 1.06647478853 17.6543776883 -3.20817333138 -13.1982158017 0.503921637179 -32.4521612647 -17.3015354373 -37.5792826128 19.4318780693 17.4775857415 11.7508484902 -8.5973706834 15.5491042653 -6.61779577718
LOUD
18.6846414659 2.75143111502 -25.723905178 -22.0051365373 -21.5842151673 10.4386422056 -7.52073520914 8.93539673002 -3.87546891 5.4633890669 -30.9653575699 -9.26048012929 20.3100585855 16.5008322519 5.26225160384 -22.0599431631 -18.3011688513 -32.9597840665 10.5599444147 -4.16776036262 -11.3492104754 -7.80525004949 14.1984093797 -1.32671048045 -11.7914464802 5.16250259111
LOVE
19.3998068729 2.10922772091 -21.6798719454 -28.1083073253 -47.7164910065 33.3576838244 -11.7127016168 -10.8114958259 0.614518017062 7.26155839334 -2.24495725302 -9.73233178133 -15.7718082482 16.643000245 6.79544748489 -11.2938484065 -26.7492250207 -39.4984183549 19.6932315201 -17.3626463755 -9.41850957696 3.33727223101 16.6064002178 -12.262083697 -8.27062030346 -10.6200849231
LUCK
19.8684609157 2.52937542109 -26.2644407198 -20.8554711221 -43.6676121234 33.5793035975 -2.36372472795 -10.6724539443 8.81359307258 12.6872320185 -0.961058913061 -18.5094676772 -3.77182714125 16.6414908619 -1.74634100403 -26.4750075378 -28.2651380079 -17.4947229852 18.2740453525 -0.376522890179 -9.79863595995 -1.70189256605 9.74690269666 -4.42811632973 -22.1149768157 13.442513627
LULL
9.73887613715 -19.3206518106 8.96149955202 -2.24999008053 4.95042624345 5.66481360681 4.99327076636 0.465120134818 -9.59764428256 -5.34328321773 -3.82399546904 2.92536755929 -4.97988436292 10.4309535433 -13.1224664907 -5.98915504598 -16.6502011396 -7.09900815707 9.20195296593 4.27236838759 6.65598723851 -13.5662299928 -1.32070260697 -4.89615157202 -0.699555831638 7.7074581619
LUNG
19.0879884104 4.65197057097 -26.1286917785 -16.1414675138 -48.6817748361 28.2443155828 -6.47138041394 2.19551386034 -29.8792098705 24.0174587181 -7.51784240972 -20.7428160136 5.60319569824 18.8646337692 -1.67435583958 -25.3038217597 -12.3853006345 -44.508488116 20.4908502999 -14.1007072922 1.52619139939 -34.8571269774 21.8035509636 -8.61181274345 -20.6614710252 5.62685344829
MAIN
19.7133831468 -8.12979641459 -10.4316007903 15.7558848931 -52.82419491 -3.79821670632 -18.9741698961 6.40571925362 -14.6516610054 -8.5432170649 1.29572282319 -3.55578176868 -7.37798973643 16.5389877128 -2.80478172621 9.77639926264 2.57271961261 -57.9340312826 1.13649308656 -16.8688246359 -9.7743093531 -19.3004175627 7.53827187263 -3.04238465778 0.207390893556 -4.77229351448
MATH
19.0995068381 -2.31021510784 -30.3188494456 -9.06618963234 -22.2446190493 -3.69574987469 2.19860182296 12.9557887822 -10.2150487705 -16.2274308666 -21.2497629217 0.801164053339 4.62971942747 15.8467459289 -8.92285030609 -21.7490679984 -16.8036790553 -4.35965115993 9.88442369146 -0.403308118099 -1.32660491415 -2.02163108616 2.44018124091 -19.0511644304 1.4050298996 10.0378349086
MEAL
18.6365126237 -6.27505653215 5.10811986329 29.9297807427 -60.3439718201 -2.67756709644 -33.9898937819 -11.0583283207 -26.1572186192 -9.91296541062 13.22734725 3.51264349396 -6.21841626732 18.8265314576 -6.08011771134 0.634180218481 17.2119812207 -59.6340837567 -15.5442380676 -29.0997628416 -0.170291066422 -19.6940481559 -6.458634274 5.29761990358 3.21193703775 -2.23266002064
MILE
19.0278990287 8.61614244361 -29.3378673851 -26.6817149369 -9.28443170815 10.9533797038 1.17430181095 -4.81967575697 -9.04149849242 -0.940349330609 -14.5589317353 -19.991639567 19.7160737208 17.2870578906 2.67657239484 -29.3911455871 -13.2508477259 -19.8929253749 -12.7484727354 -10.5283943342 15.9993846565 -0.804041521009 2.71903861541 -25.0256338658 -9.19922292587 11.5634558242
MILL
19.2832794274 -1.05014433679 -19.1013669331 17.5739994172 -35.7166186733 -10.5861024268 -31.2372309472 19.6297711331 7.47110117523 -5.54594205496 -8.74746895749 -0.745310670442 1.2056853093 19.3311793064 -2.00479231153 -22.6700052348 10.006425677 -36.9229287638 -15.2908163603 -33.6170228002 21.0004277185 10.5817343949 -9.74837656713 -15.3908786663 -2.06638625112 6.73104956712
MOB
19.0568193541 4.90430480966 -19.8082605399 -32.1189180674 -30.9275008904 29.7924663089 1.988882244 -4.20808443632 -13.560490309 -1.64055313909 -4.21211779032 -13.4313713473 0.660139103579 16.6127676258 6.65712012053 -18.7400551764 -34.0474924708 -20.7599655519 20.4272387527 0.338905853852 -13.8885289468 -9.48267069896 2.87448216656 -6.86607986968 -11.0876721699 3.07279602064
PAL
14.5038964551 -15.3263174379 -12.9922566136 -8.4304835894 -6.94923702763 -3.0673494769 -4.72515057576 13.7004972073 -3.44145583717 0.317363417764 -5.3125305954 8.63508286491 9.99792928405 19.0659844633 0.761136219011 -35.0369397903 -12.7522915122 -14.7001022793 -8.68273622598 9.01813275955 0.382226627789 2.52100228335 -2.16892806341 -32.0386177105 -1.52361065091 12.4846737705
PEN
19.0300851493 -16.6143467308 -23.3036378195 -4.37134333403 -22.8994819395 -4.0721233602 2.23968371222 17.638825573 -15.1645328821 -13.3468076935 -14.9775728487 15.6021181233 3.5714096295 18.4878602338 1.16688163902 -25.0684563148 -9.21894396079 -22.8333110702 -14.8874296862 -9.33132082596 9.8344020447 -20.0037506397 -0.0640000739288 -18.0923715094 3.99191100177 3.80244303033
PIN
18.7143708754 -16.2226230642 -12.2619633291 3.97710670629 -33.4290541535 -5.74212754116 -12.045665614 13.2243502128 -17.2043018511 -4.04955289931 -0.300889020054 8.09653706874 -1.67142420518 17.1133392807 2.0986678155 -7.15480823104 2.9881717327 -34.0361704289 -13.4657208568 -16.8655825003 -3.808413822 -30.6518015034 13.3305301465 -21.2306055263 -6.7321167091 6.74687358133
POKE
17.9303104189 -0.372192498656 -14.6182674503 -14.7082485497 -45.7075402233 25.5490101794 -2.58000214567 -8.75837409455 -13.7085134895 5.67254381821 -0.40697660824 4.45905025338 8.44011253853 14.8563294356 2.96596945084 0.353890154458 -9.28664373172 -43.9036792519 11.0689052076 -0.0970771676727 -9.75197503919 -6.7553202427 -9.05843763351 -2.54773431623 9.06259420622 13.8126272514
POOL
17.2155789552 18.8594180856 15.5658353088 -5.20762230847 -64.2022585565 1.01099764569 -19.15942891 -20.5037366923 13.9740641235 -31.9231453853 -5.54820443795 1.71392968421 0.134748433557 17.5499715107 21.6632992014 12.7344384323 -10.7743710004 -52.67143441 -3.36124522614 -19.8414344937 -16.7706729783 11.1298836757 -36.3340025781 -3.06751839311 -1.5747438764 2.00694003855
PULL
17.633798356 5.0019506145 -0.315652334476 -22.3206025666 -50.3949143946 19.0971740492 -10.1578311713 5.36928082438 2.5412147555 -9.30622023408 -4.04571414311 8.68208774302 -3.87270211563 19.2336120542 5.67677585574 -3.25794502476 -22.9505876076 -60.1414476019 25.1173987212 -5.24047880786 4.00441011401 6.99694487913 -16.4056887305 2.86766220756 10.0041869216 -5.41392756139
RICE
19.3865483566 3.89805727621 -35.7708168178 -4.7524405257 -21.3598583781 -15.6849631578 -5.6444093812 20.3873517269 3.59163707536 0.0142463735047 -21.2582100429 -5.98616807258 4.00013580708 15.3538869464 -13.6091942909 -8.92696540957 5.13731121281 -24.9359599399 -31.4188193157 -15.7709300303 4.34915913727 -10.9599524139 5.79051180312 -3.6380149636 11.4870869705 -5.96817631697
RIP
19.4906056149 2.74300818817 -32.4194378444 2.51784801559 -26.4223783953 -21.891109056 -16.5723214831 11.6009634627 27.7990913039 9.14448870816 -18.0992342638 -7.78926151113 -7.99683113479 16.9792275412 5.53760230308 -24.1832346573 -10.8665569879 -16.7420751425 -21.1910829069 -9.4600035969 16.7328328998 22.8125479257 14.0915898964 -27.6264493709 -9.61167380589 4.01290286952
SAIL
18.8475667682 1.94159097871 -22.3877622964 1.24643869187 -37.158067797 -23.1377895576 -27.1189929734 19.3541186006 5.67479860686 5.2261589674 -12.8862323014 6.62339799062 -4.86433639617 17.778210543 -0.533929097067 -21.1214577969 0.249162110883 -32.0114960085 -24.1605485534 -21.4678602208 22.4809939623 7.35801792469 2.04914335487 -10.0725588332 3.99112975498 -3.13019990297
SELL
19.5184527214 0.415443263769 -26.2717290601 -7.54186871561 -34.1625545617 8.65908388617 -22.6251165489 7.43817217537 21.4185311441 -2.66997887311 -28.9850242858 -1.73047256509 -2.16884135581 19.6064426739 -0.0268810222228 -28.1217532283 -11.0493162989 -32.9721001166 15.3052000539 -10.2883462898 -0.318064975451 14.8494838024 -2.81905704656 -28.5468384422 -9.26027001225 5.71486216065
SOUR
19.242684105 4.36284260896 -38.846876073 -13.4835023306 -20.845358671 3.99375714151 1.1066621908 -1.58601540976 14.2757465782 -6.18163660763 -24.5628377933 -10.1485332865 11.7177230072 16.5971477107 12.164544299 -24.6037055719 -21.6663242216 -37.2513242639 6.11643614431 11.6350058883 -0.648122918141 -5.04776976889 -2.08116186647 9.39143144351 -19.0017290762 3.1206639016
SOUTH
19.8707720392 -5.09578445335 -35.4267132554 -7.44316251465 -33.6330087959 10.9179212046 -4.68110392717 1.75135676077 13.9708841602 7.49914737786 -35.3974611452 -7.22566058868 11.297412283 15.0107826106 -0.963415091752 -17.39998474 -18.6934314053 -32.6511169203 20.4057948523 -10.1199576674 -5.36691945544 -2.23333495016 20.1018250536 -3.37722802329 -18.4551719111 0.888695487967
TAPE
19.5903165524 -6.22068773552 -11.8087804303 23.0346854982 -52.3898219261 -20.2890632179 -29.6700659476 4.22351732179 -10.1175586537 1.32278797915 8.79247184638 12.6273808562 -7.80185678574 17.5395790321 -9.40420210127 -4.50791142466 23.6532635015 -45.7265035143 -23.293603257 -26.8436903909 -2.1434477125 -18.4137104863 4.99255175053 11.9180777335 4.58531741468 -0.345354307411
TOOL
17.4632837224 16.0609233308 -7.10070091803 -0.591589265775 -36.1796506485 3.43181483338 -3.25939212084 -39.2164742386 -21.4230817156 -6.18590735163 17.5820734613 8.42009768846 6.01790745025 17.5989574166 15.6041258847 -0.620516365888 -3.14361775074 -51.578345408 3.86892102009 -5.91838825007 -30.3633652944 -11.215524561 -18.271149783 3.83326159285 12.6832933141 15.1767788634
TOWN
17.0712452773 -13.3724376375 -19.4614177093 -2.30763751737 -21.726698262 -3.03754057797 -0.740665725092 12.7074709549 -11.1118303544 -6.33279280162 -8.13504370677 7.90917068491 1.5796370382 17.6869633273 2.01658568742 -25.1828202155 -18.5866946619 -30.8781524896 9.4489821042 -5.4803986194 3.28380769508 -30.8323581666 9.29789833426 -17.813747309 -8.11877504328 5.85450045433
TUBE
18.0203017069 6.394138901 -14.9904786699 26.6765580001 -15.291057087 -22.7425103966 -36.163652514 -28.0324528091 -6.24430311371 -19.3934238356 5.94405720877 -10.3667550608 8.20864435391 15.5245557462 14.8905040352 0.787774953903 -4.62897789398 -20.085793422 -3.7651468583 -18.1559529548 -33.3388956637 -24.3901799873 -2.60055976941 7.71695569485 -4.01110921421 -1.16317809429
VOICE
17.9405014835 13.8558691858 -2.82197633695 -7.53694248381 -62.6280816372 8.02584158791 -6.01551497724 -6.64268477386 18.6385118351 -12.700192049 -7.68893594109 7.46303648193 2.90474173626 18.848532913 2.69718487866 -16.3705929032 -10.0774128632 -50.377275061 13.8855046934 -8.95274492881 -9.20605766877 3.89881845953 11.5782411773 6.22473902414 -4.20577254402 0.159059686021
VOID
18.0330620105 11.1773430094 -3.88894591647 -6.11060508505 -68.0623101853 -3.41642104916 -0.116079383448 -10.2223006125 6.41623912865 -3.74413680547 -13.3311784628 0.376558255429 15.8870788126 17.2812555674 5.07078117429 -15.2903851169 -9.47397122648 -44.2456498937 -4.97734747987 -14.3367357342 -2.71047579761 -1.57561875008 5.10545587238 -3.12989988263 -2.27881832708 5.67423272806
WALK
18.7093735387 7.73175872906 -20.2926790757 -29.7155009288 -40.0785464063 22.1066634517 15.9442524926 -9.67165795859 -4.49477863146 6.41431406582 -10.5695959009 -1.97898114092 -1.56908081669 13.6953757911 -8.32613881713 -20.0636207482 -10.8490939488 5.53448823337 9.39087073455 -21.5742391123 2.80933487239 -2.99027953666 2.66001914733 2.49708641138 -10.2347292382 5.33597786906
WALL
18.1230748282 6.88359293004 -4.64594297407 -27.25871963 -51.0129750906 20.732063976 -7.02230535725 11.4460749793 1.99538730299 -10.6556550313 -2.63001336873 6.43751038895 -5.17415960392 13.5972380165 -5.47313283324 -3.2106332612 -30.024082142 -28.8489637014 27.6931646303 -5.45770534907 7.18419390078 -23.4975873108 4.4430900882 -2.82390577349 -0.0201536665369 -5.21610082782
WET
18.2084935066 -2.80959934623 -29.4871045861 -21.1854082548 -21.7392830966 6.93349939999 -9.78669550763 14.6400384362 8.65720602438 -1.71011640031 -30.4092941885 -12.9448246981 21.7691451379 14.8720391699 -5.54986163611 -14.0126366265 -17.0222939668 -22.5649091881 -5.22546068175 -8.23557814262 27.3657757272 12.7405248606 -1.99379575392 -31.9659877312 0.00656656334091 10.2822665478
WOOL
18.1009788791 12.5002035684 7.60250003611 -5.76999130006 -83.1876098441 18.2812272423 -18.1375121176 1.95670814746 16.9706251792 -16.8243665351 3.8848617747 8.03328444664 5.22274452982 18.1903428552 11.2494952987 3.72543879836 -11.8812977952 -79.1907491463 20.0840938504 -16.4517570442 0.346184283735 17.7795479616 -22.3105595812 4.53498071765 9.96767956578 2.38311844961
WRONG
18.4317026484 5.10552876956 -20.5821878116 -31.0094399684 -35.5487912845 27.5723038655 -1.85438727122 -6.60005078991 -20.6153909037 -0.313468603244 2.5841440761 -18.9365682102 2.2286844414 16.2123682542 1.37212756549 -14.7327000423 -33.490990296 -21.047385221 16.2565149888 -6.0010808748 -0.297439460902 -37.9146919248 11.038110023 -9.95957393705 -8.42187127281 -0.194456588397
