HAD
19.4420101215 -17.9994275647 -37.8320556122 -2.91400779556 -6.76672049128 6.03851142925 3.70715098173 -10.4123934569 -23.0025615017 9.7642083182 1.15911476722 8.50516255704 -23.502031217 18.3293591885 -11.1088576221 -32.6541021981 -3.95645545001 -20.5300507616 0.891009990522 7.51363005666 -1.88029646931 -19.1181779128 -8.46554545524 7.99847999737 3.19914539761 -16.2416703993
HAYED
19.4004471336 -16.1567492654 2.26163992106 -3.44995804316 -63.5500920631 3.82046857933 -6.49561182071 2.48350590239 4.11206718277 11.2324163571 -21.2532763819 10.0511799544 -16.762081894 19.5941241741 -21.529160481 14.7623677573 -1.86296373446 -53.7311681833 1.35802528546 -22.5962486983 -8.93596034056 6.08401026032 7.75541472373 -10.8385065178 20.9324538827 -16.7761330102
HEAD
19.5130151359 -13.9832556673 -28.946768709 -10.3757053674 -20.2727027442 6.4920825469 21.3007086313 -6.66115645527 -25.8772197793 -7.99745035683 5.46008612934 2.56924176923 -10.7573594528 18.3180146307 -8.85221653411 -20.7326828929 -2.76822484754 -41.9109900194 6.04523852317 10.5835762929 5.974932672 -17.8839898457 -6.22719771202 2.93381843137 -4.84713675879 5.78506756375
HEED
19.3320629017 -17.3106299559 30.9448554329 -10.0452686753 -36.4682811184 0.568064429901 -33.1328810144 -5.46847830126 -11.3218427457 8.18784828807 -12.9406828736 16.7294821364 -20.0516224308 18.8324671663 -14.8080371993 23.6058352739 -0.80077703333 -46.5929872262 -2.21213656291 -30.9093925223 -12.6859221908 -2.55369219198 8.40107064854 -5.12144584627 14.7162905971 -11.1258530714
HID
18.7341937753 -12.896730653 -2.24158346362 -8.86354166892 -58.0725346579 1.71849983825 3.62359596637 9.85895612683 -1.28293097109 5.46252895071 -12.6792369307 -7.63875880905 -3.4308940847 18.6050048263 -10.4230050769 -5.81017560401 -6.26917583109 -54.4049738418 -2.3269260998 -1.09391502005 18.1187956447 -3.09100118212 14.3679605298 -9.39391831652 -13.8493943407 -6.89263911815
HOD
19.5250193329 -14.2887762694 -30.1063358958 -27.5220948104 6.32916990389 22.7602613416 -22.4696033579 6.98232572156 -19.9507085574 3.20704507544 -15.1062710751 21.1426861646 -11.941241227 19.6339098084 -17.777637705 -29.7491269415 -20.8729105809 3.81751237299 19.9436033343 -16.8972378751 9.48361270364 -13.0435946486 -2.59246404568 -8.67050854312 28.8350796168 -17.3564782676
HOED
18.6035021418 -2.3885190484 -15.12544681 -19.7789369798 -27.7246959799 12.3893748036 -26.2818198989 12.7962283845 5.67545677504 24.8384242989 -34.0709985127 1.05418488353 -1.3463304789 16.1858332819 4.9343419079 -8.15941682888 -21.7501758097 -32.4018815167 3.46606644172 -33.3973529776 5.80238125104 3.24315914058 27.9994535434 -21.9612168499 7.54365469367 -5.08322005317
HOOD
17.9029975345 5.21657209857 -3.42772632964 -17.6678622091 -27.7491903447 1.9509962537 -43.6762645551 -3.34250700102 0.505134266835 35.6496851612 -15.411521888 10.5405036126 -15.9170370396 16.1201262368 4.11942750256 -7.08577823696 -9.12321689017 -26.2292043607 -3.45972002388 -41.4287501233 -5.54589782893 1.07792105902 11.6515244368 -18.7611408996 17.957709993 -1.30011752724
HUD
19.6839696429 -10.5034238084 -34.2421665645 -27.3397015186 -6.45388765441 17.0088964374 -15.2213733787 8.66600873996 -13.1630421237 -10.0949506021 -11.0969851631 23.8411578807 -14.0820605594 18.0194544759 -5.09387862808 -26.7059677983 -18.9410924143 -21.4210478813 -5.73739933677 4.18837841884 18.1896723849 -13.4617458042 -17.4344823462 0.733011404046 3.78871005151 -9.89770938553
WHO'D
18.1224083741 1.52521461613 -1.35790847776 -17.927644411 -25.1285413715 2.59184980936 -46.0742383773 -5.76853555029 5.86569622399 37.913350983 -20.47607396 17.7118233043 -19.2118295442 17.6581198332 -0.307445451683 -3.8063699568 -20.7451081059 -25.2995386871 4.64411169965 -48.2042536943 -0.975926785941 -3.67627908425 29.9025093886 -26.0986243302 22.8763613743 -11.3162620686
