HAD
16.1341782703 -9.70559825862 -27.4719011082 -1.68962462784 -23.9488107139 -9.27701906464 12.0088154888 18.4301849692 -11.091292137 -16.1978959699 -14.9205259152 1.08968635875 -7.65429891896 18.9418619903 -5.65857117003 -30.7863252301 1.96259700268 -36.078320829 -7.2151938762 -2.79466872895 29.5526206411 2.88033572349 -12.9714925587 -23.81891221 4.47296636315 -5.45256619087
HAYED
16.3541828219 -13.0080195169 -11.3261828142 14.184689626 -44.1831867618 -12.7710810536 -5.33302325369 6.86024696127 -14.1197972597 2.19644016188 -1.11358700122 -0.670907419479 -9.71366167362 18.7723362179 -10.3090183914 -2.03168791589 28.0033498395 -53.3428744372 -13.4661908261 -30.7945172133 2.58369636084 -29.3629266019 7.81378565614 6.09316864977 -1.26880892251 -1.92952842342
HEAD
15.0562181298 -9.65880455315 -22.2884116985 -1.71608108977 -28.2572252766 -10.7178474921 5.8296939413 16.2000577445 -4.47446687165 -13.1291911225 -8.71237717533 8.06303978313 -13.7760040602 19.0720820241 -8.81999584957 -16.7629666763 7.84249948386 -49.3186581416 -12.3462078395 -16.9514739968 32.7551660581 5.02540888777 -0.153215149682 -8.00371257228 5.38706526613 -27.6124453581
HEED
20.3619845124 -20.1085600319 13.4181136634 34.117035737 -50.7682136438 8.96444484085 -33.4652851536 -1.31310947176 -37.1486598261 -5.03095698273 -6.15187803392 -25.4794995276 2.50392079062 18.1451950643 -13.5481988267 16.4759172649 35.8193645994 -38.1201109237 7.25979898457 -27.3898225643 2.27462255939 -34.906807535 -8.81507487991 -2.54137369245 -23.2238100728 -4.95676938644
HID
19.8958539864 -9.88974019853 -7.1449902359 25.0610690552 -53.4808480726 -20.814926479 -30.1097086027 3.8330431669 -19.0190681712 2.75722378807 11.6989043728 8.38050592167 -9.83769716459 18.6559208931 -8.83909302816 -5.71605072341 27.85716838 -50.0437755141 -19.568165514 -36.1301367505 8.56986197776 -21.7030593741 -4.33757106662 7.61451353281 8.87735919153 -14.6956620618
HOD
14.5423304791 -5.39558649441 -19.3143699137 -27.6478660819 -7.65469675864 28.1491380882 -1.4116919439 -5.36130023078 -17.0814858555 4.52133833418 -8.21400301411 2.25132190099 8.01446977633 18.3637052094 0.827569381697 -23.8129535581 -32.7618472924 -31.6714506713 29.9040979387 -4.25215262325 -4.03537601127 -10.578803166 8.52544731488 -15.7647751776 -3.28469854383 -9.87014937218
HOED
17.4215309568 2.15191275113 -22.3474250185 -14.7631127744 -32.1295599857 6.22059418867 -24.3168051361 3.04039232191 -12.4875728422 35.5351689558 -8.81273880018 -20.2646926886 0.987727973311 16.4634377496 9.73553441016 -14.3755536906 -5.16825359014 -26.2349689204 6.10636089304 -32.2991187626 -14.8637288603 -19.9817925612 19.7470897026 16.6253976842 -16.4883966017 3.16040311478
HOOD
18.3914224548 13.3558306237 -18.7765161449 -6.21119618744 -29.7483836473 3.18327786528 -27.5979567346 -18.3448815173 -15.0589628054 30.1614157148 19.5212181124 -24.026462924 12.9682688902 18.4295313354 2.10408143185 -20.3093018471 14.703331437 -35.1900562983 -1.12648508547 -45.016333123 -5.89969188322 6.33637646374 6.58324493641 8.07028573523 -16.9154817115 21.0779233346
HUD
15.186292001 -5.81943814093 -22.8394909154 -19.9295770316 -16.5731603052 7.184578542 -8.71475352738 -0.393053264663 -5.75501929523 -0.293751763616 -19.9269379746 3.97290746117 4.79922491682 18.7920059264 -4.05281324917 -21.2296681592 -7.24292544137 -41.2058822847 12.8936569876 -31.1165723427 6.30882611528 19.1841020779 19.3984478887 -22.9524129692 -14.6794949729 0.913792590639
WHO'D
17.9741384753 6.5960747585 -16.2907757931 9.83947730685 -28.1385209412 9.67660827789 -54.5310858759 -10.8797196333 -35.6444267045 12.4988022913 11.7220647649 -39.5344183016 17.9786417707 17.1052262432 2.6678432972 -13.841569053 13.8958341533 -24.8619455729 5.34951533882 -51.4610284062 -14.6999879895 -21.1198806967 2.89521549929 12.3664351171 -34.6928718296 16.0332602976
