BEAN
17.7677179816 -4.63948774396 19.98838213 -12.3213431403 -41.9526057596 3.59997607452 -25.0905240384 -16.3080819213 -1.05311237185 -3.76314417803 7.00106077329 7.23544309107 -9.53620179172 17.8378071352 -1.70309300706 11.858541425 -24.5309659206 -26.3088523119 5.40325271005 -46.9682112449 -5.04607990075 8.34293219886 2.95668832358 -3.34566844827 -6.15374479609 0.0555696175965
BITE
19.312890993 -8.55785467397 -22.5061356727 -10.7819231516 -25.1958747544 2.29685135963 -3.20642108332 12.4982064826 -14.6992520437 -11.0677728748 0.436505450864 3.14092225364 -4.65597395584 17.38919931 -8.76050629571 11.2977875241 -11.1249550771 -60.0393833561 -4.34492114667 -15.151268027 -11.3447683771 7.10392600502 -5.68269101065 -7.87554500005 8.77722076068 -15.462895964
BOAT
18.7095865119 2.18779013567 -17.9556662533 -19.7673027998 -16.2172518172 -1.72495302763 -25.2001952393 22.1826594541 -3.01091433651 -24.5927629849 -1.02321432956 2.70932017662 -12.1659146486 18.052184319 5.12046733072 -6.93131350132 -25.9830324674 -24.0846175455 -3.04257285627 -37.3915387003 19.6532891623 16.3850108823 -21.9000332018 -1.87529488141 -0.353298714225 -9.03560584982
BOIL
19.1463397461 0.863395748651 -18.7842969599 -43.0704968287 -35.2357418556 11.8461409236 -43.7599351297 5.84588232915 2.34284544839 -3.76008253234 -2.30974391514 -18.9847110661 -6.25450493725 19.7340470426 -11.581761906 -19.9567974574 -6.3989555003 -35.131202964 -5.25223108897 -23.2915781743 30.1127015769 -5.61263857192 -16.8824408436 2.30910430072 -0.780896213582 -11.1904744699
BULL
17.9161566002 5.95986202892 -12.9549785099 -40.3469786998 -22.807568422 14.0109412828 -41.3632344062 5.92949775316 4.02822617042 -1.56115133154 -7.23716652106 -12.2253224414 3.44284601928 18.7863939732 6.30536779371 -15.3811718201 -38.0080062081 -17.121677253 15.0218815846 -34.371763124 15.4344014906 2.76373144947 4.62401995966 -8.95729016514 -20.9070169348 9.33743849631
CAB
18.5920440814 -14.5573657353 -17.9589998805 -7.79452104281 -16.8561208015 8.92267535151 -7.2455940035 -8.59372670624 -14.3720152886 -3.20456354613 4.10164255985 -7.88649831835 -5.00352996052 18.2853579183 0.941069457883 -25.627492461 -17.5936293824 -7.09350710186 3.13727715355 -18.9311984671 -0.502214906121 -18.0695634721 -12.062802733 8.55758156623 0.237731949882 -15.9204044299
CALM
17.8831171908 -4.71357425818 -22.7043182112 -25.4498671816 -2.47411956897 12.6808749301 -22.8451334782 8.69779574348 -17.8403174739 -2.22643226112 -11.3406407846 -6.48129718104 3.27257740457 17.6970582882 13.1956414686 -24.9330285036 -28.381943351 -10.9861595435 3.17650637052 -22.1312093467 5.76641645941 -18.9453673182 -5.08962387428 -2.18679788689 -9.64921266267 -0.613726084364
CAUGHT
17.2451574046 -8.82309431389 -23.0210000232 -20.384447892 9.58872484837 20.6959724949 -30.526985036 3.10003720183 -1.30902845037 -9.91500669695 -2.57088092241 -6.17618688442 -4.14047330053 19.3952303032 1.31385813285 -33.9940068385 -22.2953586753 -0.860515989175 11.3651396002 -17.0024043187 6.35828370422 -10.5055432385 -14.065503228 3.43897341497 5.38923438637 -5.20556018213
COAL
16.757812246 4.19162968118 -13.1085701105 -37.7807078064 -14.3717264301 12.7559123028 -21.064644662 -3.62370218849 -11.5216787007 -4.27570375081 0.678761579137 -15.69725687 -0.971645158435 17.8472400101 19.0409793397 -7.05256360455 -48.4394459238 -26.5038225379 4.8352596277 -10.1067614184 6.10250049096 -17.3169071725 3.6362038237 3.85887492636 -10.8530903324 -1.67147946408
CODE
18.5873256876 0.777132499315 -16.9425546477 -29.316900572 -15.5068286328 -0.956098888304 -31.4624930802 15.3555423804 7.99902773827 -21.5215202982 -5.75095012747 -1.09241181561 -3.89351904583 18.0431151936 4.78065353616 -15.2253925892 -23.9392007832 -17.6669985873 -1.20555246137 -37.9101043241 12.9203116211 16.5116523835 -12.3583721134 -6.09956247354 -3.49591421238 -4.60415471467
COIN
18.2807749948 16.538074992 -27.0756016894 -20.3579098141 -19.2789099766 -6.03644596269 -21.4755414725 13.4564370214 -9.76344297765 2.25981616318 -5.19379947487 -18.3319638703 7.65450587994 17.4347967891 5.97608772636 -10.5347249163 -13.9132774768 -40.3607265167 -5.37830469279 -15.6360469352 -3.51239009083 -0.0540512316805 4.79747238756 -10.0456742694 -20.6833977007 -1.68780893072
CON
15.135429779 -10.3570217949 -19.5567497002 -20.4585402408 4.08119750505 8.83272822491 -16.0857568846 10.530637602 -14.0579390558 -3.64707177707 -6.12670700516 -7.44632997549 5.36560314117 18.0920219547 8.06719034011 -25.7776505886 -22.8183689634 -15.4162181285 -3.78815732479 -19.6676490528 18.834083145 -20.5587962959 -9.67362195543 3.16509485285 -7.66338496624 -2.37765202754
COOL
17.803398896 10.3843018422 -0.962844457055 -45.9461181246 -27.7646977161 6.91302128649 -29.6091203788 -8.03416929996 -17.6375745267 4.61904459364 7.90831430344 -9.93119157507 -18.696340927 18.0135310062 9.92142287311 0.387160641453 -46.1437555457 -25.7586906258 9.08547528362 -27.0418344691 -4.90689108363 -18.7884680687 4.51989837007 10.3227169136 -8.04799601511 -13.5585880612
COT
17.9734338857 -5.32459561533 -28.6151566752 -25.3105489831 3.18145759722 20.2191181339 -29.3786980676 -4.96953441455 -6.20293286483 -16.6291657786 -3.42017962127 -0.0657671029314 -8.8651538813 19.1586907176 0.965646778601 -33.173691725 -14.7984495804 -8.22379172938 7.3501317733 -18.2305271521 2.72992275375 -10.6001584118 -16.8593546583 5.15595071672 7.7705283479 -10.3189263236
COUGH
19.3214239166 1.62122823632 -22.6063084564 -39.8520071599 6.38399957953 22.6739077351 -30.3577217849 -6.46375845487 -11.52217225 -0.848007709356 -5.62685419201 -1.57076577988 -2.92988444252 18.253999997 6.90987508579 -26.2073833051 -36.4841932574 -5.15443249728 14.5518698092 -32.3151078176 -6.09854161398 -14.6171264955 -10.1808058942 -9.08381744181 2.45932802823 -8.1906501567
DEATH
18.7274344813 -1.40050895403 -14.3850150689 -14.7613065527 -26.2119637741 -5.78894503692 3.50326483306 11.8424005862 -24.1068000751 -0.555680428335 0.0730582316394 -6.89301509277 0.80348567316 18.562187951 1.75809749965 -23.753364455 -17.3644134737 -23.7858164494 0.533253311653 1.63505878034 11.7695077232 -32.9452085339 -11.5775506202 6.67338322949 -5.99711819794 -3.98163525953
DIG
18.1326512119 -3.03856642922 2.38846457978 -7.74468404894 -52.6442482822 -14.0613535877 -14.2547259584 -8.14542428461 -3.27029838276 -0.499972358797 -10.9934451598 0.846075078474 0.0676920957636 18.1306172331 -2.40522853068 7.502858467 0.0631644736742 -54.4741281104 -3.27935595231 -13.6180957697 -8.83361372635 8.72941926676 -5.19503146843 -9.80227606113 7.67440352291 -8.19907100073
DIME
18.7710990701 1.38123280697 -29.8487661716 -22.3748816851 -3.28629899377 3.2609306847 -20.5137286571 15.7780874075 -14.9375082364 -23.4440107585 5.20615760729 5.36326088858 -0.270795493069 17.9387624264 -0.553945476261 -21.5669345599 -13.0697093941 -27.3662892072 0.823266496828 -11.4079330757 22.479094217 -28.4308911542 -13.6115607988 10.316168654 -11.6529941957 -1.25399438761
DOCK
18.8812205864 1.9806403282 -28.0044743406 -30.7756793044 -8.38063658623 16.6139112036 -28.1449214165 -1.23216549393 -11.7703239125 -15.0092968366 -0.0845397474308 -1.58866776725 -5.98643789179 18.5192719118 -3.71708115125 -30.9395989037 -27.1505576953 -8.13826916077 14.4644236438 -38.836632555 -1.38411478114 -8.68477899908 -10.7774095869 -13.8369033331 0.778732744641 -4.8735827236
DOLL
18.9030460921 1.34623357566 -24.2779937118 -33.2516938336 -7.92120853942 22.3340208439 -24.1130845721 -2.10311852585 -5.39441976859 -15.3293514175 1.54372423762 -2.70464156401 -1.62020874817 17.80249617 11.3028292616 -20.1062357106 -45.0113380688 -5.57782812454 23.9080712349 -18.9673608003 -7.02932156588 -17.5083419601 -3.2975891449 -0.951932792989 -8.25452971531 -0.370713727964
DOUBT
19.3611488526 -8.21591108944 -20.7223360031 -12.5330872371 -25.9993311414 -2.22781813062 -4.31378706639 8.82506988401 -26.0935454844 -9.63206545852 6.62940074206 -4.68388607997 0.569257503166 17.009307801 3.76938913177 -22.6669388205 -20.1585171746 -16.2187656519 8.26451624262 -22.9835238762 -2.4112154318 2.91799075471 -20.8313634364 -1.99477194791 -6.21479189815 -2.94046255785
DULL
18.1485884463 2.71733829514 -15.0590412508 -25.5341388748 -20.1461383858 -15.5686638872 -26.6176142616 31.481742776 -8.68535296932 -23.593300197 1.48653353988 1.86181508214 -16.211238983 18.8237702787 8.46340259328 -26.6815372417 -33.1350304123 -3.40463131689 1.07655139757 -26.4057131507 17.1528881784 -3.63813668868 -13.4831714055 -7.63680769469 2.64126884945 -0.620774186811
FADE
18.9000382714 -11.097345315 7.58298238558 -11.5002351978 -54.7921875804 -5.88054382238 -14.9653872044 -3.99825216311 1.04747271429 -5.94138794798 -9.4519987406 -0.305657655465 -3.95515313779 17.7767368822 -4.31486554333 11.857955594 -6.59715026236 -56.0453710325 -1.30735212965 -19.3082680265 -4.27653511728 8.62889063494 -4.2532399953 -6.06938752621 1.83941711578 -7.09150838246
FAIL
18.1087108957 -5.22265849502 -11.6289729671 -11.1075783786 -48.6297737586 -1.88689571872 -1.0983539468 6.96815830511 -9.92511197216 -1.34505753044 -5.02911106703 -11.6521165284 -8.21422599881 18.9253765209 -11.0205101482 -7.0274579128 -11.243733499 -58.4151210982 -0.0873556948493 0.41571745483 10.5917615714 -16.5816216074 0.228019826046 -11.4510370477 -3.64740298901 -7.76632410182
FEED
18.1739694954 -11.7594156639 36.0821719628 -11.7090587205 -46.8067239924 -8.54563165858 -38.9011622837 -12.7309332401 -3.2715048966 -17.4876475827 -4.16333692296 0.515520885289 -8.1887717303 17.415561791 -1.54372150897 27.9485676727 -5.43739331439 -39.286960012 -4.27955812713 -40.7715774495 -9.91506374501 -10.4611071433 -8.04359602204 -0.704819103742 2.24379688293 -4.09321624843
FELL
17.7273042109 0.135978717278 -20.6370815589 -13.9027954641 -22.0426538745 -7.96993449924 -4.70666457789 15.0781911636 -17.8582175912 -21.348933796 10.9595146706 -2.43248815268 -12.6405108892 19.3183145871 0.0479749843897 -31.3185174767 -17.2130073059 -7.47161821294 1.76090096949 -8.10622698036 13.0198859245 -20.0934006453 -19.5763401668 20.4331018737 5.0422934325 -6.98708736919
FIRE
18.1595920004 -8.52953710462 -26.4665464045 -7.53961292099 -26.4474386067 1.35618435104 -6.85353074563 6.22919436158 -22.1400360769 -20.4265608177 5.20247590351 1.5303293082 -8.28172517451 18.4793259877 -1.573920912 -16.3249036427 3.79645739716 -56.1374832043 -14.7235360717 3.6757406179 -0.621870617776 -2.68175759356 3.10078382491 -7.56702507993 -13.5567096715 3.34781434615
FOOL
16.8938438411 17.6763096662 1.87855614428 -37.5211778666 -31.2200068239 -3.41926624492 -15.3796453602 -9.09390144319 -14.2539785012 -3.69014910429 3.45600539027 -5.10619209534 -8.99382297073 17.7930514101 18.6909814241 2.83383130921 -46.4987284209 -26.3155094645 -6.93633144124 -19.3156708962 -2.66844898449 -22.8143402202 4.84690724887 0.275080275318 -0.738535187481 -4.25547222827
FOUL
19.2624843584 -5.75208387522 -38.9980387082 -21.2732923622 -16.6949274382 0.26012404563 -18.3870028494 6.24418971765 -28.8594943056 -29.0698102974 11.9122444726 -2.79126032347 -15.3264198803 18.5724696956 5.54438332707 -32.8761358043 -31.2083120589 -3.80246691571 11.9282415888 -21.5977678116 -0.0947886034132 -0.652244320421 -19.8876542669 3.85657837704 -3.92766903961 -0.723849194941
FULL
16.9637491183 10.1225522294 -8.87436012226 -40.6693981491 -26.5904389421 9.39819244675 -36.0029335104 -4.29920603858 -14.2409630659 -9.20602502539 -10.3041225837 -14.7806033164 1.89779522696 18.3550271765 10.3422481541 -10.2664585157 -44.0036384209 -22.6958630114 17.8913296743 -43.7343378037 9.15213381936 -5.33642936211 -3.68192955319 -6.88857937929 -15.6378513762 1.68184912836
GAP
19.2911956806 -4.34857455772 -21.724320718 -18.9059351353 -20.4819749141 5.11252218483 -4.73595933008 6.86660560844 -26.6341364108 -8.47418326742 9.87660982747 -14.2381430603 2.4107476053 17.4720340122 -5.51022360402 -25.4392794272 -19.5768351422 -8.83563032895 2.55321361854 -19.3375775299 7.75963841691 -18.1914048424 -18.6945594111 9.69838316798 -3.98716632058 -6.04661523774
GUIDE
18.6507978705 -2.84769644405 -31.4049037439 -12.9014911049 -23.0548265012 4.90017248835 -12.8602937312 -12.0435715464 -33.8318789645 -17.3260981994 4.3264564215 -0.974910782268 -21.0852489607 17.8484166247 0.0909519223688 -4.99684937366 -13.3714753559 -41.0779983159 1.28179546382 -4.10206057633 -1.17135605966 -20.5216888876 -3.33514073712 -12.5928904047 -3.98194134922 -4.59419245293
HEAD
18.9907054888 -0.0775727256947 -12.479943531 -22.2551852482 -33.3423340758 0.175350594215 0.404340235596 5.1899068182 -30.1921529584 -12.5054118027 1.70097906867 -1.51015092233 6.1907767104 18.1138081084 4.07162230801 -2.66312434408 -22.4425124241 -27.7059085729 -5.17272908786 -0.470005457785 11.0988572354 -19.3358205707 -2.57883929049 2.25521499689 -11.348644436 2.85382438124
HEAL
17.4915019048 -1.70479725267 19.3007156994 -14.8340093436 -52.5517105447 1.08615421581 -30.5772037181 -16.0550007196 -7.70678096336 -3.21912180866 -3.96058113533 10.4974199884 -17.6329456197 18.0313725739 0.12036040871 2.51384598353 -8.86980312217 -51.3128867279 -12.017327758 -10.4461850835 -5.56271823139 -4.99630527826 -3.41217548049 -5.51184856656 6.2135071249 -6.71805548958
HILL
18.375737819 -3.45139722395 4.51328205713 -17.4170064113 -46.771538416 -11.4094370449 1.52303563098 13.4982244482 -35.2427567906 -14.3476100738 -4.41608088107 -30.8707153565 -3.02763156294 18.7465080776 0.401088642417 -11.384904772 -26.3134041808 -33.6571759333 -16.131023744 -14.388948085 26.4353707169 -29.6476529305 -24.6495838492 2.62794887349 -9.24485583871 -11.1810196505
HOME
17.2656749209 7.34636384815 -20.7036760431 -27.5174077958 -14.7644020285 15.2797006564 -33.6852425305 17.493556855 -13.1091609363 2.6092468241 0.179448426805 -24.2987533118 12.102348638 16.7128884377 16.2017882011 -14.1518508667 -17.6158515788 -14.9744355987 -6.81477929819 -26.5147348308 -4.33924922386 -9.2516969754 4.2996260692 -0.0425050331307 -11.8581692888 11.153301777
KEEP
18.6112415936 -5.72357264744 38.2510195691 -13.8103154021 -30.0143782499 0.0681900686033 -41.0284910855 -0.768091452799 -9.18240464403 -8.11683923004 0.446743242575 5.73672162891 -10.2034878221 16.598184107 -6.04785539001 30.0135575679 -11.1739303104 -32.5697514757 -8.63839692974 -34.9294255959 -10.6757448836 -8.47444984387 -6.62478087127 -4.93165852181 9.22255789234 -9.54782488258
LIT
18.9872032566 3.42486992286 -1.0568405529 -15.2467176325 -39.1504553331 -15.2983929019 -2.81985661303 21.9575811394 -5.64480010386 10.8741163662 -1.60875958914 -13.7843928866 -1.8613118191 17.8441351781 3.21585223488 7.30411598784 -18.020022547 -48.5010025725 -18.4815745204 -7.45732225627 3.65549864353 -10.4944763941 8.04571385519 -13.1000632803 -10.0209825217 2.94344949062
LOUD
19.1860889365 -1.04342388195 -30.1295631659 -31.4348937069 -1.57579419271 6.23810513855 -25.1474141049 7.95433971355 -22.5065980637 -24.527038741 10.9612583779 6.02729131787 -17.6566997887 17.6545888489 4.33537684793 -23.2341627175 -30.0284491075 -14.5384829289 4.8745696412 -25.6235007582 13.6948146361 -8.01101350784 -33.1729021595 -4.62048307192 3.10247545206 -4.98412384255
LOVE
18.4029080268 1.86091854968 -24.2138520147 -18.5191449855 -11.2591382228 3.06745098482 -18.4922296503 22.4794236674 -12.2887258599 -25.279205275 -0.468248488623 15.8529106137 -6.47852346099 16.2616785807 7.42707820603 -16.6762847186 -22.946532405 -26.2706969626 -2.54313610856 -29.9792100749 13.4817604585 -10.3008192087 -39.6948393296 -2.90432230852 5.01204285447 -8.46705456235
LUCK
19.7966278674 -0.325590696988 -29.3279778374 -24.1750409638 -9.30504707886 8.1717990519 -25.0504056134 11.2714837547 -2.70928018887 -30.7319725145 -2.73065498222 9.20778480966 1.74390833237 17.883424429 0.25615586893 -18.2249118938 -21.1859763238 -9.97004953024 -3.87977499657 -20.5826468926 3.28257686097 -7.72713349278 -38.9790306352 -0.302297943917 5.94175129195 -13.3914461597
LULL
18.7261252326 1.86987219217 -16.9109187162 -53.1328669143 -17.4100214368 7.41718395482 -44.6496676967 17.5721847206 -10.7181293678 12.5704331334 -18.2023259258 -14.0969668122 0.811961623503 18.7743730876 -0.619437514222 -21.2349997078 -48.942800596 -8.6585002526 6.48597022028 -45.2631475163 14.1297313667 -12.4515099056 5.90821117826 -18.8227405419 -11.2703340389 14.0013968856
LUNG
18.7868710362 5.9873723515 -24.5023810007 -37.9161289157 -4.16795565339 7.50000548351 -29.8956445127 18.6241253384 -4.85644474241 3.49796348749 -20.9569059829 -11.9773638656 12.1165995045 16.3040051881 14.2093364108 -13.0944638218 -23.3345434259 -18.1333673453 -6.33700216461 -27.4552704764 0.350888800576 -2.95233684225 13.9930316061 -4.28246807009 -20.7058297906 6.08103620908
MAIN
18.2315623533 -5.81324565638 8.71537607032 -24.9797307972 -43.629306022 11.0417194669 -22.418203012 -7.09360147364 8.42777102782 10.4280338164 -13.9942433206 -14.7659911657 -3.70972052283 17.7565016098 -4.35093779385 5.06016274721 -21.231561583 -38.6618005646 8.62579822575 -32.6349740013 -5.73788917459 13.4223266559 6.87759643293 -14.7894907813 -12.3219510548 -0.367013383371
MATH
18.8208149649 -1.37898302873 -27.4728511756 -9.23761276066 -19.6178512913 -9.80360070366 -16.5804727419 22.1659764941 -29.9181602824 -14.6712950088 11.0581924817 0.227616409691 -0.523138491318 18.0817792979 2.91779041555 -28.8167306217 -20.5365983422 -8.41929071348 -2.8788998651 -17.4126630562 18.2130947242 -26.0145845321 -21.8432510729 6.22009073791 1.92109352989 -2.59524534908
MEAL
17.9848860146 -2.20966347999 14.4861168976 -21.1909321482 -39.5004594359 15.4889316444 -34.614794897 -25.2623875109 7.92697347818 10.5519500499 -6.68536738507 -1.85540302464 -6.8135390817 18.1779310473 -2.39772372482 1.33502428142 -19.3606577404 -40.0719947758 -0.452094068331 -11.1961029584 -1.57283151759 -15.3210126909 11.38022831 -1.12889625752 -12.1584795926 -12.3964484425
MILE
18.8234645475 6.1645038659 -30.8446648453 -32.1479764423 -8.80320798011 14.6866785327 -43.496793733 22.4888225846 -9.34206174065 -26.7701843285 -0.101759872963 -3.28123287894 10.7803932114 18.2532404803 3.23891642974 -19.5765552027 -23.5626958844 -24.1397032257 14.7257014377 -14.558774623 13.9963281011 -23.7856819992 -20.5868844629 10.0541642131 -3.61466828325 -0.893341422667
MILL
17.326284333 4.79063408239 -16.4198199152 7.34802885243 -26.0518352315 -42.2913743211 -32.423022049 -10.2470550194 -21.0390163092 0.572065038879 -10.2599824488 4.47894141286 -6.10446548708 18.475635019 2.06128665797 -10.5079646968 -23.0413527388 -28.7834970855 -14.4471089114 -13.1390046583 30.8484947794 -29.8776311947 -0.363188073072 5.36234237764 -20.1041238477 -6.8479315439
MOB
19.0314290106 5.33317772954 -31.7022125793 -26.7401892007 -17.1818894436 21.0743974914 -28.4257558618 7.79747952348 -15.3085147221 -4.98747821762 4.49000846988 -21.9385079595 16.3983318204 18.1697281567 8.26099446403 -31.1756877512 -30.2698388294 -13.9067989932 26.9038327311 -37.8342345503 0.394710376948 -8.39024866648 -14.9422722818 1.73733505729 -14.314601508 7.82555235982
PAL
16.8550271737 -23.2452318827 -16.2920128458 -5.26190378773 -16.160991248 10.5385048124 -1.87326051967 13.6369555388 -19.0630627908 -0.209841223174 0.129680136832 -10.1154682242 -1.12482944852 17.9470323155 -10.1401338912 -23.7248196509 -5.28605743153 -6.68940747492 2.37171298074 -26.3348227406 7.92216676237 -32.0571863608 -18.3220912893 4.32064943287 -10.4636579757 -13.1203883315
PEN
18.362382098 -0.214339991448 -13.469151953 -19.5734914553 -26.6611541415 -7.36131097727 1.57425987491 5.9116156899 -40.4597277291 -10.3074540197 6.00747988504 -18.0971992819 1.33258452999 17.4107018274 9.6481785497 -9.83704551591 -8.84572119515 -24.4216306119 -23.1366080317 -18.3116967616 -1.66477197023 -17.9494847964 8.85984051106 5.26601567971 -24.4417980542 8.04558919966
PIN
16.9543891064 -15.9684019623 -0.130260156502 -13.8496389309 -37.5706839613 12.9090349239 -3.69716335975 -5.14695718285 -11.8339019302 3.23533454601 -11.0874019949 -2.72400293544 -3.55684006827 17.8363445948 5.33607014355 -4.30549135788 -20.4034468503 -32.7412072157 -1.56502136458 -17.8103256535 -2.86602667224 -8.95011934672 11.4649738315 -17.5750368786 -18.0497908949 12.7106913231
POKE
19.0830167197 6.34151315323 -15.9505974636 -34.8347139458 -18.7005436536 6.45958923329 -31.8539370908 7.99493427025 14.697677764 -0.614478842456 -12.1610031687 -8.09836418442 -5.05765615169 16.5433816793 10.3863719573 1.2028081015 -37.2191696179 -21.6845330957 5.4368793687 -25.2620931284 -0.752597026492 -6.87609128425 9.88078397454 -1.29830317338 1.7648920125 -17.3461451781
POOL
17.40052882 12.929248212 0.291218043835 -58.2924767047 -27.4080271001 -11.1021139174 -27.3803486435 -8.87470668578 -38.883953638 2.82504386143 -6.74961354313 -8.90749375593 -16.895860569 17.8832984466 14.5014038016 -1.68705585807 -46.3058704368 -28.8133116593 -6.70449936532 -22.1375936276 -4.4424229302 -30.4338695521 7.72064152491 -0.54234413038 -3.20300983875 -7.70705619925
PULL
15.9349171793 -3.2511748657 -6.03728772682 -34.0437724095 -6.62091354939 17.8355728673 -28.5419305366 3.84499749438 1.11523712185 -19.0199897278 -3.20547256301 -5.89964294003 3.2432596711 18.9288804848 7.77281731208 -18.3018334113 -51.206296756 -17.8711142494 10.7368417359 -38.1486635267 -5.15502596409 -10.8740839549 -8.54766323697 -9.50321655653 -27.4658001416 -1.97433453643
RICE
19.6998119826 -9.62961270105 -21.2693460438 1.496710373 -44.7802864826 -3.006309422 1.45212364306 8.58325196841 -14.1554950808 -4.16846817078 -6.0730042527 -11.7600849202 3.62425330139 17.4903097412 -4.89430374034 12.6327715466 -4.85276232018 -53.6783919837 -5.00788820325 -16.3740289403 -10.0439769264 -3.92823382782 -0.719151485997 -12.442776291 -7.8755349798 -10.2613533651
RIP
19.3978245159 -1.06609724226 -25.333924343 7.93237193692 -47.3575477244 -17.7412817315 4.52366741928 13.2285527309 -9.99326493282 -1.41856256199 -2.43530770665 -13.7321112959 2.07657781964 17.6905432706 0.93236897478 -12.3996341237 -8.63891579781 -36.815807832 -8.10392451392 2.82488182725 12.4569620292 -5.74648505916 -14.7649305493 7.27288334404 -9.07972032908 -1.72681762144
SAIL
18.0865004389 -1.37574580056 2.58855747137 -12.5543832969 -45.7326800745 -14.7093730928 -6.08700567825 8.635224063 -7.84202665619 5.67367100115 -4.98474033281 -6.45871904565 -7.84823106712 18.0683278699 0.775244929992 3.08223963604 -17.2685476242 -52.8805620936 -0.513107905989 -9.68565851317 2.59101337841 1.49955151306 -1.78432551031 -11.232270852 -1.85859317432 -8.73577129632
SELL
17.532120918 3.44476196984 -21.1464569363 -18.1462065828 -22.8001872159 -6.09436510663 -7.39206531224 14.4596999373 -19.8542617608 -22.5909543535 6.17101007879 -7.22711533075 -15.6795332279 19.2541391532 -1.91775600216 -30.5206045964 -12.4513364955 -14.3227753278 0.566261143395 -3.18904338112 15.4342131505 -19.94199935 -25.236771783 16.59046656 -0.0674533136708 -10.4830308231
SOUR
19.5360735717 -6.62295712021 -34.0842503245 -6.20545700358 -18.330131778 3.90006537527 0.0808713902988 -2.89883458167 -14.6374262169 -16.7990065363 12.4147843392 3.61608674294 -13.2653380241 18.5718694036 3.87978307338 -35.1985209607 -18.0062757076 -20.5326349616 18.8734003027 -23.3821492371 -3.41656451448 6.2681579414 -21.425355902 -7.15907692312 1.20316934015 -0.0655615615621
SOUTH
19.1949671561 -3.37477070145 -36.3550501564 -11.9180508165 -12.5677570012 0.347655099795 -7.78285816099 -0.0976437368068 -12.5584821017 -23.3252075108 15.3431327872 3.27053293658 -8.38161311837 17.9162390497 7.09447933204 -22.2988808839 -22.2140734922 -14.0754599974 7.25541794016 -27.3038237835 6.92078494769 3.17945554917 -23.2772684978 -2.32799264302 -4.72556262144 4.60921357733
TAPE
18.5532341112 -4.10626283168 23.7275700697 -12.3068684281 -44.7768662755 -6.22592605215 -28.2155455213 -11.4222446969 4.6614142539 -7.14788270415 3.24771154359 2.95975424749 -19.0770418237 16.2285929851 -6.52920237014 20.7846878086 1.09125064666 -32.9305288651 -7.68994315863 -19.2093104813 -12.3670940375 -1.67945344556 -6.53999220969 -2.19919336652 -2.74322812185 -11.4842164359
TOOL
17.3690328201 -29.4306500223 -6.38849424807 -2.06415846694 -9.93499462461 -17.6506022272 -14.2960133995 23.9579577632 -3.81981915645 -14.5910105293 1.29477642381 2.81489627493 -5.79371416811 17.0452018537 -28.0168746459 -16.6826352164 -2.37443846595 -8.24070739272 -21.4716389393 -13.9938447603 17.5599290872 3.2327608635 -11.9493233752 -10.7375053975 4.3953735212 -0.692709608619
TOWN
18.2482026563 0.0909606241398 -21.9661909977 -11.6264247024 -24.5761418663 2.94611999024 -20.3652595291 17.1737758715 -23.827846278 -36.1460448387 11.7889484775 -4.65907820388 -0.126415914438 18.0279925528 13.7620410111 -22.1076178636 -23.9810245254 -20.4941132319 2.80730382876 -22.9308938261 8.51385291599 4.66982069334 -19.8599512439 1.25250888703 -14.8814958056 7.53726646705
TUBE
17.8819941044 -3.30449601889 2.53317457632 2.51477316295 -40.7817904635 -24.8557220338 -7.91537485149 5.77392346008 -3.14762017902 4.37658225909 -2.66451042653 -6.45629823325 -7.6229897116 17.6563582848 0.404450622592 -3.60229263468 -0.917953009299 -33.0379342388 -26.9892838461 -19.1358350897 10.1334002879 6.1533216774 -9.55319099819 0.877377570458 0.873689098008 -16.0331050257
VOICE
18.7852831059 0.653572715227 -18.6908393631 -31.8968345491 -24.6944321833 6.24028609921 -41.6698882532 18.0767963115 13.794729561 -6.50438546517 -14.8665102742 -9.0991771871 -2.56740553085 17.0878337619 -2.45853837273 -7.23787255545 -7.23435305895 -43.9751189326 -14.4817793777 -12.2805733686 10.5158336645 -9.30147011373 -2.76719541761 -6.6576684448 -10.3861654044 -12.1490954025
VOID
18.4582428165 7.79970658705 -15.5609937262 -33.4738957361 -25.0685258489 16.8075038385 -28.7232382543 -1.72045229411 8.5069768878 -8.05278246071 9.88959780972 -22.3351289473 -3.12789536443 17.3724277465 0.016261697561 -12.900049137 -9.89147028927 -41.4789262729 -8.49543394058 -3.98977095658 8.19888532703 -8.15960768829 -17.6035711363 1.57889722176 -8.84688460253 -5.13781052142
WALK
19.6383328644 7.53532781718 -29.6629150595 -39.195700878 1.06045847921 25.445214948 -16.7473951494 -5.34180805961 -6.82524106383 1.84268456891 3.53810587878 -11.9863404269 3.74386740973 18.1903201826 4.33818711971 -28.8885839759 -34.9732868942 0.146860888317 16.8770211052 -27.5446235818 -10.9735273145 -2.5996376731 -2.54696737821 -4.067744099 -10.6289106452 1.55003691637
WALL
18.7024150691 12.8610437971 -25.985674749 -48.5802711588 -5.6064653614 20.7746679324 -18.4879628441 -4.1852211871 -15.0012566426 0.54196822365 -3.24653121319 -9.77461922495 3.74871319762 18.0996580161 14.031823209 -19.9683642699 -56.6108830848 -4.99749566902 13.3941469497 -21.0128249798 -4.83068136419 -22.7987260382 4.91807781459 -10.7652870071 -8.70550342884 -0.517251667914
WET
19.4461509001 -4.5619634824 -27.161203367 -17.1629172184 -25.9593825889 -9.37002140194 -0.00802424170034 21.933527307 -31.0275429349 -6.30916622346 -2.29535267401 -1.15816010932 -1.60510313186 18.6695681342 -2.70544014276 -20.26016646 -19.0074643265 -31.9862786357 -5.18246656975 5.03400972529 10.8533129468 -28.9845491641 -3.31688496705 -3.17396462036 -7.71215014037 6.34034895486
WOOL
17.6042724096 17.5660734098 0.676215465438 -40.2407766462 -33.7488524222 -6.22976042017 -19.1850192567 6.44474832464 -24.7562812772 -4.51521055586 -0.300258143436 6.52956238001 6.56319638156 18.1641362901 14.9450675321 1.81313058787 -46.1595234877 -29.4344791236 4.11426870736 -22.1117003859 13.0211184398 -23.9921950522 5.70947834118 0.841487060638 -0.238300493465 1.17173746669
WRONG
18.923170776 9.68396088467 -38.7655014777 -22.7483729901 -9.28916323677 3.40122480491 -7.81305273405 -5.461611386 -4.80719171498 -3.78455401598 -8.48712837428 -0.818692902736 7.60861144335 17.7684668028 12.4308785558 -35.7006747707 -19.3471430271 -12.2017140488 -1.82806547664 -13.3983312372 1.62447977379 -0.681333040707 -11.4991998077 -0.94210304094 -8.58937972108 6.68726099605
