HAD
15.9317508036 -5.61760866182 -17.8306281963 -3.89915979494 -29.7048274753 -12.4000070411 6.90431755573 19.4851310948 -10.3839952094 -8.78741225668 -18.452382868 10.2672719099 -7.61130844647 17.7631660004 5.09231823981 -16.5940626812 -5.77574773964 -40.9235934441 -12.5588764277 0.307954141667 18.7088040529 -9.69530908385 -8.28609674534 -19.9631455187 5.70344708795 -7.16260949701
HAYED
15.890630168 -10.4236788372 -1.73931877729 11.4352959182 -54.7516437884 -8.56056502357 -1.58856303947 5.4540669543 -17.2667933689 6.97335981936 -2.32575150517 -6.12657853545 -0.397202032215 17.1070666859 1.84569530555 13.0463832527 12.6004474592 -56.6935517796 -11.4740730363 -23.4516557288 -6.18259338093 -22.3317253102 8.48233436967 -5.81738756848 3.77198102808 3.5453138617
HEAD
18.6127598285 -8.70996753743 21.4295855883 20.2420104589 -44.5633187749 -2.99800290513 -39.13021805 -0.0412738516672 -37.1004948887 1.8756328942 2.95965070544 -11.8414480231 8.97267577574 17.827998877 -7.8818659975 23.1644097749 14.8426320631 -43.5124180745 -3.08586531084 -37.8575135301 -6.98014468922 -39.8266255885 4.69594192101 -6.64233965093 -10.1860687105 10.9140654766
HEED
18.3011906416 -9.12899266925 27.9318186228 18.0798460509 -46.1400913344 3.8242036115 -38.3361940393 -9.8713384818 -32.0679362563 -4.32138442672 -3.83729191981 -10.1562542449 5.41277074129 16.7914687309 -5.75068310385 30.8398201989 18.2094181775 -35.4818779075 -3.47453802508 -25.5468706066 -15.5506173491 -26.2644385917 -4.17875060778 -8.3437647736 -9.15411504871 -2.20492050932
HID
17.9462021424 1.24932514273 0.648038959109 10.3433427797 -53.6085030535 -19.6688228696 -21.0720802627 3.1489527475 -11.0214756631 15.4280774288 -2.45328982593 7.11659372216 -6.25717498763 17.8927729115 4.36781318195 -1.84009770641 6.86106004821 -49.3842998936 -23.7161024843 -22.9466554528 10.0473426983 -12.6248312976 9.63920102439 -0.136865069889 4.80183220941 -5.1726220161
HOD
18.0657076208 13.3666362071 -16.6667072074 -25.182303511 -37.6304003816 19.6645496174 1.31996202122 -7.56423305152 4.39157624376 -7.33260387267 -10.556317088 -13.9932592081 3.20914339909 17.7470625911 11.7911447548 -19.9185379591 -17.7486062407 -37.8782888204 4.31169072362 -8.28863563903 -1.22548103791 10.3559977158 -5.92477971552 -14.8181187454 -18.4019241677 5.86212195756
HOED
15.5977265169 12.9870257402 -6.64181790656 -18.1953409491 -27.9441125424 -3.64087162284 -7.48687030992 -12.6324118238 -12.3181770053 10.7538179586 5.91094527163 -14.3376569218 2.17197082925 16.6029691454 19.4046110268 1.66460547222 -14.1960182942 -28.1100761451 -7.0064550188 -17.9680177579 -16.3761648967 -23.7264127998 -8.59503919407 13.0573942945 -4.04822348481 14.1278995613
HOOD
16.9955025443 14.1461575548 -3.87610246376 -10.628609955 -32.2042256541 -9.83870226884 -31.5355621222 4.94522709738 1.72086661722 13.7696622989 -7.66716699093 -22.120779819 6.87066851961 18.0431418932 13.34839727 -11.7612816929 -4.32528542026 -35.7495107804 -14.9025978121 -40.3842364754 6.91792475763 8.41016332508 0.343512012215 -4.29359757358 -10.7579023328 14.2293922596
HUD
18.2815811602 13.6983156139 -14.9836896041 -20.8261073112 -36.6722366532 -2.91323517026 -8.04527381185 11.940045399 3.30032895644 2.70519713893 -18.5135697073 -17.4457042529 8.23836194815 17.7465380327 9.94482942869 -0.120340199536 -12.1955123848 -40.1213322529 -11.6163042685 -24.3739536188 19.7118120943 2.31447785861 9.65313859598 -21.172747305 2.50908925326 -4.820209573
WHO'D
17.0241710397 19.1059583427 9.23637796794 -11.6399977174 -28.7245501876 -0.243401527208 -26.2672512344 -13.6524415009 -37.064203809 3.64512857382 19.4683068827 -8.25944128518 16.9119472832 16.467283362 14.8831843503 9.26359908867 2.06796890501 -28.585627941 -9.92200647356 -27.4485309839 -16.6554187923 -24.5640723404 -3.73755221955 13.5461921207 -10.6555350841 13.881612299
