BEAN
19.149675288 -10.7482438098 23.9454296248 -1.87639515306 -48.9901446073 5.12269517518 -30.181166067 -15.3954906768 4.13424150596 -7.58232538279 -8.22625392562 1.72532327599 -26.2726841896 17.1798557021 -7.60214164741 33.5406245642 -4.25642162042 -31.1655615112 13.5881934234 -34.0097187268 -6.09536744112 -11.6465807137 -28.1921936823 -16.4755508234 0.483664754464 -19.6543011352
BITE
19.6615697004 -2.10677445995 -35.8329784592 -4.03956754419 -19.5822456445 0.882488143533 8.64039457565 -4.47871012081 -10.4846961082 -14.490618246 5.26188480142 1.11583320536 -4.69055451273 16.2330298076 -1.96521407677 13.0239324312 -2.57812608343 -50.0875129388 2.39110114057 -14.8914777206 -10.4693528418 -6.81518083711 -6.17191859326 -5.96068763 -1.10183841361 -11.709061373
BOAT
18.8948737498 10.0216397549 -17.4185631471 -23.695435521 -25.2336023876 -3.18349553063 -5.88634052163 19.5716055618 -5.55766344878 -17.8852475148 -8.84489330907 4.08389104175 -8.20252373956 16.292148929 8.71418063411 -2.83900392056 -19.3556111301 -25.2490352422 -7.04805787982 -29.7745126088 -1.84716266472 10.7309033611 -8.54874776286 -17.1883307378 10.1225749358 -19.2782516642
BOIL
17.5954137137 13.6844718456 -11.8498391594 -29.1681692647 -25.9663850687 5.57224021206 -10.7268583668 1.09017771271 -2.53721661698 1.81074725581 3.54985522274 -8.35415969962 -8.38793408881 18.1025442049 9.2401250173 -14.419826714 -24.8856523509 -29.5408909926 4.55145784968 -9.32688871957 6.08031882324 3.6514240153 -6.93595734444 -5.12906002118 -4.40234123109 -8.45402355465
BULL
17.9306785999 9.72118482765 -1.36762282848 -40.4576123069 -28.5080721345 10.9054617878 -23.4707096222 -4.09651923735 -7.07867875797 2.63829347557 -15.631272113 -0.633119687902 -10.6769158924 18.3697659336 10.0284455759 -6.34350467603 -44.3308769524 -33.6604332108 8.58874790789 -24.5576356266 -1.19523002874 -15.2388728912 -4.08248249302 -12.3408775909 -8.00049643588 -3.72002906733
CAB
17.9665671555 -12.2291323486 -17.8781442583 -8.54753716395 -25.4146176506 -1.52688137061 16.1273898369 -19.3485400012 -6.63939799106 -14.3203978143 -2.27356373133 1.09039705232 -3.47809626133 18.3192117656 3.55133644162 -28.4907868851 -15.3550514299 -15.4038566243 -8.83022926854 4.66268067661 -8.8928729888 -13.4756225475 -24.8773913053 8.84225197963 -1.58672171998 -9.76040437895
CALM
17.5006717697 -5.34047691587 -24.0154842474 -17.7979170111 -5.27398074664 15.1581710313 -12.679693637 -2.68409024522 -7.26921690444 -12.3509695805 -10.968478051 0.913292837058 -6.23802525182 18.5431413967 8.01022445275 -24.8873163963 -20.4228531249 -5.6770461311 23.336986255 -3.43256312234 -19.5309884027 -34.1359614059 -9.35356248758 -9.4472715025 -2.92565710031 -12.8542471173
CAUGHT
16.0253818272 -13.6730576923 -21.5542263754 -13.682767087 12.4383348241 -4.45041937639 -3.9447316664 3.79969080601 -2.92977850248 -7.81732309818 -8.3524445138 3.02929687759 -7.26172034173 18.4464293407 2.74400246315 -30.3368057951 -20.4138632468 -10.9176080523 10.0875775012 -6.41619080523 -18.2349300725 -12.1373494928 0.266901277015 -20.6709719754 1.70859903792 -3.70318527773
COAL
18.5353198372 12.9022875532 -10.306744476 -43.328699357 -29.865562416 25.6575484265 -13.2713613382 7.22121280737 -15.548133412 -5.28906376846 -2.37417000637 -6.60757301795 -11.3920281508 15.8459245499 11.6240381983 -0.0567099596589 -32.6434207961 -25.0000373224 13.1822333944 -18.7085037987 -4.71253004088 -23.5669107005 -5.73299543956 -6.48371139895 -5.65242179144 -12.3406181799
CODE
18.8268644243 5.13307988015 -24.3572629526 -18.655870719 -23.5373236462 1.07795414398 -8.18533239814 13.5213143264 9.92192871295 -18.9985652059 -24.2797203221 8.90756872867 -6.65177705334 16.7852649087 7.61473518849 -9.86363369393 -14.7334636814 -29.7334915156 -8.45108644387 -22.9021342076 1.58072129777 4.50719907596 -3.68112294065 -13.1295907823 6.02967774957 -15.1490651802
COIN
18.535248541 9.41561509506 -22.4357148394 -20.0257762231 -8.70731151803 18.3818915566 -3.16994948817 -5.48015409063 -38.6429583239 -12.3371911274 -15.5220294551 2.53979997029 -9.09249623904 18.1240412393 -1.76529379243 -9.79884099149 -6.44625484852 -32.3443879891 18.0254826031 5.50576632624 -7.62977564398 -41.3431615521 -16.8171198645 -15.1389854468 -0.662360273748 -15.3124845095
CON
17.1420819512 -10.7639534955 -30.6401592584 -17.3021706444 8.8675293341 -4.74046853702 -17.7861126873 -3.8720745386 -3.8501711401 -8.22890578058 -10.5006360586 11.4835210754 -4.01203743382 18.9543003236 2.34071248342 -35.5678004695 -18.7267500864 6.75484955657 7.43591165544 -16.1456030943 -20.7371712635 -20.5136164438 -5.11772069068 -18.9726987158 1.36981955603 -10.3226000035
COOL
17.5715294229 17.6716262576 -1.48270489668 -34.3747589389 -27.3011820346 5.293363901 -11.4879668425 -13.4097369307 -15.3195788647 4.19074645512 -1.70854838553 7.94123939782 -24.0681054548 12.5343173973 -8.67410116632 2.00977911421 -6.60152325894 -8.85522368456 3.0765947029 -16.466905977 -3.0619606654 -23.4293231331 -7.6374783676 -10.1375004646 3.03043977834 -1.03734803523
COT
16.3724470194 -13.3633887863 -27.685946027 -12.1908356077 5.2548178401 -4.90064031893 -5.44938799468 -1.72581596912 -6.09704551693 -6.96750862847 -14.0897637522 4.50704120605 -7.97782814794 19.1869948279 2.57714420036 -42.0069663789 -13.8154172235 -3.11524913136 2.80247467381 -2.98501010678 -9.78042361176 -12.5191257417 0.418665014071 -12.9786123361 1.62480962717 -3.95796268695
COUGH
16.3365267536 -11.2271567863 -27.8339571572 -15.9693555086 3.40188255901 -1.29760721832 -7.72819793588 -3.11332224371 -3.81227459852 -4.3860092393 -17.8198914965 1.10222680755 -7.15633677581 18.0236785664 -0.310929183942 -27.1188938178 -19.8672021116 -1.31935113509 8.04510823828 -10.7724635153 -12.2926215742 -15.6631440877 0.494562529467 -13.6550496335 -5.40991663987 1.69622772571
DEATH
18.1432933705 2.70167406363 -12.9587830101 -10.7280796419 -38.7840195831 6.14738122844 -1.52055830264 4.48351932861 -29.2288198448 -10.6354105582 -0.820348202427 -11.0873031161 -8.62347258971 14.2425348804 -13.3985699393 -3.75149432214 -4.57030645072 -11.410990687 -5.34183312404 -4.83783543252 0.120077334989 -15.0684947351 -4.38750780075 -5.87626037838 -1.29755063204 -12.7550601829
DIG
18.37609376 0.904975577164 -4.3207942249 -16.3198265746 -49.8615328644 -5.58051386506 -10.618748736 -4.48692474325 -14.0978071402 11.188703655 -10.7501220955 -2.19462049455 -2.86070395487 17.4233667064 -1.52701066058 8.69475800665 -12.3436389044 -42.4607883825 -4.90131655718 -10.9819249065 -5.33320775307 -13.514169026 5.11387933676 -4.24088291563 -6.69793239328 -5.23870184901
DIME
19.0635972283 -5.30221133611 -31.3991156261 -8.73482272506 -14.7314306622 6.95672519149 -7.93090238146 7.22158156503 -22.3971501722 -11.54411409 2.65772130778 0.522026230571 -11.4027647133 17.5391474462 -0.557726236477 -28.2489333116 -1.11747062544 -17.2654556924 7.52836695414 -5.25500188456 -12.679274752 -41.6330167021 -7.03122480659 0.863883991966 -5.12664264092 -16.055886024
DOCK
18.8631997933 0.98364465603 -27.4673313828 -18.7602895848 -21.9470418249 -0.890644246887 -12.9780456867 1.26761049581 -14.8570030622 -18.8450412498 -1.89511201675 5.65356563615 -7.44729057446 15.3315877105 -3.20613377013 -21.0981111244 -7.16361297232 -2.44236310021 1.97704686846 -22.5465583147 -10.3841603113 -4.50419464078 -17.718081001 -17.1171561593 3.87166077969 1.52101511141
DOLL
17.915661807 10.5731008602 -17.0893073121 -32.0858315919 -24.9669643907 21.6677756477 -10.9835367107 -4.93672536762 -10.2213663357 -17.0708607433 0.808236138531 -3.5408328075 -4.07950413836 13.5955365743 -10.4997624608 -9.76859005232 -16.5598218461 -12.7278986345 22.2637525909 -22.836174502 1.11961765239 -31.2603281553 2.61372815822 -1.42082920048 -0.533980673304 6.64302052516
DOUBT
19.1221232069 5.40879962556 -30.5512955656 -15.8159128817 -14.047991324 5.69721651908 0.0786964225059 -6.75828724444 -20.1403362995 -17.0800865714 17.5461783282 0.299921168191 -6.84127759232 16.6001833434 6.16670316831 -20.4604746272 -20.624591098 -17.017550035 8.72508145883 -27.1419687145 -1.3331725215 -1.7937122894 -17.3689691096 -10.0276275159 -4.48201155595 -5.0993968257
DULL
17.868860238 2.87280898024 -6.3719276378 -10.9815212915 -39.8543932598 -6.47215280251 -18.1392750321 14.6669215275 -2.57878457759 -7.45873829081 -6.39708043414 -0.416606594667 -13.2698947379 18.3462234692 9.59322126301 -7.40472369325 -20.4329794717 -29.4527413733 -3.23366957911 -11.8365481997 18.8429999274 -1.92481331719 -10.4062727173 -24.2970882327 15.7394368141 -3.57960790386
FADE
18.5769587437 2.21894143231 -16.0467242257 -10.6656079741 -45.2755862968 5.52699037748 6.68594281523 1.33859140997 -10.7705743852 -17.3233889988 -10.4829936328 -5.20028751477 -3.59429481328 17.2444707115 1.4131303411 7.31636475757 -8.11691619644 -55.8961813803 0.225336509252 -8.38029339145 -5.468526604 -5.47425827126 -4.91236453746 -17.5430926698 7.41353958339 -9.80883469612
FAIL
17.3236367162 0.677258602747 -10.6542910904 -9.57012995796 -47.3588440947 0.349758558322 5.37930440464 -2.0810794404 -4.89377033087 -10.5445000043 -12.0673144494 -5.72180627361 -4.55086417299 18.4294217162 0.707567580432 -8.64900271029 -8.91848245299 -59.2157149531 6.59734074256 8.11412452384 -8.14987850577 -1.23623075354 -8.05269468617 -12.2671254278 -7.44404129935 0.796663047254
FEED
17.8547206773 -8.2969047988 14.9546076203 -2.62824206448 -47.6053151765 -4.5832108329 -19.4378499413 -12.7193324463 1.50352539799 -2.89891152623 -12.0999251164 6.66610594396 -18.3323844756 18.0615652647 -5.43330109525 20.0005110928 -0.192925509635 -52.4718610983 2.69024955328 -20.2500378409 -19.5391086159 8.83067340875 -13.5917136243 -8.64282101239 -2.4078128271 -27.299862752
FELL
17.1527639896 -0.599254040057 -18.1674375452 -17.0932336215 -30.5294154729 5.11556285662 -10.0658632153 8.98823135498 -18.7574003313 -21.9789724658 4.42683441281 -1.83453472394 -14.4046444809 18.9259127667 8.22453557983 -23.0973790388 -22.6496886889 -24.6398976517 16.7698357958 -11.1323717859 9.22714081476 -23.2443921809 -22.4393767075 7.49452784969 0.941584311016 -8.78383886631
FIRE
18.6171636238 4.1955607425 -34.5876853195 -6.49360175303 -22.1616064316 -3.61137136152 12.4270795801 -9.37627639888 -16.1776327308 -13.7064375746 -1.76101680022 -1.66092710224 -5.91310848269 14.6334431659 -13.1251978952 -16.2350825385 7.03994168713 -24.9537524054 -3.05548967048 -6.18822275778 -9.81463809014 -27.4394794823 -5.88511661105 9.53745154187 -2.55173533172 1.09268867876
FOOL
17.8865043148 17.7785105032 -5.26494071921 -30.0459911614 -35.572128091 12.1439959295 -13.9165329844 -13.9876159761 -3.88076212662 8.46353051828 7.7197965258 6.81967039079 -24.7373541962 16.1956586719 4.82841768579 -9.01294058013 -25.0730975479 -16.6753558445 10.4067375724 -21.1892448273 -20.8324263943 -4.30280909308 3.90925753796 -18.8732025054 -2.52122331567 -20.6023680647
FOUL
19.1319841824 4.55447125794 -42.6072410554 -6.90611753959 -12.1945474143 -3.71906473587 6.11454886923 -6.92293745876 -15.97841968 -12.1909761852 1.36663945714 7.20440312467 -9.97201303234 18.3420164372 7.71122556309 -34.9109850355 -21.3689774303 -13.27867543 5.74381250851 -5.57593429295 -19.4754882701 -4.11527854477 -18.2597453748 -7.19837753192 3.09921447889 -4.09478687633
FULL
18.3433594005 8.03758417176 -11.0065291206 -42.3686182865 -31.6537526989 20.8282384537 -23.7020345915 -4.51590306285 2.36973242496 5.21675121976 -0.570010435894 -12.2827001824 -13.3416589393 19.4842023348 4.7461058224 -13.7252208235 -38.131169966 -27.7134845077 30.9199895323 -16.8967225731 -4.30853522621 -0.24522375222 2.90948410547 1.41382264152 -8.52718498873 -16.5914669723
GAP
19.235531921 -3.41172089719 -10.1678975025 -10.6229042189 -46.2879543835 9.85669589569 1.19096365094 -23.3344936828 -10.0219747661 -14.6384211884 -4.20387297543 -4.60779706629 -3.00824688815 17.1662741322 -0.502718415729 -19.3127050377 1.84283507358 -22.0898759321 -2.36939578622 -4.05413181229 -17.2683926264 -20.6767544037 -7.90531157538 -5.4038885441 -5.91813819596 -12.8294725018
GUIDE
18.6191604105 1.63335068247 -32.9989212546 -7.83498505806 -27.063182781 1.972967843 -12.1141341522 -9.61712689023 -24.3014622396 -1.21740738535 -6.62921437473 10.5178331675 -16.8014604923 17.5397350961 0.37548816636 -9.70144018866 -5.8033099609 -47.6238309918 -7.2244002086 3.54358881558 -7.41993993296 -19.8671711883 -9.52042764705 -6.10356640373 5.13561305739 -18.5983468745
HEAD
19.0386648321 1.01013216569 -24.1064234567 -15.4035643702 -33.4431391501 4.4344120366 8.88064789627 6.31420178268 -17.3227690946 -16.0515973107 -1.5905446414 -14.9788522238 -1.02754357906 18.1839512115 6.18875553109 -18.989128754 -17.0125555106 -33.8781203801 -0.651427932769 2.37171027262 13.1666432868 -22.1649086792 -18.2776720065 -2.80240593164 -7.85652537135 -6.08258428425
HEAL
17.9520861072 -8.16524630608 24.7794411782 -2.45983192704 -52.9769447017 -1.50350346535 -30.5528706204 -15.1952826856 -6.6151062236 8.56679152618 -12.9299259636 13.9606935894 -5.66217146182 18.5008597499 -2.5072387578 6.54014741744 -3.4308169897 -49.9223850641 -13.4206612334 -10.217346104 -1.76311891471 -12.2313001692 17.4532252986 -4.46096113975 10.1754613065 -9.72856280317
HILL
15.0985258223 -26.1006233547 -6.16780238155 4.95297496284 -34.0184318614 9.78919777889 -11.5899514572 -0.148260763675 -25.413565539 3.05439146537 14.4185118639 -7.42017218154 -5.47111380439 17.9754939424 -0.326332938551 -12.9687354291 -11.3523523343 -34.5497390627 -11.2274309854 -14.8575744863 21.6578508304 -13.7173599132 -7.43338748068 -1.29856382529 -2.9732904715 -20.0393258413
HOME
18.9589441346 3.83036948225 -20.0375083355 -31.80660945 -13.7202192013 27.6347880311 -3.97905844075 -9.24887999673 -25.4835056588 -5.63467931587 -16.055364434 -8.32999821498 -8.69809710554 16.6545653039 8.49106095537 0.397269912077 -11.1153099364 -27.0642245265 7.70727564618 -2.61168587181 -13.3381315591 -18.5192768992 -20.8203603039 -17.0750710836 1.04061733357 -15.674945487
KEEP
18.3627821169 -19.0331446394 21.9342325253 -10.5595119342 -31.6112110292 5.44376705341 -29.6067094121 -3.88379052025 -4.24180740415 -10.2752513617 -5.69952062082 1.54149394104 -7.4030841638 17.6396662718 -10.998681157 21.065935126 -3.29475298597 -33.0468471951 -2.54611417284 -23.2495639277 -11.50532649 -2.64921045471 -4.83626606472 -15.1997060934 5.76243547237 -20.0328411242
LIT
18.9387783293 -2.83816768821 -7.37356709844 -18.6670063096 -35.0360999251 -10.3444696583 -10.927877048 16.2947116544 -22.0830283939 0.517016285866 -5.50353526878 -8.56821480434 -6.90621944416 17.8091747218 -3.40401351905 -3.11059285992 -19.526836537 -28.616741347 -7.96461719189 -12.9285647352 6.48828648016 -26.7681509637 4.84340368206 -11.0567765051 -12.0438644345 -7.25773704996
LOUD
19.0547247365 4.39499536713 -38.6926694528 -13.2786188734 -19.4800534644 1.49103567239 -15.0577117643 -3.53261301335 -14.4469619012 -19.7778693121 6.22971543319 8.05262775106 -16.7756684951 18.0112566125 9.89914866557 -25.6634944495 -19.6280638386 -25.2532101176 9.59285814511 -13.6526099432 5.66421893595 -8.816165707 -15.0532228641 -6.68966747572 7.54356828511 -9.37347644077
LOVE
18.8851174202 4.63288544323 -16.930602247 -30.6376957666 -19.7697298288 10.9512290057 -14.0156496658 12.3434861382 -25.3473942861 -12.4746807904 -9.14791372558 6.98452858943 -11.4631490664 17.6249673614 7.87503965486 -10.5126217501 -25.9461731498 -24.8808550067 2.6329459032 -23.2103694292 10.171013213 -16.0256312857 -16.1968234531 -14.4766737006 6.95390640928 -11.4459663748
LUCK
19.5690659245 4.84009709367 -17.9572787757 -29.5913510048 -20.6108974377 24.7755737733 -10.2683469984 7.9111569726 -14.5461973936 -20.1415938468 -2.98314075436 4.38570078799 -15.2153516677 15.7930773985 -4.40534856682 -15.4899846744 -12.9648937307 -15.8038851441 0.764038800758 -25.3727841561 2.69099297982 -7.28742731737 -21.6696565232 -13.7896702288 10.3322628013 -12.201862426
LULL
19.1501265448 10.2026203178 -22.3319671742 -50.9222881843 -17.5238302961 6.34144522127 -34.7428479681 3.95865898118 -4.06563735848 16.7406444005 -15.1624491885 -20.2464067338 -13.9003916967 19.113655464 11.1604609319 -23.5759765981 -51.8631834535 -21.8293016217 9.72499027747 -27.8021421537 -5.34149391473 -1.50685863064 14.433346499 -15.3108311713 -19.1355671768 -7.0236577576
LUNG
19.771231975 -0.301914394223 -28.8230956209 -34.7236155732 6.18764428924 18.0464640855 -32.2211435094 17.2237892687 -27.1377279764 -8.94795716769 -17.6439017306 -0.656047693359 9.29939831265 17.7696113919 6.27778706729 -24.4311413502 -34.5250803267 2.6112142678 13.4198186906 -36.6493832316 -4.38831816033 -37.4464638062 1.40309729264 -22.0315456264 -2.83988223469 3.02290108736
MAIN
18.7131985556 -3.00426364645 -13.0857714698 -8.85578638865 -40.9367581144 22.9447881974 3.6583787091 -7.78086280367 -34.7752488552 -11.8958325946 -20.0923929862 -4.47403950717 -0.129660504286 18.0386936411 -7.51099990316 8.21536235044 -9.86084159942 -45.3488471154 29.1923404071 -8.55777224024 -15.9795221163 -18.487278444 -18.0121289357 -20.927111901 -7.46955076955 -7.51366043929
MATH
17.5662561306 2.34021603748 -17.0786329794 2.34990800937 -28.2147526348 -7.60877268912 -11.2045072565 -5.74985866565 -35.6095029188 -13.9374495258 -7.23322726458 6.36026623402 -12.9545966488 18.1227013244 -7.67147823186 -22.6716162016 1.06556945134 -17.3670599703 12.64999291 -20.4112171783 -3.98243947936 -33.690913814 -17.5819385589 -4.43288033676 2.26127975246 -18.6013550582
MEAL
15.487368794 2.92537730333 14.4334411092 4.63834727285 -33.1554062921 0.641964156039 -12.6442376118 -19.9558324905 -13.1977838321 -10.6470782892 -24.0550637289 -2.15416087352 -8.21879552889 18.1293733409 -5.74245092077 7.35293238395 -16.9786469766 -34.9029037719 25.7158189778 -10.4699871175 -13.731188615 -13.2861650679 -15.9407565028 -37.7476267586 5.54633660327 -18.420268014
MILE
19.350862062 0.324690634015 -44.640861882 -1.35154584174 1.52811077426 15.9821618771 -12.9386699944 -19.2645362966 -21.4766098283 -18.2001944876 -3.89394046552 -6.33218383295 -8.42734131001 18.736822343 -1.22850518829 -35.7531705698 -5.12505758229 -9.36086519854 23.2186891246 -7.85126090271 -16.2566375946 -30.2679963724 -15.8393697978 -5.51537215196 -5.70431837476 -10.2560238266
MILL
16.1571230992 -3.31228977944 2.46845254335 18.0347674704 -40.5210610802 -17.1337632264 -9.47978132654 -4.86475722168 -10.8698130545 -18.2136187092 -19.2551813526 5.98590873401 -25.5755844917 18.9012543956 -5.07751156016 -15.8945798356 -9.66943504681 -29.3366862497 -5.02229404768 0.428868536852 26.5969739886 -26.3256468629 -16.4662993645 -7.43326704582 -13.5131870568 -15.209194717
MOB
19.0605424048 3.63637375985 -37.8669277931 -11.8589672832 3.45956041011 11.4580471115 -13.2361748434 -4.46627577122 -23.7599051539 -16.1148809883 -1.82148360139 -8.18323847795 -0.426710142418 18.8592681686 3.57514700157 -34.2721226639 -17.1387036816 4.9277269727 12.2695777893 -7.32908806949 -12.225377672 -17.759748216 -25.9880968312 -11.8527216668 -8.51298453736 5.44627706483
PAL
16.7611109804 -16.7506135313 -29.6739474718 -8.4552198221 -6.82351073363 2.51945446211 10.645232356 -16.9342429163 -19.3915838841 -6.31896486771 -2.03220787492 7.39422452717 -14.8679237289 18.9782065479 8.09965166578 -40.499429715 -16.9839478615 1.99340136218 -2.21484193158 -2.48020659003 -14.8006893332 -4.54046816308 -15.9291127634 -2.33373385862 6.83120884764 -16.4775581462
PEN
18.4342336038 -12.1641454592 -13.2531877287 -3.24245383279 -39.0663636931 8.19286804346 -0.862246069797 2.12127410931 -23.7577558806 -8.61028332271 4.12514718923 -15.1014768163 -8.86283796258 18.9452459409 -1.17563649099 -21.6313686904 -7.63813541119 -23.2052815437 13.4104037888 0.23443603764 0.819890326001 -41.7057086262 -18.9800211268 4.29130936281 -18.1130766576 -4.47082170092
PIN
18.5153820338 -14.2143043948 -4.22721676313 -3.36266815011 -40.1320134226 8.96699064419 -5.51008399092 3.63631587985 -30.1598165255 -3.36238584862 -6.00980648143 -13.6422618402 -1.53783294565 18.3761639513 -3.25144705962 -7.08389217219 -9.32520079198 -24.0306300032 5.84872650848 2.16702530582 5.87856455026 -64.1990828399 -0.522414099702 -10.1326419413 -13.8103129648 -3.14894300713
POKE
18.0609054636 -6.74311488415 -26.1853135806 -14.804186873 -15.1276044247 1.14475315251 -6.32270800245 11.6628934417 -7.72180623978 -16.5185728536 -4.63527790074 7.09340108573 -9.41228819047 15.9879234537 6.06552755442 -7.39689384724 -27.8591554226 -15.5743282209 -4.06704586375 -27.1657231984 -8.89441638837 0.165165765594 8.30530852196 -13.8705774387 7.70668346435 -21.7841896019
POOL
15.2247490681 -17.9219308718 -26.6569925965 4.07782964079 4.77889638955 -9.08646924566 -27.7815459118 3.3400191356 13.6550203176 2.60380697451 -8.58383979423 -6.46653082147 -0.0290113090611 15.0503605156 -18.9034551579 -22.8049650494 -0.0897899974148 7.81589372819 6.49099985394 -32.5906703519 -2.82786793579 4.4229620752 1.05066878741 -11.1608666315 -16.4388969892 -2.55804377732
PULL
15.9069195303 -16.4159119074 -11.7166051361 -32.8400069522 -4.56247887587 32.1516512161 -26.0187075614 1.65475998172 -13.5240136258 9.24540845464 -8.43473912278 7.68174007624 -18.8731018027 17.9246656476 10.0594947886 -4.47073144761 -44.5246505158 -27.5119362384 21.0654862866 -16.4979256883 -7.22343047555 -11.4696965112 1.40987466448 -4.15806960557 -1.16834847042 -19.046618838
RICE
18.9635278354 3.97135014073 -26.4397634862 -13.0642375367 -36.9667077172 -12.5664663207 16.9519753772 -1.13757913682 -24.4507606287 -2.64278850731 -2.90234337834 -7.26422109898 0.982958731136 17.2326226501 1.28493103119 1.61657849123 -7.13124738473 -49.127121685 -10.8151698166 -5.67877716876 -2.17219868796 -12.869667242 -12.3142988697 -8.83704431293 1.37025053213 -14.2088696466
RIP
19.3850586058 -0.947711219161 -21.5008186757 -4.13382119963 -41.0424524156 -1.75112977615 5.20130679362 4.97105087715 -16.9950109457 -1.88470980885 -12.225013597 -2.37031610265 -3.87138870455 18.2544685189 -5.80823898753 -24.9569226412 -8.28858488585 -37.9348006963 -9.50829020389 2.15176539254 9.82938020585 -13.7690676203 -5.61965430514 -6.83518877903 -6.32881404907 -15.0315766593
SAIL
17.1537277661 3.20888950202 -12.7504743487 -12.0562660322 -37.3943293791 -4.6306511554 4.90551234902 -2.2389198857 -10.0569195699 -11.576479894 -8.00401965768 -4.56000585476 -9.65936377375 18.6085282871 4.37487055955 -12.637700423 -13.9108437104 -49.6694959594 4.38628474835 9.14237609221 -5.91255024713 -0.971235486852 -10.347624154 -10.7024831488 -8.74784880525 -0.127747200665
SELL
18.9059298425 5.37565417976 -28.7579280792 -17.2705339976 -18.891888773 -8.75482184157 -4.51193328564 19.4349560682 -23.747182664 -20.7173700913 4.87761315575 -2.00644541635 -10.4136257305 18.3143535186 7.51022060696 -26.4306163702 -34.1989972786 -16.293163894 -2.57655805163 -22.5732671688 13.9311416121 -22.2375906504 -21.4358599619 -12.9707514059 9.95753136228 -10.5255238347
SOUR
19.1648456962 2.23570147612 -41.8034771003 -5.28146023171 -10.0385445655 -5.02997009264 9.31566145846 -15.8634931926 -12.9431270529 -11.9447406451 6.5997911335 2.02216298124 -10.4406012424 18.5685310402 5.23695401057 -45.5647278623 -22.0098286044 -21.0088966965 -2.29261949455 -15.1120218255 -18.1900195703 -13.5462307819 -11.7183061245 -13.193390919 1.86692284454 -3.72571999948
SOUTH
18.8261007367 3.36090759215 -29.2793663422 -18.8875091324 -17.835410626 1.62481147748 2.76374304012 -17.7767541187 -13.9072622254 -24.1488952799 6.69854297125 -4.12659631888 -13.41672213 16.5580633807 3.02701645369 -16.1080896075 -18.3520284496 -14.276988204 5.18013603985 -21.1172639168 -7.04973441608 -6.58511076141 -23.3581487368 -7.30748885486 -4.45003724536 -4.12699175293
TAPE
18.976980816 -1.63902591688 -8.41834102257 -9.65908911848 -55.5123590221 7.90406623088 2.42720762515 -2.30298434786 -11.5848984919 -6.75344621156 -19.3056811356 -1.12850395645 -1.42013537957 17.0180807801 -1.21417207702 5.5939827226 -2.73233121032 -47.0515433353 -4.50901732662 -14.0331753166 -6.45898782246 -10.047003906 4.44493584853 -13.7152212119 0.00521183846137 -13.0332716328
TOOL
14.8630807391 5.75950280915 3.72331983281 -20.5221593291 -15.6205905611 -17.986510357 -36.3048218963 -7.31094390047 -8.30090593041 -4.41173622359 -18.3368596219 7.09044278662 -11.5368320233 16.8559553854 10.7503397226 3.06096624257 -30.6265881185 -25.61470178 -5.42162575426 -41.7493986698 -17.8884716618 4.52275615098 11.8834561299 -15.4809984081 4.98794902523 -17.5087207399
TOWN
19.6334018548 -2.80491489932 -31.9464016049 -2.67669067976 -12.6439716978 5.75948401574 3.4309686418 -3.44738563246 -33.3412128702 -18.9559387457 -0.542219737867 -4.66738501215 -13.3067709148 17.7468358634 1.31482758838 -25.6392213909 -12.0128033117 -9.71981916479 20.8798913433 -13.6257982452 -16.603869704 -23.3715992619 -22.9937218081 -1.86919387208 -15.722454787 7.67151545706
TUBE
17.1037112533 2.58323725593 7.55269782945 -17.0744267499 -17.1775827672 -0.770835228375 -28.2245160726 -14.3119966404 -10.4415183276 8.76072660694 -22.186768827 6.26456101158 -21.9039475255 16.0419655662 4.8873853674 6.53315527122 -0.307726411623 -9.02423378323 -14.2046914974 -28.6407593883 -9.77542289812 -9.89453796493 -10.5172180593 -17.5179632857 -1.81549531858 -18.1948839704
VOICE
18.5890837385 9.76539826619 -12.8932855236 -37.374122969 -24.0193208767 15.9406371507 -26.4681667228 -9.14543135952 -5.60642050732 5.40637718049 -9.43813635242 1.93198551597 -4.56709965028 17.5766535749 -2.16268249021 -4.39564373777 -10.0420524321 -34.3537915746 -14.6542208987 -12.5681216175 -2.25909179156 -14.4251002441 -2.90453434674 -11.9771630689 -0.440728409525 -18.5416280993
VOID
17.1307674956 16.4353056045 0.539224682079 -24.8526571986 -25.5151414228 6.41969931894 -20.2997932507 -15.7060001589 -15.377670418 -1.54707972943 4.70375766452 4.95643893676 -7.83721263752 17.7510737483 -0.145130248748 1.04979549662 -2.39300882167 -42.5577511275 -9.3318838021 -21.6364027074 3.79194441857 -4.2006057784 -7.09564605092 -16.2491413034 3.0157271414 -13.0408496677
WALK
18.5833745652 10.0229212282 -13.807771716 -30.8606086967 -21.4633746694 18.407660626 -11.790109613 -4.0642290787 -9.66869295845 -12.9181569765 -7.77775823861 0.688711611467 -3.76746503016 15.9003713899 2.32252015456 -14.2004306233 -22.3441072658 -14.6932602734 14.0806823031 -19.1823794956 -21.6824333293 -17.8899923223 -10.9311797322 -3.05621650993 2.14111986593 -9.10423945998
WALL
18.6976378315 10.0726728139 -24.0132676864 -38.0568506765 -23.9872170675 24.7675141836 -15.3198494384 -4.63567331196 -8.03913011845 -6.89744329238 -0.50779102224 -5.3175679072 -7.89553467169 16.9610257016 9.40498253888 -11.0289267591 -35.5751412251 -33.2179799711 22.4116039209 -11.9713401607 -6.72398599061 -23.7057199112 -12.1151279499 2.24825221823 -7.81871978005 -8.38997049057
WET
18.9095515869 3.4517616093 -18.3269296675 -6.40430328831 -35.2848169739 -4.91355208684 2.20207264444 5.51332896991 -26.4233402148 -22.2719935486 -6.98804917461 4.16261225083 -15.7577976803 18.0877730905 -2.70807816145 -16.0718512702 -1.72229026328 -37.3918356331 -3.33030926756 -3.64554260519 -2.23092805749 -24.7621380611 -13.7008283645 -5.17897875704 -11.3329559275 -16.3740794149
WOOL
18.3511329774 21.2584847309 1.45736533028 -40.3201577513 -33.1750213816 18.081622436 -18.6504038875 -0.920822442089 -8.5912130939 7.26483922497 13.0671941456 12.0622282454 -30.9404669391 18.026913578 14.1630177835 -3.73741636002 -36.9230087954 -29.1837718467 11.1323440206 -18.6957460755 -0.645225643144 -9.95292442852 8.68769692004 12.199378073 4.42878001392 -17.7737125374
WRONG
19.4366307512 3.43476083004 -31.604341152 -12.6364569201 3.28853021028 20.950033906 -15.075440864 -6.29706328988 -10.0356744784 -2.49407985102 5.34708105762 -7.06159632882 4.95268463292 18.2695696208 7.22789284319 -25.1019127841 -24.7483125992 -0.145746292722 29.7482253533 -18.3908161634 -11.8116044766 -18.7193826415 -0.435934144678 -6.21880312479 -15.1421334019 8.0092054302
