HAD
19.2063153348 -7.28803303682 -26.6439511298 6.77748071864 -20.4142498371 -0.214037340831 -13.6273998457 -22.0249364412 -23.2861042965 -13.9366087302 8.2300139324 -15.152588766 -14.1305655161 18.0159350252 -3.64277534089 -17.0338802963 -5.70280069342 -23.1768077375 -2.25431828232 -3.68738785712 -9.52217297497 -29.2247085316 -14.9746082224 15.9594130128 -18.7354038044 -5.44812931132
HAYED
18.211700031 -3.43099623178 17.73570122 -12.5571730071 -54.8102280739 2.72111635386 -15.3445864924 -9.75210318993 8.54182183615 -23.13675434 -0.14340039198 -7.57954351919 -13.5559155191 17.3233313711 -1.63431750449 28.7477445109 -10.766621103 -50.4787697198 -6.96055788796 -27.4869584174 -12.9178991384 14.0442459101 -16.3503646893 6.84082455968 -6.74504542962 -12.3056431087
HEAD
18.4403739286 -0.771714471396 -11.2299394254 -13.0579321611 -36.1335648959 4.49641682417 0.694153653973 -13.059203286 -26.5284517719 -16.1125482628 5.31704243265 -16.8868614457 5.02553492949 17.2734041748 1.84158701787 3.28317451142 -15.0651722488 -32.281212337 -5.74120468192 -0.259780621272 -7.2336978944 -19.9000147141 -11.1764104316 4.52674838711 -21.3784911904 5.41450226345
HEED
15.0046401992 -5.08195253195 36.9928501859 -13.1210123293 -29.4388734191 -17.2612163447 -40.618856761 -4.34595404048 -12.7620094401 -15.3160791173 2.94061656035 -11.9869996783 -3.47636004075 15.0787037785 -1.14232746269 33.7134631784 -3.81525191931 -31.7643376086 -7.53192915872 -37.2094107355 -11.9259499116 -2.28752704867 -13.7353699351 5.15353644724 -4.84947405911 -7.59862617406
HID
16.5766207478 -20.8732089298 -1.62111342978 -8.07232401323 -44.9438776021 10.1274064497 -5.92651863375 -7.48315155019 7.1248277473 -5.17432857144 3.33687297908 -1.68616612853 -10.757215733 17.9342292537 0.181278173009 9.89121996532 -9.90611668025 -53.1222293013 -9.38215121781 -4.64158265466 -6.83071919342 1.23813751296 -14.7490769317 -1.50081182566 -12.4419238769 -8.44161119228
HOD
18.3652913366 6.94546611384 -23.04109153 -18.3671185416 -2.47548153235 13.7410669366 -25.7481018437 -12.9799954278 -1.91297316775 -13.5680645993 -4.76939156575 2.56804027294 -11.8768176828 18.2275132544 3.29836613615 -21.679409399 -13.8656601979 -12.4370974889 2.4942433524 -15.5394937921 -11.5970587732 -19.1645523503 -19.3003387653 2.31860379878 7.59530994013 -21.0896257546
HOED
17.9283196402 12.8368071346 -6.31281126248 -33.1344736237 -13.0450117928 -6.21713790872 -19.9003222924 -5.52297553256 15.2791904688 -23.385578747 -5.64436922633 -2.04888411449 -14.8929720514 16.6128710977 11.9954273861 3.37552016835 -18.5163837191 -15.3915955045 -12.7400252852 -32.120580846 -6.69085745951 19.5305510962 -16.3983637977 -5.51670721011 -7.20629752756 -14.5013006766
HOOD
18.3724254619 6.05951692363 -8.24975614716 -17.773821328 -19.8035250329 -10.7169699722 -4.91427812445 8.4333891828 -2.94536908128 -37.9241439747 4.79551641286 12.6242701009 -23.40485912 17.9319472501 -0.157274126948 -3.25174213474 -13.208937978 -40.2615772688 -22.1413819258 -6.05977700377 3.16903538807 -21.3233124695 -22.3224884027 2.93174592517 -13.4330961259 -17.3650907513
HUD
17.7634010854 0.996491738998 3.69968039957 -16.1411251565 -41.8815783998 -9.66924575877 -0.0844943598207 -6.20649147781 -12.2303346749 -14.1461734802 1.25437850114 -25.1999804118 9.20315432525 17.5862453152 1.72443492078 7.74953719346 -13.9635129448 -37.1136982848 -12.8998279216 -0.851080922328 -2.41493906286 -13.3033202499 -8.88360715514 6.16740256041 -28.1963768065 10.257053264
WHO'D
17.3002741762 14.2402467507 10.6477278537 -9.4073231983 -3.73523294594 -28.5242343916 -33.4575727731 -11.6914747309 17.1464880083 -9.63782586798 5.04282798778 6.6579409653 -1.87710508065 16.9293240883 11.5765953657 7.89310342547 1.54918150874 -14.9938695138 -23.6610902843 -40.9759929592 -2.40719380244 -0.874648481278 -9.12046102175 7.39086233128 17.315641921 -7.37798737349
