HAD
14.5878957484 -13.7098764851 -25.3778228504 -3.60477681392 -23.1913971228 11.5986754698 3.8325314129 -3.29912743257 -26.2841559216 -12.466813069 1.53903906618 4.30522040048 -2.93553795557 18.9082426681 -2.6770953484 -26.9858825182 -7.27544295807 -34.0051500221 8.86033124199 8.95001011268 8.80633127563 -23.5572182973 -14.8107081199 -2.67066572143 2.78829424368 -16.2277594833
HAYED
18.0230033038 -3.41832208933 -3.6073978168 -1.74909949139 -55.9540116002 -12.262777902 7.38604955853 -3.68742546775 -7.33972717603 3.94952400817 -20.6084653662 0.183404700843 -10.1027803568 18.5208999663 -7.25622638777 7.33507985572 1.70980350851 -55.8867423674 -14.7956466489 -5.51600326337 -10.7314450304 2.12845570297 16.3347744442 -17.6173457112 7.25633106005 -19.1995297045
HEAD
18.4387198903 0.0271783769569 -15.9324192663 -11.8904874501 -37.8425255892 -2.72005636182 10.7978132792 18.2606032499 -24.0435836885 -15.7811588491 -15.2833662154 -3.74359518516 -11.8456791157 18.5165787753 -3.50172188578 -8.72568790568 -10.2385430306 -41.3662172417 -10.3723793294 6.90768613447 16.5488215386 -15.4478495322 -12.0689363125 -10.0105498563 -6.40944723925 -14.8138428062
HEED
19.3383224054 -17.0369927764 23.6317223214 -0.0773187514654 -46.2502204133 4.57453008344 -21.8893989131 -12.680216301 -2.02987430679 -8.30922969154 -23.713171362 3.74230114993 -23.4311503685 18.8682689889 -16.4898828557 22.3450499053 4.06407795019 -43.0704275807 -5.66095135933 -11.1495933549 -18.3055885436 -6.35432810924 1.44728851028 -26.646644952 7.62990058543 -25.390069217
HID
18.5709258695 -6.54433473965 -0.187616310282 -2.44452064274 -50.6301862067 -23.4596690666 -3.78303297219 6.38265931378 -7.90680732661 10.3073291434 -4.31306467917 -2.60498769217 -20.5648214307 18.2498460377 -6.11607693777 2.75080532003 -3.48679561803 -43.2966565696 -22.3361125432 -9.53588364367 9.63769114584 -13.0914190782 12.7970193719 0.520554045295 -0.437988911217 -24.2000794509
HOD
18.7384124208 7.24585159044 -34.2037393431 -22.4840898447 -13.5532133344 17.303150839 1.69927525339 -6.18775601345 -14.4169614429 2.29587736945 -24.8173761879 8.19345075738 7.11995537709 18.7194040025 4.40943234836 -29.8386831223 -21.8289138473 -16.1585414435 15.7201708077 -0.564363270776 1.43719666892 -10.6397349448 -2.83946626874 -25.7276661649 10.0172357805 8.29874156986
HOED
18.1218868445 5.12638303735 -10.3419900008 -28.7324492655 -32.4175534077 7.17709737673 -8.2792552343 -9.7963944904 -3.5468936395 9.62979579811 -20.3867924961 -0.268556545583 -4.92265399821 17.1268790963 6.9472145861 -5.69494227802 -14.5616315968 -26.6386334042 -6.56059530536 -23.4185031201 -8.14940381782 -1.0505439739 13.4192332391 -13.9946712039 7.79725464166 -10.4178830664
HOOD
18.0542736967 2.87004716572 -10.3092054162 -18.1597412565 -23.2931409707 -13.8075723174 -22.4153267066 1.09609622648 10.8476690464 13.5361685129 -33.2253001474 2.91683474179 4.10787929849 17.4824681497 1.36092728021 -5.14452239869 1.1258961628 -31.9186341116 -17.4577840633 -15.1172875011 1.89264758398 -0.304982141985 3.54133063085 -24.0476425015 11.6895768838 -10.5207328337
HUD
18.8132741842 2.22133350466 -21.2044709637 -17.6667524705 -24.4470261772 -2.33534173326 -5.6653768158 18.2422297759 1.67926198861 -17.0267900971 -29.4797476459 12.000948571 -2.04035082627 18.2954690063 -2.99973413617 -12.5901026186 -7.98905411001 -34.5726202694 -10.6414615611 -14.251352156 16.4712474397 -4.69016651652 -14.8021331759 -14.152904388 16.1902143132 -12.5169606287
WHO'D
18.0079405268 -2.08933573421 0.259065976999 -3.97514590777 -23.6035035768 -27.9564717202 -22.1956159863 10.6261200373 -7.78092185929 17.7206363855 -36.363917205 19.9242513726 -22.4108647833 18.0093419223 -2.54667651372 -3.03951114024 -3.56257315405 -25.8166364092 -25.3571769878 -30.4366199735 12.2011117014 -10.3214054017 18.2429811762 -34.6171515634 17.6845473717 -15.9773985991
