BEAN
19.8196782804 -16.0753446067 12.8151714248 26.4106080823 -57.9196485131 -1.49893849232 -28.6187976661 -11.5919938999 -26.1831756297 1.09495535225 -6.43210962417 -8.71741347918 14.7291459129 18.769274873 -11.7901576853 12.1969613106 14.2238357304 -59.3315486643 3.13522286202 -18.6265192324 -14.2208602465 -21.1719381817 4.82974447448 -14.2093915366 6.81796848434 9.05162237032
BITE
19.5149116196 -2.77111066792 -33.2212722731 -9.35839633052 -32.8450589405 4.79989038536 -2.97902801035 9.31734190706 10.0128683864 -10.1020206256 -14.4823858779 -10.0890935476 14.4051343775 14.9024250995 -10.2589289797 8.02690771501 12.6532052662 -50.5271026557 -9.38432195635 -20.7982416949 -7.46837242697 -16.1956917091 15.626235598 -11.3438077252 4.32147166947 4.30324035334
BOAT
18.6202590438 8.38517089547 -20.7863154953 -5.73645091501 -46.697549673 10.8422993801 -16.1701713825 -32.6785566368 10.267657021 17.0985472796 10.222059475 -9.11448798984 -7.02456007895 14.889106115 5.97742176163 -7.0931071212 -8.76849714704 -29.2344969429 -5.88260768336 -21.6284684511 -34.0306095866 -12.5584200743 21.340526402 13.0256672317 0.394792091206 -2.65654961319
BOIL
17.7739970565 12.9950558864 -0.758444659267 -17.7226593761 -64.4720673473 12.3113468913 -13.9913604035 -4.47177633491 3.58333639331 -8.29063871904 2.19475443375 19.4593882019 0.0107626999325 18.5035261615 -0.564590305253 -20.2653950814 -2.73459435215 -46.413613137 5.87881403969 -29.9060549647 0.398253193452 19.5424014253 12.9618453856 -7.77650903662 -3.5680481001 0.690232357935
BULL
18.0376514655 13.0532931412 3.10870460217 -17.0079644741 -52.8718954623 4.66173855028 3.52970532648 -21.9940881818 20.4808826815 -18.053541308 18.8732979902 11.7058544877 1.02947785067 18.5572442542 11.3722243748 5.95320946634 -21.573420259 -65.0891931407 7.55635732654 0.286691704017 -22.6480642109 25.5636115746 -22.667498584 16.2480496398 11.0610930154 0.481331993872
CAB
18.0255590321 -10.3053090588 -25.1323097425 2.05769826256 -28.7642567164 -1.77651445532 -3.35082938469 21.162736137 -18.6334041305 -6.34020933805 -10.4941792048 -1.17513487413 10.0454687109 18.3164831013 -2.81550779583 -33.5361786839 -7.57066580595 -25.4437105862 8.5572192447 -8.94788102447 9.32993254993 1.70354109143 -15.2894589663 -18.199441843 1.57644157118 15.5209033687
CALM
14.1255114811 -7.13477665347 -14.1371743597 -19.4146116363 -15.4467886321 9.67850618488 -13.4200804501 -3.90944594416 -2.29376404964 12.3814131733 -5.05681066392 -9.6006168062 1.0986106571 19.0954127552 3.1505013788 -17.7579810375 -31.6917344923 -43.3050198913 37.3825842963 -13.1482666031 13.3339906223 -22.0152999735 4.64520338918 5.87484457247 -8.85943412531 -9.99056732101
CAUGHT
19.4723733614 -1.68562810516 -34.8785672425 -25.2053002383 -27.3490280846 26.6177493137 -11.0840695025 2.70395834662 -15.5538679818 7.69711632635 1.09145833916 -39.0275418849 20.1452012342 17.0013376519 0.482984268707 -28.8892791728 -21.690296188 -17.5702905823 8.58988187013 -7.68077242583 6.39985426988 -8.55400153791 -4.22642980652 -17.3455426978 -4.55584011819 16.0780846984
COAL
18.1025178279 10.4759399362 -4.6831531652 -21.8092385478 -63.7190310767 13.9414396801 -6.6830408236 -0.664415834391 -6.61312454525 1.19652482326 1.18176212845 13.1655843386 1.7631067631 16.9983875592 8.63761967039 10.500402363 -33.5466838964 -60.52021556 2.89729158338 -14.1754554005 13.8728489581 6.36025151571 -5.83581206422 -3.25846010539 3.05924974428 1.66383434463
CODE
18.7977564229 -1.28820625621 -24.964040422 -0.420146356689 -35.1305406944 -10.901800218 -36.6073105898 -0.501807634023 11.0144103957 6.75122363573 5.63969797783 -29.2318668293 19.6762877187 16.9806517523 5.35437164856 -18.0096393418 4.57413682889 -29.0078290209 -11.4694848322 -41.5522825452 -14.7264161364 6.06689768446 13.0864683507 7.20276193301 -19.6886447913 18.7562749514
COIN
18.5010462618 10.1173127938 -19.7505877047 -17.5792533786 -51.4848656937 -5.01413392401 10.3311830553 -10.1307296783 -12.0902106362 -0.14454718377 2.27614943982 -5.27126968039 4.6350757246 18.1580973189 -3.41754029284 -21.1003921577 3.2166314801 -44.1502200899 -10.4207384028 -16.283048862 9.45406177403 -10.5237610684 6.26790867425 3.20028597741 -19.3409904923 5.09538035967
CON
17.1327044278 -0.65068574635 -29.0046407469 -22.7379391779 -13.1438817365 12.932574238 -6.80979207379 0.825924225295 -22.5745527772 18.184777521 1.48883877257 -31.675156433 15.8096957035 17.8400243337 4.60763639183 -29.4497364393 -28.616500131 -9.48677010173 4.75043700063 -10.7333498316 1.26524819835 -5.15972287373 3.03271043453 2.64431251015 -33.4165903933 11.5497537568
COOL
17.1895939906 18.5532821835 8.25701349793 -1.15150186314 -52.1195494971 -16.1621760278 -3.32215519052 -20.3930713279 -1.10561123968 -3.96181207016 -9.63817355214 1.1116009797 12.6666034109 17.3865959566 16.8519458509 5.76273977398 -1.51520199265 -53.0498336013 -12.6707110422 -7.64919468629 -27.0136417203 1.46844608739 -12.3616872639 -15.9975556105 6.96160068506 12.7948815589
COT
15.1533763002 -8.70286053989 -23.8834790008 -15.2186470766 -7.10995336375 6.49582275304 -12.6865228016 1.92046033748 -1.28054939617 1.13183695688 -6.54351130851 -12.2587126333 12.0646848843 17.2044128756 1.1818665881 -28.6493944833 -17.3262623449 -19.8117798874 14.8882605781 -6.383207114 5.81519508488 -3.07988419793 -6.73126907965 -13.9921524646 -8.24167411997 18.0689433055
COUGH
18.0595586444 -10.8909286485 -23.4671473867 -18.0928627304 -5.39483932101 8.39445296164 -13.8222502163 1.46758464714 -5.94372041608 10.4213460615 -14.401125764 -11.8555299747 9.63291706752 17.248401203 7.34644396111 -14.4653161309 -28.7609838419 -20.203692352 23.7024102563 -7.15750867016 -9.48072127388 -16.1619392142 7.9052384111 -17.577141362 -1.74470513609 2.92105366248
DEATH
19.5202928221 -5.91370633852 -25.1729300383 2.90317728902 -45.070054161 -10.0983554704 -10.6172465683 28.5966503021 -5.88102105965 -10.4301701082 -9.58113866106 0.230036664459 -6.71414259846 14.0808911067 -14.0875413932 -13.0820991204 0.978014444722 -20.1465602575 3.16640867926 -0.206684574881 6.7182307577 -6.0652631912 -11.8651299434 -6.74804117925 9.96046058362 -13.5384847046
DIG
20.0070914922 -11.4127120465 -1.789499753 30.4343635535 -65.8236927945 -12.0048508849 -31.0794304157 2.79746102209 -24.1468311467 16.1632980258 9.65645470972 -5.17115153538 5.64923326792 18.4389681516 -8.2182903178 -2.12983388212 27.7567840277 -62.70177035 -18.8332573873 -24.8470146985 -5.78638026999 -25.8239479706 20.6092177912 1.02932527045 -2.21818539508 10.7761989999
DIME
18.9219038124 -3.33786933979 -31.9508959009 -16.8329167104 -23.0711539165 9.35659046717 -26.3796524002 11.0606325835 3.63289921135 -8.56722792933 -13.0850022961 -13.6448399521 10.1538623639 17.3824794209 -8.24233544904 -14.3973468148 8.57137209174 -28.9252292381 -18.929016684 -8.75688873606 0.0333262159052 -8.73688061222 -3.40753895739 -0.563971328075 -14.0381267747 5.72687757013
DOCK
19.4193884531 3.75848463427 -30.692205792 -22.8936705177 -31.2274268593 14.8226287659 -14.9074029641 2.14068152317 2.90782820785 4.00302166874 -25.4396884765 -7.6097019449 14.369239713 17.2077783315 9.6869156519 -29.3362210917 -27.8883261947 -23.9091190834 25.6449739026 -5.91432190256 -11.3641163051 -14.3883949363 3.47943521685 -12.3713775991 -9.90968968225 9.89698666623
DOLL
18.853069707 2.23651916174 -21.8836032138 -27.7944690337 -38.9250530883 24.5236902817 -11.9671846308 -3.51058677919 7.30909833176 2.1204726698 -8.28162848362 -8.78272498761 -2.42223879423 17.9835628742 4.7313958043 -14.4393062474 -43.439672393 -46.0480198052 33.7407544655 -2.89830799464 -2.86518271147 -9.10350328026 -13.7477773624 0.248006703081 9.27754072185 -16.4658570729
DOUBT
19.5251389076 -7.88535308807 -28.7140536626 -8.49634849176 -34.1623258215 10.5488354596 -14.9630185808 19.7852845236 4.29550435307 -7.44225387711 -20.2195072966 3.67397532158 10.8086289746 13.8031395093 -0.434449355097 -13.4287534949 -18.985361145 -24.5524060755 8.18979108012 -12.9864929574 -7.91391332357 11.6008367883 17.2534575229 -6.26384194595 -10.6022076114 -10.0157578376
DULL
17.3646559244 3.35372450154 -13.9352854764 -13.6993525203 -35.1721233406 -2.55105552122 -43.0744815208 -8.74081371352 16.2420332499 19.2669446374 -14.3425342587 -7.22928712385 4.95495516534 18.4597371144 1.84174669479 -12.7797232512 -19.2436655683 -42.1823425945 15.5595911083 -18.1460335667 -16.2761235877 16.6068901321 12.6522336865 1.21957629196 -13.2168258595 -11.3493629742
FADE
19.2800064661 -8.13555602186 -8.41807852008 21.8586119378 -59.1037986716 -19.9828966096 -22.3543446581 14.5661542699 -15.4374482567 18.0693462064 16.4706052953 -9.26183364459 5.99240451025 16.3710742098 -3.825204061 4.17730964353 25.776108149 -59.000361721 -16.1025573109 -24.8860132342 -9.17046825118 -22.786698963 14.1182719347 9.71845965122 -4.89541847223 14.5083292197
FAIL
19.4866205682 -6.15393042461 -19.7483598617 15.4327745101 -53.6700993876 -19.343005056 -16.1885671927 22.8141953457 -2.9273828821 3.28301844648 9.9895695278 -12.0528410893 -1.20030070319 17.6411712226 -1.14228692248 -15.7390630169 4.49467824457 -48.4886628639 -20.8010840296 -4.37192798523 22.6251116219 -1.83552921577 8.979690679 2.97813807518 -16.6096085982 -0.199494817707
FEED
19.4325918448 -14.9622443624 19.6328136916 20.8335670901 -51.4937754211 2.11239341896 -33.4666551853 -4.66870630024 -27.3619199083 2.42565320508 -10.4835077683 -21.5281331678 11.3662209301 18.6917057188 -11.849621754 22.3812580286 18.3584969549 -51.0154882741 4.91641883975 -37.5710783306 -2.06710305215 -28.2801717667 2.60138030353 -14.2035288658 -15.0111887304 9.00998565367
FELL
19.3877673403 -5.98909140652 -22.1894471277 -4.96084691071 -36.9375496125 1.4917076526 -22.030171795 21.4604122407 22.6664860862 -5.68994161155 -14.5104191568 -20.2770144114 19.8711713371 19.4182704143 -5.50773400964 -29.7925897715 -6.43108185076 -36.1416252441 6.03966559684 -17.2823071183 15.5497431453 20.4670259876 -14.3842902947 -18.9827019092 -22.6880198722 26.0901329922
FIRE
19.2003320604 2.0766711107 -34.1830273421 -15.826811442 -31.2942658917 26.1882915854 -12.0481514307 0.41356409687 17.8833682616 -8.63986721966 -22.8201071284 -8.77789583393 16.7979722291 17.7664916197 4.3045594229 -28.6360583859 -4.59736648718 -31.5685657863 -8.64497423435 -1.5211373302 24.7579009151 6.29446085267 -21.1319755862 -7.33716282863 -5.74279836104 1.17946026031
FOOL
17.5495153983 19.4255208329 -1.24344387291 -11.2926742308 -55.0215306635 -15.5950782925 6.1911653597 -23.3958772911 -6.97723644264 -2.90141040896 -14.2151476261 1.54465002997 17.871143578 17.2153602647 19.3353212516 4.30334606337 -12.5707023923 -57.4685344198 -9.91892279123 -7.2263898831 -10.7216019277 -2.09179445249 -8.18909127343 -9.01939776128 2.71888082192 12.8267542726
FOUL
18.7937497368 0.566518386851 -34.7004030286 -18.1629778798 -32.9705401599 21.3614127378 -15.7109174509 0.83247655369 -7.15843720996 8.57673052383 -18.0796307776 -15.4611728424 20.8812859831 19.1474857133 -1.88431257118 -35.5899079166 -21.5310049802 -35.9132565824 33.0546962934 -16.935808031 -4.11780569398 -3.43290795496 3.45414803332 -13.3626023889 -16.9213495725 14.5048114733
FULL
17.8605303779 15.0545231733 -4.76922781025 -26.1957761188 -66.8659352644 13.348259195 -11.0995795124 -7.87241168864 6.79914010798 -21.1932178511 14.9857409642 -1.74178183202 7.47025964243 18.6080012138 9.37909430008 -3.23451705518 -21.1306090589 -65.8822617795 20.4248953236 -13.9831159257 1.05210685608 9.28720414555 -16.8067262893 15.6989350067 2.8653039472 5.75660263172
GAP
19.8502332116 -3.91165840505 -36.9062965325 1.57579566372 -36.5274643357 -5.06176684435 3.9756655314 27.430035993 -9.77356120272 -14.4361129746 -4.56364986192 -11.8429275581 15.7062263537 17.768116881 -3.4960089567 -36.2494936414 -9.35499131415 -15.4803281384 -4.00250715496 8.10795738433 15.1870498356 -9.23576995203 -16.0778916964 -14.5822018072 2.55037856257 22.1468933155
GUIDE
18.8612070225 -1.74216290753 -34.1332831131 -14.3672711179 -26.491671576 -0.775849569 -6.08521071519 8.88347927047 5.10822485517 -10.8941796571 -23.8615995123 -4.64301850365 22.2273207177 18.1693515721 -8.47264150546 -24.2093036375 3.6206732855 -43.1399639999 -8.4175111542 -8.41300278109 21.9907647283 -7.69597090443 -10.8738814324 -0.816598257918 -7.36905813043 6.42811903967
HEAD
19.5672351403 -5.79145724744 -23.5887335639 3.29217463161 -47.4421641615 -15.3935717126 -6.24038459801 33.1650313346 -10.4662107646 3.51555594378 -10.2725403202 -3.05882266831 -9.60497376196 17.7683059632 -0.0902567728205 -17.3589141095 5.40849801296 -49.2967916459 -17.6412054526 -12.0326488621 29.959918862 -7.3833562148 6.30060968255 -2.55302324436 -5.60116996882 -15.4258253985
HEAL
18.2574054875 -8.05277704922 13.5859688711 30.1500806351 -55.3563064248 -0.217158275379 -33.9090621256 -7.52917609567 -31.2958756823 -3.46647715132 -0.326877673602 -26.0995606178 10.2918474968 17.8578860922 -0.375349572002 4.31156760272 22.7549184137 -42.3540528259 -17.6785982652 -29.0162078797 -5.15740753905 -28.3237768496 10.4663888459 0.36584111809 -7.18304910403 13.8636709589
HILL
17.9285037944 1.68241859483 -18.9438103294 15.639819332 -52.6636920678 -24.5534870094 -25.1520411178 17.7801929341 -5.73282655218 -1.02323228064 8.046051813 0.777542289795 -6.63024721134 18.9754845512 -3.49997540271 -20.2380964234 14.4161454837 -51.4720937694 -8.83216430385 -34.94668417 24.5197681272 7.6720264573 -4.80213112478 1.56151828907 4.36516645598 0.832726388753
HOME
18.1209431359 5.65983372002 -13.7118970845 -12.8392419612 -51.5768910487 4.3501582239 0.606474893845 -1.67012226552 -13.0080353054 -2.00704211645 11.3587165026 -10.7701548852 1.93194176944 13.9049913068 -3.69555606299 -12.8636855206 -3.82155043366 -20.579373442 3.6288710835 -5.22445512649 -12.5988024218 -12.9181238928 -6.19005015641 4.11350590633 -6.7629422934 -0.238406571236
KEEP
20.2465040495 -15.0346804113 20.1445784834 27.7082182689 -55.2432164065 5.59607074335 -36.6343145772 -5.29425461509 -27.8561588321 3.06222403675 -10.5325506139 -16.1359690372 6.72853420916 16.2941974734 -13.2074769942 15.2722826827 19.5342723555 -31.4746882714 -5.26724025594 -23.6685870451 -7.44055950082 -27.7169121013 7.68954036221 -12.8469677571 -6.20055937169 7.47489718717
LIT
19.8697435417 -5.06827658131 -12.3993691929 10.6022370569 -44.5278828473 -6.11605803678 -46.4174204056 27.9113736502 10.6341208663 -7.31203562085 1.55235514572 17.2583163696 -6.42926191272 19.580781945 -5.25159686822 -15.5668013827 12.0643067413 -48.3403559285 -10.4891792855 -37.8247972636 27.5905070548 2.68821324312 -5.12506106887 3.29157326037 14.3136877002 -14.2454040191
LOUD
18.5942111106 5.49697028372 -32.3523638667 -34.1601031851 -7.19990853735 2.81362973054 1.88723322196 -15.6745506357 12.904080984 -16.7959004522 -23.62032694 7.74028528884 8.0646645725 17.4215692222 9.91169041873 -33.2646443968 -19.7239089429 -25.810257031 2.22594632739 -2.65883982218 -24.3819770046 21.0721912687 -3.44279356928 -10.9224017889 -12.2441155832 -0.163200490944
LOVE
18.5399334719 3.64419984465 -7.17903377566 -27.9505717747 -48.0396018984 36.5483173406 -25.9525189227 -8.45191232166 17.2604719235 3.23652963846 -2.82818573675 -17.0965997879 -13.0392774477 17.5161700794 5.41633645315 -9.86378058167 -32.2117255233 -36.0393460384 20.2611744898 -25.377801182 -12.2091886106 18.7905287936 2.73856691872 2.6120728506 -16.5741008075 -13.8867352725
LUCK
19.4287940729 0.707691329823 -15.4288912243 -42.2203771643 -29.2178290327 30.25615976 -19.9024684066 -0.370518007838 8.62803814961 -1.37501933711 -10.1325665661 -16.5971027999 1.92921678925 16.0607204086 -1.44011306566 -23.1954535681 -21.4648647348 -3.66626238901 15.911037874 -14.1102877237 -0.0798485075963 -2.50677855898 -4.952347593 -28.5714787598 -1.72710440557 8.00399784778
LULL
18.6502740186 1.75304633518 0.847101658729 -35.5604480213 -58.0825785194 30.901793092 -6.91092769368 -0.923802791464 5.58534554501 -14.1902619156 20.6796255154 4.78505166582 -8.43081974003 18.8338563121 0.980428867632 -2.21119393028 -37.6629351702 -58.2508500644 30.8641536775 -11.5078690116 -3.48523293711 6.08173206549 -17.264327135 18.4402908827 0.986107008912 -10.3808644478
LUNG
19.1817315188 1.71010808616 -18.4198710397 -30.3710923349 -40.9565689259 32.2841309973 -17.43393015 -6.28600765893 4.99658952666 0.526483701816 0.0543064858511 -14.1755501269 -11.8813647927 19.1620839193 -2.90089027643 -20.2439809562 -30.7486957365 -39.6584558214 33.4458023913 -25.305097617 6.95644616335 -12.4320603732 9.1119787073 -1.89833836553 -21.3326524264 -10.4066643599
MAIN
18.509644966 0.221796936971 -9.81322437065 13.5563948185 -64.8155116026 -6.4185206515 -11.0785087184 -1.73710533568 -8.86960726588 9.97029701628 -7.51123287464 -6.58405836699 4.64487450158 18.8394942166 -4.83980481664 2.8480491052 13.1339793586 -78.7417235822 8.92731593866 -15.5098865941 -11.1543113458 -11.5891886709 19.905597741 -20.5767480148 12.1908912124 9.58412532372
MATH
18.7923939964 -3.24278891774 -21.4195073794 -3.3332638926 -20.7081001639 -18.076821083 -10.8440074703 -6.07059651668 -1.19487780747 -14.0458578307 -5.3756771311 -12.7464105101 7.08400239293 17.0536739788 -7.32825818573 -25.8242999238 -9.15918902189 -13.7729195785 -0.90547019518 -3.450772596 -0.209570651509 0.65613633272 -24.9066589244 0.351166490611 1.57092260999 -10.3588328302
MEAL
17.9868714639 -8.15264551989 8.03194133844 20.5255704359 -43.9854122452 -7.64958466911 -16.4133838757 -14.2740205724 -35.7670140233 -9.16566040653 2.41741670636 -21.7869302179 24.1275938381 19.0365745803 -12.1316614127 13.0374115476 18.5967976026 -58.876162937 -2.63949888268 -32.0658050167 -7.05619941177 -20.0638612761 -4.03638095306 -0.333549423208 -12.2407035696 16.106756473
MILE
19.1855049021 3.26271425755 -32.0813371285 -18.9486782331 -17.7516800035 18.4672466856 -20.439461615 0.880130069632 1.2917969788 -6.48060867559 -2.54710739833 -19.7451982316 8.17602335081 19.2071458012 -5.30318824414 -28.4340147373 -1.31437223734 -28.8792826456 -1.38783985042 -9.34779868819 16.7604439373 2.98036456773 -22.2223574082 -0.257837734314 1.54842451464 -2.17179313802
MILL
18.4960323658 -6.13443275612 -12.2732914557 3.49297400142 -37.905652732 -20.9982526721 -26.6768099202 22.0835020349 -12.545041091 -3.18763790216 0.12259134245 -7.08683848128 3.5959918276 18.9107198851 -5.12776268198 -15.5654487654 5.61206310551 -36.2454433495 -11.4441641919 -33.4745792112 26.7173467079 0.701003096533 -3.12206324224 -7.32355988097 -1.94240597761 1.02144829524
MOB
18.836805648 12.7067726056 -32.0577559827 -35.8238907176 -20.7094001359 9.7193612379 7.92523519006 -11.2799726281 -19.2652795243 3.32713747062 6.22719010337 -16.3097541977 -7.31537369028 17.4809134362 11.2305718902 -28.0387572809 -35.2743782498 -23.804334899 11.6804817938 3.65420181884 -13.9052048804 -9.03875663755 2.17643273195 -2.17832490583 -7.37495252019 -9.95559427952
PAL
15.9734758112 -21.1512994749 -26.1098226601 -1.70015869727 -12.2797850941 2.99050144801 -8.63842236426 13.0467204574 -12.1740492713 -0.229919816494 -5.80243055377 4.3315500464 3.94496904177 18.0368432284 4.60573265993 -30.5547409264 -20.0204479053 -12.3648457611 12.8576326216 -25.4846977502 21.8964681717 -22.7194378156 -4.14327058256 -13.9804236919 -2.6791756018 17.460926314
PEN
17.0625549429 -11.3073232088 -17.9395977901 2.8781740656 -27.8075424238 -8.44881552984 -6.32230843717 19.870528143 -13.4263913567 -5.39737126203 -9.61859567638 8.88368699701 -3.08876050399 19.9538061469 -10.0571629254 -21.5067896345 -1.07351003433 -32.8974371362 -5.27391053729 -4.23316113318 22.4207141019 -11.3179117067 -11.8256750813 -6.70542398647 2.30983889603 -9.3720220998
PIN
17.2070970052 -9.92431233991 -8.32383817001 10.3653507043 -44.9782941352 -8.38053498222 -13.2521743958 7.2009226721 -14.7974560232 10.4516256161 -3.55931603496 0.654482125435 -3.09259144883 16.7244209736 -0.111273500027 -7.79213177572 12.7981838856 -39.7096681594 -23.9818117693 -3.1417937227 -8.21677297134 -15.5286861206 -12.7566789097 4.33279159965 2.42457120107 -8.75614698898
POKE
14.8463897599 -6.5382747232 -13.6558629471 -15.2282265742 -22.5705171324 13.8301732759 -7.91852858609 -11.3207952681 0.17556297716 10.3438900355 -3.88237854213 -3.39800026507 2.6801914294 16.192621393 6.88177905813 -1.4908271729 -14.5688538896 -40.9114562717 12.6619250052 -6.64886111608 -13.3875551793 -14.3747471613 1.36403468995 -3.39740042023 13.7265038717 0.646844617597
POOL
16.9129583041 17.0086249467 6.37465572399 -3.12967896362 -58.8156356776 -17.0269442155 -4.24788374429 -21.2965755459 4.08000506865 -9.75663493821 -15.6630515437 -12.5322349017 4.16831167171 16.9349342397 14.8188706169 7.51927493581 -2.62980595874 -59.0593383261 -11.628297015 -7.00825479767 -17.9204188783 2.79073164215 -11.1156928509 -11.8809392372 -2.22812402971 9.40994416945
PULL
18.4211657319 13.2232796884 -13.4495811775 -26.8287980174 -56.7409956781 11.4252616474 -1.84520763723 -4.40764804921 -7.12657105965 -2.27174779099 5.77979687869 -0.465259809236 8.53860689985 18.7293157795 13.0131838359 -12.9571269121 -22.8290015282 -61.0130868708 16.7897694618 -1.64058170051 -2.51250800636 0.555748539838 -6.34957458028 11.6078664804 2.57810779924 9.53717517423
RICE
19.5710350216 -1.82675396389 -29.4156540271 -12.0052315207 -20.4981225734 7.62486537289 -0.243297461274 6.49243569904 5.402384876 -8.10521169414 -20.5004949766 4.05290527968 13.2481324489 16.9363318525 -3.4446502695 -20.9544661908 10.2579196528 -43.5067434945 -20.7346072992 -3.18669849494 7.85092352022 -8.88895647343 -2.20893664516 -1.91922554749 -9.76063194413 -1.50604973796
RIP
19.849489778 -4.99333125897 -24.339856845 17.8412638974 -47.2659815525 -16.9347443434 -31.366652654 34.5864544085 -1.45122525371 9.54249956099 -3.31058353029 4.76389211836 -7.71992280638 14.7889682321 1.3674875118 -3.75196129224 -4.48802600079 -33.4349207197 -21.5436580166 -17.9152278595 16.9286337512 9.95219881205 3.38226227959 0.83479751757 -1.55448820249 -7.69481787558
SAIL
18.5570516559 -7.19475694408 -15.7423298439 6.17281169487 -44.8374567693 -19.2546502419 -10.6557622585 21.5104273878 0.498688568905 1.14518374705 3.31718623031 -6.6866367748 -4.84215884394 18.0769160817 -4.39674886771 -22.0579967364 6.7044972673 -47.7020917318 -23.3601285109 -3.97474693114 14.0390075468 0.495771246326 -2.34232764127 5.97367251716 -16.3192999093 -0.635450189515
SELL
18.8977295881 -2.78452666032 -26.3427329871 -2.30320165947 -37.644068133 -7.93799846874 -17.0163090423 13.8206227084 17.9710377618 -14.4318673392 -6.07874587718 -6.85502819242 9.06807938174 18.9177311201 1.30067994148 -31.408090411 -13.2708151922 -24.7485883377 3.34715681095 -6.52364053712 5.39554075669 21.7198422971 -13.7664320337 -17.3175002749 -7.82418395653 11.5530217106
SOUR
19.1462215171 -8.11233636711 -28.9359098081 -22.1700915982 -18.0160354327 9.96728632637 -10.9229021273 6.49695783319 6.13417644867 -12.4901264666 -15.9201884307 -6.05265190072 16.0607647219 17.4405863723 3.45100059054 -28.5922472235 -24.1737637259 -31.4878372123 13.6744611442 3.21090020536 -11.4372303134 4.21102699834 11.6685240305 -7.16466256115 -21.0679875842 -0.964031874252
SOUTH
18.907500599 -3.72969015169 -24.3273506198 -22.7675922 -19.5876620469 3.97772533647 -11.5070052494 12.8642849084 2.24432698995 -13.7695155525 -14.8794063081 1.00682563879 9.21143330137 17.1155502288 1.20216550915 -24.902544652 -25.3166310619 -22.970610303 11.62240304 -5.12332824515 -12.3195684767 1.94567995603 -2.35301710882 -18.8505456086 -10.3841806989 10.4867612114
TAPE
19.6259015431 -9.71492750872 -6.06757827045 22.369596848 -60.9887328935 -14.6505899603 -23.5019862223 9.27998481478 -17.9131893615 20.8484087731 2.88693244533 -1.82766294282 1.31776319191 17.6434381068 -7.30360969992 -1.26020886449 22.221491435 -54.7439741216 -21.5858166444 -23.6329115718 0.221354508105 -26.2609034075 20.3076909531 7.64041084882 -3.8956424109 14.462735509
TOOL
14.5284149498 0.194905182083 1.33027162339 -7.27970078557 -10.3493914443 -7.83625149195 -8.98006946289 -13.1767221465 -10.5572721507 -3.80624850659 -4.58415771577 -1.71731932384 3.26236489875 16.9067974093 15.5697527586 13.476996064 -16.6584817435 -47.7386263466 -14.4312649262 -12.9680104932 -5.74465825437 -5.67581939196 -9.10516097118 -14.8311862167 5.86268827952 5.53332448939
TOWN
19.208963919 -4.90182534243 -28.9901773447 -10.2239648366 -19.6135877889 3.42486732646 -22.9288887434 13.0907812498 2.06359940819 -20.2917234088 -7.9973645944 -3.20708087882 0.911471273084 18.5215939913 -2.57423189544 -24.0492961043 -23.9493395704 -12.5531244245 0.915717637108 -18.8010164806 -3.65062047467 3.40396155972 -1.10781842428 0.939105591572 -31.2308049268 4.40151475304
TUBE
17.7802505606 0.878513965693 -5.55161866292 29.3627156966 -28.114692117 -31.5904627831 -32.551851848 1.66400351721 -31.2743485835 -11.1524771313 11.6052938526 -11.567546309 15.8516678071 14.489984519 12.0593963011 5.91897497603 -1.52599496866 -7.171508607 -13.4498527236 -22.3643495885 -30.7974058157 -19.0750346913 7.88887689165 -5.57080098512 -24.042466332 3.78385950705
VOICE
15.1933052301 1.94080320723 3.89497886625 -12.0110241015 -31.0634821834 -3.41538275447 -6.78749067757 -14.858344889 -16.3221304314 -7.49547470814 -5.14172737575 2.84770814341 -1.77987804234 18.359400057 3.46352566628 -16.9143437872 1.71861506088 -47.7131764499 -4.40278116908 -19.5640045169 -3.55882563479 2.57175127264 9.07005988103 9.04446639504 -3.2905777704 0.981527073166
VOID
17.7425993238 15.6861584922 -4.64474274399 -17.2217632765 -61.0561739282 6.79342750212 -3.43553498869 -17.5829143384 2.36443428792 -13.4361680681 6.66795123325 15.40562049 3.83825741737 17.5505286421 3.63058386796 -13.436512136 2.32348726005 -39.0423258233 -12.4198034446 -19.5982913307 -0.390836408235 -1.66250562605 11.204838554 9.14226995122 -7.11795058438 -1.20563329448
WALK
18.7884372874 6.13674966878 -2.52798817543 -25.6674484091 -54.5521545874 22.3400571243 -5.52235510225 8.57105747043 3.5889714624 -13.8970904963 0.861422002124 -0.765684558913 -4.20465140435 15.6547551611 -5.74958408567 -11.2391908564 -27.3208298645 -9.78033113353 26.9998175732 -1.39589160525 -8.3081836213 -11.2159610444 7.28462217252 -1.60398927114 1.45880004086 -9.07293869488
WALL
17.7962700325 6.80092008186 5.73401144634 -31.9732987913 -59.4367316474 -2.22626118994 3.02783384074 -2.92570029391 9.21318915934 -14.3178446545 -0.425439665177 1.85518391722 -3.26986737406 17.3637480994 1.18025288684 -0.313550088197 -40.631158181 -52.5545195299 17.2654489882 2.85642683952 6.89829102846 -1.92290052395 -20.5487438066 -0.760264744066 1.19153419746 -3.16823069232
WET
19.5440915492 -10.339374507 -22.0968252646 3.26967655777 -43.4625539372 -3.07606394476 -13.437076566 31.837801292 13.6468453405 -16.7728455307 -6.32808896959 -9.72374102483 0.544246794509 16.6603714278 -8.16645436174 -14.8783004879 0.44724673482 -47.9370654295 -9.30385054894 -15.4590227623 31.3480634991 4.00661774446 1.49692409938 -11.9918015526 1.8168981845 -14.1916280271
WOOL
17.1098551404 11.9099000067 13.5886126414 -14.1584977996 -63.608010266 -6.68411494628 -10.8577655709 -11.3498161377 13.3895033693 -12.1315014984 -7.04527325451 -2.43582396246 12.5314337211 17.570721937 9.80416857131 9.35481621067 -19.6747236509 -58.9339825205 -2.66073744805 -9.32398821069 -7.71270070845 11.9979058374 -10.4274640962 -5.41745807535 -1.46024745872 12.3917352643
WRONG
19.2378032454 -0.236248463319 -14.4892356367 -40.2230808618 -27.5964343515 31.7566430758 -12.1294975247 10.1067811509 -17.3312431941 8.42451509288 4.78342379686 -12.5192303341 -4.47645070544 18.0435199299 -4.94517937295 -17.4277634391 -34.2184962222 -32.879099583 11.2546956649 -1.2650825311 4.34306798149 -19.4363149388 7.68274410119 13.4977651349 -14.9714201612 -4.86993674274
