HAD
15.8794864185 -19.1266954205 -16.2219458481 -1.3629824394 -35.7450645079 14.902738486 7.92896003564 -4.06233471022 -13.5254148022 1.60058643235 -9.22301891912 8.40142062706 -6.1534845463 18.6242441186 0.961867407547 -28.7406732621 -5.86343188209 -39.6755522698 -3.27978856981 9.19934448348 12.1222815794 -21.1510595709 -3.59222084718 -10.4141779884 8.14950601733 -11.0646636695
HAYED
16.3230932233 -17.5323661587 -5.44528741508 -4.61989364474 -42.504918172 6.70989230681 5.54329319941 -4.70360382602 -6.18901008844 -3.82099059521 -10.0321315559 8.95213834573 -7.97992683293 18.5113978585 -6.63119671626 7.00711012797 2.91207490443 -60.6512531058 -1.53556384002 -20.2510738326 -11.817393302 -1.0394149013 13.9235552314 -13.325901532 15.6752616606 -12.1364536631
HEAD
19.6136847292 -1.07148811359 -26.2716717181 -4.90010733711 -34.3329071544 1.98860048561 11.1703737802 10.0854415796 -19.6352775286 -11.7511999825 -4.62382316297 8.84278560998 -12.7295542056 16.6708531385 3.22871131108 -11.2760884556 -12.2391257683 -36.9163051567 -13.3057914676 -3.51753655132 12.7711948898 -12.8494379903 -7.95792326054 -5.64926378364 -2.51639931088 -17.4534717334
HEED
16.8292503787 -18.79007044 14.1613086396 -5.47072758174 -29.6462688173 6.06060079154 -23.5257784268 -9.22772578308 -8.89164476031 -7.65851872424 -3.6205193148 -4.41811590429 -7.51901310035 18.9263845219 -12.7123762867 21.1043632538 5.70040675225 -59.4795829325 4.05428924476 -42.4646981172 -16.6469103416 -19.6610337903 4.60918513974 -19.8946617093 11.4301744223 -15.2756822555
HID
16.1813023743 -13.4971040445 -0.34772598128 -1.40783991983 -40.9251411996 -0.459736184637 -1.81916451259 -4.23691038373 -12.187349359 2.57539752126 -12.274042012 0.161162935139 -11.9544248984 18.2320738799 -5.05462585683 -7.78741016496 -3.55339513049 -55.86822366 -17.7680028908 -7.91255417723 2.37468754217 -14.4126258755 11.4939993219 -12.5568359205 -2.65858086459 -17.3984120863
HOD
19.4280811809 7.12243786462 -48.9914596661 -11.5968488335 0.300724159263 -0.263728089838 -1.57849980031 -11.8163442304 -13.1562422059 -1.33608903959 -5.14628950572 8.5056159606 0.166048227483 18.1635841374 6.80380059836 -45.7173832227 -13.52212821 -12.5853864156 -2.35363136108 -2.98246344238 -2.36788883346 -15.7542541673 -17.7594107607 -5.85405164246 9.98158702629 -1.26590953181
HOED
18.5787486229 7.2756220902 -17.9060746118 -27.1359913261 -20.1138928518 5.32213383322 -15.6097274288 -3.01563653138 7.04076411497 9.8083756398 -25.8708653252 -4.41998620789 -4.82800719955 15.3827902084 13.3649885594 -7.52592616022 -15.3019222884 -17.032493062 -3.21685215696 -28.1722533092 -21.8581632363 0.371094947737 19.1413401482 -10.4006400837 -0.622535301895 -7.53972829348
HOOD
18.4956901323 8.75820822085 -16.8122948974 -18.5599770554 -29.2291490595 3.18100387725 -15.1867206783 8.59754653707 7.44653967073 3.25530712887 -25.4837464046 6.73176332124 -2.21044518868 17.4539182744 4.04349652365 -10.459519277 -10.0495183679 -37.2685524842 -23.2926637621 -8.25954608377 19.4869329257 -0.172701549517 5.28169373407 -9.35140321131 7.12548378547 -23.6228555508
HUD
15.1284464097 -16.8632715987 -29.1275511488 -12.3658687006 -2.12200686681 4.83368781582 -4.12616866464 5.28983139958 -6.08864129014 -12.0406169407 -8.36620140619 12.2046430723 -7.75966472716 18.5106017519 4.71028256457 -26.2236572423 -19.4713147687 -24.368756174 1.07806417404 -11.4950731299 5.43192189606 -1.60202456468 -5.31257449739 -21.1555571571 7.77737618921 -6.68931173496
WHO'D
18.0308300006 3.25378124842 3.42516062514 -5.08563886027 -27.6098745827 -25.883209143 -24.1330616766 -0.77592626337 -17.3342916876 24.9973287015 -13.0670895314 17.6396991725 -17.3275196034 16.7329529247 4.81929593631 2.04878609952 -7.71280887278 -27.3760698038 -20.6787342777 -39.8800016405 -5.37976833285 -20.3908708113 22.6878723548 -13.8427411144 19.9559408397 -5.98195271177
