HAD
15.16497807 -25.6503531113 -19.1069080427 2.46838874956 -21.3461681597 4.85399882292 15.6554144811 -9.62341947363 -9.59901806988 -2.33771979116 -4.88144460597 8.94309190505 -7.49979527759 18.3038020091 -16.276383102 -31.1575846637 -2.99855727881 -18.2304339792 2.09425026702 -3.77909823565 2.52669978914 -16.0607046721 -18.8258418566 4.38620262435 16.5336541419 -15.520159465
HAYED
20.6111417932 -19.8035312697 8.15927910085 -0.801062511193 -59.2071226864 -4.89615752777 -18.8617840205 -13.2223880593 1.45232482002 10.3127628308 -15.4017765942 17.7413529629 -19.47874508 18.1631682654 -18.4657365111 21.5027892297 2.67533740593 -53.6001648988 -10.3427275532 -29.0173700451 -24.2176507392 -5.93624964935 13.0468960208 -15.3240076397 24.804125885 -21.2866832806
HEAD
20.3755131487 -11.9607936288 -32.5655334928 -7.20375915673 -38.5299705863 8.25251593568 17.1733481471 9.50109368004 -21.914064596 -9.62448847993 2.50213749777 7.6135005402 -4.74231332994 18.6582221303 -10.810846782 -22.654791341 -1.93726460811 -45.4157554787 -0.257459695388 7.89287024871 11.7476098208 -15.2936761644 -3.60481698534 0.851556175406 -2.06392102384 -5.40516828318
HEED
20.0071928402 -20.0781335008 29.161481954 1.16124699119 -40.056940341 0.654561990795 -41.7999763203 -14.6723190458 -7.62327614979 9.14442618927 -22.7805931344 17.5984404625 -18.6137389119 17.9414038351 -8.11293008023 24.4390206299 10.7403574635 -39.9138440238 -3.44568584966 -28.9234271016 -35.7510730516 -1.05227557288 -5.24278385207 -15.0356905331 22.7675725035 -8.36072576005
HID
19.9679311136 -11.3791466386 -7.97699638577 -0.925299501333 -47.8934105341 -9.26327396797 10.6575024377 0.462535095601 -1.84224499472 9.8048839744 -14.1300361642 1.61048252006 -13.7004545313 18.9233108933 -16.4011241914 -2.91237976656 -3.10095734614 -47.6578670568 -19.3227605666 6.05124208352 2.59315397818 -1.92015513624 12.7668972627 -8.47891507138 -4.96651327454 -14.8942849747
HOD
19.6032575214 -7.87020812614 -24.9607569168 -39.0412803024 -6.50992022727 33.7980720466 -14.7129852028 -13.5703046666 -3.63378113041 -4.47378553261 -0.485925623561 1.22615721088 -6.10707077005 17.5117832675 -4.95936747178 -24.5266232537 -31.2663767896 -5.50484787092 10.2933794609 -6.23227790861 4.37155774897 -1.47085430023 -16.2479209569 -19.4849459117 23.3420896142 -4.39984978619
HOED
17.8506353113 -9.03426036454 -19.5004290245 -22.038963538 -9.7600475675 -2.397208596 -11.9289555052 -0.914560584101 5.15960771195 0.00164753158656 -33.4555498785 17.6078722453 -12.7359579506 17.2254294317 -3.5559147595 -7.77713987618 -22.6811514201 -18.2212152695 -1.18016134974 -35.6993657418 -9.79994786256 8.13560047201 42.1647283964 -26.2930298566 12.8365540548 -21.8168160981
HOOD
20.2174615293 -9.39542605185 -15.2201771248 -24.1034051952 -13.0882149066 -2.53015899403 -15.7221466532 19.1017574963 22.9177267373 -11.3560459239 -28.7633287586 20.6673641079 -16.1678036073 18.2282871091 -10.4203578998 -8.43584451032 -18.0874469117 -23.6024085042 -25.1966124943 -13.8983331102 28.8094482918 10.9796745618 -4.90359194283 -16.4390302016 19.7130851914 -30.9398491041
HUD
17.0655906633 -15.9278306843 -23.7871068502 -18.778428919 -2.76558664804 17.1147872896 -6.94573512255 -1.57459933175 2.26363841512 -21.2948465301 -9.00008789146 11.7260831824 -10.0015153413 18.475649321 -10.2144247705 -18.0177268156 -14.924875563 -19.0507368158 -6.29167930375 -10.4744465901 16.9473445921 2.77814289426 -16.787094334 -13.4142545955 26.2854361634 -21.6347170309
WHO'D
18.3592044226 0.719682566929 3.35503218075 -28.5947579154 -4.31762150077 -10.5542142792 -30.5513670168 -15.2627574817 -0.976126254128 19.6383282369 -34.725754777 15.1223682764 -26.5224964069 17.9747972431 -0.145524558652 12.2409908194 -16.3648551344 -5.28881603607 -6.61527952095 -41.9423233064 -24.5297616076 -11.4933875212 25.320777568 -26.4313433607 28.8930192399 -11.273718586
