HAD
19.7564454044 -11.7416670478 -27.4530959695 -6.96252659729 -14.7744802968 -2.40839709128 14.478690373 2.52289054264 -17.6120400824 -13.0556958591 3.9966153633 10.1005540292 -19.5469524236 16.7427291328 -4.68669453197 -20.3127517841 -11.7791342701 -31.0016772712 -15.2968129737 7.0806943659 5.68742527746 -12.5936622107 -19.5564663599 -1.53501981481 4.68975991973 -22.3057177044
HAYED
19.795112903 -18.3530355332 6.5672682328 -9.31786226384 -51.6158913043 -1.4190524843 -3.89530785177 -12.3328034108 0.863008781777 -1.22372160042 -17.0171176187 9.14775117097 -6.32392940792 17.363801099 -18.8295898286 22.2562117475 5.68648656565 -45.982745946 -8.01403976953 -20.727142659 -27.0767285516 -1.24373800127 -4.42990558044 -13.6369903909 18.1034116786 -14.4340032689
HEAD
19.0058596467 -6.37924279406 -18.6389613604 -11.901571035 -37.0324421762 -6.08209838275 14.1845667183 3.1101555578 -5.48999867466 -11.044620718 -10.0844206111 -0.387528985571 -18.6393717889 17.4215161575 -11.0396830556 -5.65274273149 -7.3706294723 -41.0939783753 -22.6013766526 6.59805425088 5.78009450146 0.523368523616 6.33543984326 -2.6427704848 -7.77847104043 -24.8676345257
HEED
20.1172864097 -21.4456136185 36.9839791296 -13.0118438147 -32.5528072385 4.57057409643 -27.0279733081 -16.4178520646 -7.67519927941 -6.62830592025 -24.5315393789 8.90422667349 -24.289283055 18.3501920059 -19.7475270823 31.838168179 -3.66295160419 -33.8357735222 -0.513596576495 -26.9758152625 -18.7961854446 -2.37481138237 -1.54150873046 -20.0054109736 13.8079566727 -25.876601315
HID
16.4299827191 -15.8573463572 7.5760867474 -4.02685068497 -41.7043585329 -2.3244336294 -5.40023563826 -13.5490049164 -1.35686093351 -4.77490438169 -7.61907521851 -4.27323310171 -7.68373674238 17.6540142934 -10.4549637931 3.62354474537 -1.94562961951 -40.2308340098 -20.3926668148 2.18112759779 -17.1526002248 -5.27179959501 3.40982814546 0.965479206985 6.68708786137 -9.41175646121
HOD
19.2095177468 4.72720855027 -27.0955133518 -41.9791251067 -8.78638919926 27.2163776186 -7.76471661536 -5.65695645046 -16.1275194377 8.22908246023 -4.45793160361 -9.099453885 -12.6147316569 17.1824953079 -5.46953612176 -28.4209855596 -31.5151406313 -17.8007137805 11.3208830534 -17.4684874619 0.851346053063 -6.1741618038 -0.120107011908 -24.4744470523 9.68536915682 -17.9985330318
HOED
18.6611130026 3.42950807319 -14.6489770314 -32.7402903901 -20.1405962581 11.5666141514 -20.1878818739 -10.8964288543 7.92080505942 17.3032196652 -20.132350629 0.304555814659 -7.29495056053 15.6563827295 8.15614060102 -7.39745808894 -21.9372930533 -25.6038550469 4.16914875999 -25.3711107195 -18.863017467 -2.71786396258 16.0552143629 -8.83925742055 3.27501072261 -10.4660823894
HOOD
19.2372165227 -10.4192873765 -5.20004447262 -13.2570342681 -15.5482150978 -16.9658811656 -33.2026704124 -5.82382677013 14.5992927638 19.3580952477 -19.7977433337 21.9575395549 3.50569356395 17.8420558209 -12.1138165886 -9.06258777121 -3.46864482134 -23.4606663923 -26.6091211352 -25.4416098446 3.21753815868 2.16576359751 5.65847381099 -18.8551258052 23.4240751429 -1.58646686155
HUD
19.1673183631 -2.06203972316 -23.7811976684 -29.1307893045 -9.75453506727 9.80116252737 -11.4179123531 3.46544912864 6.75427570114 -1.77680750595 -25.0590752402 10.9089667969 -3.30008375544 19.0813251041 -10.1692815375 -21.1167821069 -12.6507047194 -25.5837045218 -11.5898758012 -9.34380514565 25.9216883031 2.96119510852 -5.05526072998 -11.7717736105 17.1142646603 -28.0269435501
WHO'D
18.5206951392 -9.23367573063 1.17009360307 -12.9187268978 -9.83032107517 -10.9879722776 -43.2068375594 -13.2661956638 -5.99886122856 27.5703674526 -46.8306306251 10.9744791749 -10.6201078163 16.429154755 -2.02185369034 6.85057351333 -14.0378248306 -13.9278736885 -5.89305796172 -40.1556536367 -22.773016214 -8.22825997144 31.8953980962 -35.8796606392 17.1333302408 -5.53743606032
