HAD
14.7050569413 -10.2445200743 -25.8671878179 -2.28176721397 -22.8040978502 -8.86376960657 7.96587983783 14.486240534 -1.97068633468 -14.4495899921 -13.5891860551 12.3805225319 -5.68529363589 18.3485991299 2.49350834615 -32.5134422332 0.2805373346 -30.6228270425 -20.4436430696 4.37422952598 19.8660000709 1.23821615696 -14.4649337815 -21.1489429661 7.30264233615 -6.14940707903
HAYED
18.6989815193 -6.36345440716 -13.4555730006 13.3898340977 -45.4498162901 -26.1543853263 -9.21419170386 11.0092346265 -9.53014884868 14.3306434322 6.54137228088 -4.98774474575 -3.62282329379 17.7631279102 -6.43113536133 -5.16157364523 26.0995754538 -47.5248004866 -25.4466391388 -14.7547430906 -14.6994743604 -12.3173336184 3.26858168444 13.0099493937 -4.39043745678 12.8456391591
HEAD
18.46548779 -8.41884859351 -32.8591798199 -4.20768226932 -27.3469039585 -10.736886223 5.88635976561 14.2370216551 3.525261297 -21.2122519658 -15.4030111059 5.58638638179 6.29767886872 18.9414341725 -4.65650508164 -30.7166777552 -2.38190256016 -34.2099543563 -17.2021891478 -1.94222237146 19.7942327137 9.41502531963 -16.8476577996 -15.2740746549 5.94013103377 -6.01753023829
HEED
17.3679780159 -14.3495517623 17.4749668488 25.5935919393 -34.8145903656 -15.2791137703 -7.96004168693 -33.0597169064 -14.6092012882 -16.0583932827 2.15177136559 -14.6040028564 5.58811657345 15.7034862128 -8.62429428501 15.531888648 25.16944075 -27.1409328621 -16.1408911042 -8.42608637648 -26.3429446596 -20.3378890347 -15.231018216 -3.35866449133 -11.0888564028 -1.47648050804
HID
19.6467879794 -7.66703303266 -19.2291089376 22.3237082239 -47.4495302519 -29.633624311 -20.764411532 5.68791392293 -9.38901365153 5.57062923568 8.82270281171 -5.39726495463 -1.33246859286 19.8669234243 -9.74089481432 -18.2032075079 21.574363621 -45.4434360854 -30.0069909786 -20.4074949584 14.2309123169 -6.85586853417 12.9369590923 10.2623787317 -1.7229272867 0.16973047826
HOD
19.4205936908 -2.99269227391 -33.6489760908 -33.3489887318 -11.7770269585 22.2251677785 -2.0433841751 -20.30497496 6.09703873301 -6.7514609489 -13.6188479495 -1.25744276403 12.0843772125 18.3378782478 2.44299327416 -33.7747829569 -24.1825179941 -12.8265549779 6.61140812656 -3.39450860026 -6.75602199107 7.65416796572 -7.96933817551 -28.4326682845 11.1358903018 8.90597227441
HOED
18.7741262298 9.88390288332 -28.1716944437 -17.2014862283 -33.2750672142 7.30812403865 -7.00827331245 -20.5346980541 12.9575702897 14.5616043638 -4.01494915199 -23.0304286723 -3.96006797577 17.0803650539 14.4820265004 -21.2547618514 -6.66222614478 -27.428646911 -8.35489785452 -7.82868292147 -30.3229901916 0.145354350445 15.4478539075 5.991986949 0.510823151918 -9.31324317098
HOOD
18.8599464164 3.45567234491 -22.1643721989 -6.35449255945 -45.555573785 11.1846697017 -23.7735262418 -16.0596013918 -0.733454028142 28.4668664999 7.19655964572 -12.4218163417 -13.5449690639 18.8071152517 0.284475196455 -25.7863548966 7.20036099992 -36.278577256 -3.7872435718 -32.9390040212 -1.75043766925 12.594376385 20.0268417234 -4.04282551848 -11.3194276848 3.45634612304
HUD
12.8934390591 -11.7861330668 -18.9439638084 -17.8521859465 -16.4819192406 24.2648313917 2.40943575248 -5.58178556707 4.61735491543 -6.6099763856 -9.61212274747 -0.318583693494 0.416603448288 19.0644175885 1.88619765892 -30.9842808757 -11.1283549642 -33.1162921794 13.3600954953 -12.4969674627 -4.32272686101 15.1358710079 6.63287023737 -21.9778166194 -8.03309087471 0.0687861221066
WHO'D
17.8800189386 9.03441106435 -10.9717862445 0.958938486398 -16.2282825322 -9.0652870995 -24.3086495701 -43.7478479254 -8.03776626867 -3.01536710322 19.4542361973 -26.5473590466 9.38942429965 17.2403637572 10.3217852035 -20.8057656236 10.2548092067 -20.8115218252 -13.7282663293 -28.7452765765 -33.4532445346 -11.5905681918 2.93278398847 11.105976591 -15.133221042 7.97166494415
