BEAN
19.7293576343 -14.1568954291 22.7043081996 12.8450528395 -52.3089010743 12.6741045046 -36.2981555209 5.62415605277 -27.6391940832 5.77944660236 -10.0380707295 -9.46735874174 0.415925214187 17.184129114 -11.8160159864 11.1062588928 10.7692355779 -34.690508428 -0.278437561563 -20.1484294105 7.143014737 -21.4596207661 2.17033745442 -9.65846963029 -4.7739154047 -11.0308450815
BITE
19.5931646457 -6.3639439987 -17.8669035531 -7.09884190785 -34.7417473975 -4.38501669434 -26.2149518214 30.1919501695 -0.607992184992 7.63791602677 -21.3858605914 -16.178883331 8.21716989364 18.1054585128 -10.3719179541 1.68864107506 15.6477834945 -47.9654368546 -17.8780546445 -26.38454996 12.1168859699 -27.6959683879 14.4164498738 6.12338760137 -0.303952946599 -2.37588027652
BOAT
18.7663800079 7.12395776929 -5.76563230114 -20.8450133777 -47.9985747765 13.5551599665 -23.5910930052 12.414975424 -34.3922416734 30.7088114756 14.9315330904 -13.2226083953 1.40539024843 14.8387665999 9.28151077628 -3.4579085562 -10.1409190603 -27.1177704211 3.47100313225 -29.2526573203 -8.20617908567 -27.7530017953 22.5906489138 13.078225152 -7.1893869687 7.07194762161
BOIL
17.5537233706 9.53725934186 5.05100559809 -23.5064605781 -59.7224314455 16.3892313207 -20.7290619136 13.26335559 -15.7503841267 1.30782089966 -3.07683591497 1.69168987494 16.746334578 18.3979602975 0.255411718224 -12.3314639376 -3.64670915178 -40.5738859618 -1.17069420722 -42.2111032344 17.4887918825 -12.1047511031 23.8972602538 -1.68459867951 -20.2850074093 7.80163522974
BULL
18.3824179478 8.73187870443 0.505017023183 -26.3152899472 -61.3034600488 21.788705934 -17.9656098474 9.83860211357 -24.2080302115 14.7231436477 -5.2183789229 19.0386514331 5.71561408742 18.7886912363 8.08058578476 1.0129311908 -28.4100208297 -58.6648832971 24.3764255206 -16.3968811711 10.3717194462 -20.5574670325 10.9825818849 -7.8263897466 19.868263073 0.394556580209
CAB
16.7884160543 -19.3355414491 2.12106698154 -0.804239017817 -29.5593999992 -1.32349701105 -12.1696090502 -3.99877523216 -5.24864195637 -4.67051052661 -5.82068716242 1.43322549619 -12.2042313532 18.4164886332 -1.66482199016 -10.5347448016 -9.28443930376 -34.4579255945 -16.1003457107 -23.7179466026 41.1535281444 -9.51862754765 7.44260085933 -9.13833881415 -7.12235062824 -12.602647707
CALM
17.3367536799 1.0436247516 -19.080976237 -11.5638317037 -2.12852401876 1.09290663281 -16.075608205 4.71769593326 3.93509618283 -0.50508819673 -22.5619329111 -5.49126602849 6.07516123978 18.6578492142 11.1634638755 -23.1006526022 -36.396431342 -11.653162507 23.8213265747 -25.5361773842 8.68157435943 -9.38974481839 5.91734333528 -19.5480470648 -26.6920002232 7.57532270211
CAUGHT
13.1685208353 -14.528133312 -15.2823325951 -21.4650614794 1.33218287449 6.73204644815 -14.2734052409 -4.35579907695 -8.93625772144 16.345016822 -1.82214886866 -3.55979657878 -2.26658100801 18.2124114001 1.99522528058 -13.9684483453 -25.9217682464 -28.8839948495 5.32343281014 -4.97621228529 4.00776574489 -12.289338891 18.5621080922 -5.65858121762 -14.6935323458 -2.41278220692
COAL
16.5988581768 -0.219183322859 -8.16111279857 -27.003559474 -39.3629470694 21.3483274681 -10.1826331425 1.65413541884 -7.24405857236 6.10643038627 -5.45315299893 -1.36241392051 -3.43617574356 16.1200647407 7.55960835189 4.7183628234 -24.6485192514 -59.2639717444 8.16801837169 -18.3082119844 19.0269954629 -1.65029376486 1.5952090815 -12.3063642776 5.88701892809 2.85624311
CODE
17.2329883485 1.35599939208 -11.2986943126 -21.8329106607 -24.3682283104 15.2888713821 -17.0962978485 -13.052846369 -16.0213915824 22.2851835335 -5.97127729544 -10.6626093663 0.231341314467 16.5536232683 11.1766049648 -6.70524850757 -4.39019064609 -31.6191886654 -0.61489428721 -27.2358296477 -15.3499427583 -26.5005457022 17.0354855903 -2.09307238425 1.40040028145 11.5021776875
COIN
18.5326919828 1.57863478286 -1.83562406372 -27.4113780475 -52.2179613309 15.7645521193 -8.50804550274 29.0856145491 -25.4119027371 4.10579604795 -38.7793130817 3.00006380334 -4.63796021185 18.8625834263 -4.31491982972 -18.5707498465 -4.39371246177 -32.7126123969 5.11970498819 -26.8438230414 18.4031445072 -22.3418674814 6.77410857127 -21.888236343 -16.1664468101 -5.4717525814
CON
17.1946797388 -1.57693627488 -14.8877946184 -12.2668463952 -4.49083568558 6.49638935781 -17.0765370959 13.992614977 -14.2084208858 0.571542406332 -23.3934260378 -2.53342021312 3.71758646464 17.8994497686 5.0185119701 -20.4464339848 -26.6158552141 -18.5943294706 19.904337539 -25.6617222696 16.7883744504 -16.924918702 8.76039536932 -35.5877681083 -15.3670578937 3.90634189138
COOL
17.4154905135 11.8397271619 7.18296335638 -9.08209253355 -50.6394402501 16.5502944696 -25.0416269229 -2.86880796424 -38.6132341522 -2.15370599003 -13.9467523535 9.45699001082 17.6106162936 17.9821793905 7.3110510123 10.7927373848 -15.1657500784 -63.539269244 24.4120839479 -33.4759873881 -1.0582515879 -30.1957477027 -5.75787611592 -7.75677977346 16.634101122 20.6987587927
COT
18.2574101294 -7.37551052032 -20.7079511102 -10.1149215117 -18.1019026633 -6.28565401482 -1.29604057 15.505841091 -3.69355886511 -12.4384909726 -18.3790596552 -4.99003989604 12.7620355689 18.3375893807 -3.18672030785 -18.3305793412 -21.9600052016 -18.8927307231 7.77159147732 -8.87668059799 12.1887710943 0.0539557958537 -2.1702817317 -41.1391200258 -4.89631218254 15.7384093108
COUGH
15.2960413276 -3.69026507197 -12.6184551466 -23.4882307485 -8.90983859452 4.98955527571 -17.7674237459 -5.63484914734 -13.154786905 15.4595881338 -9.90529959286 -6.46167670074 -1.9527120649 18.5704260224 7.47920227742 -20.1427828352 -30.745292408 -34.3464573917 17.0692116004 2.37426152687 9.7234038698 -28.588879407 24.7440279106 -11.1413808802 -11.8470274107 -3.09794408324
DEATH
19.1647021685 -3.53195266246 -16.5223340633 0.0235524002314 -40.3431928285 -17.4034371877 -24.5534366712 28.2578595593 7.58218591813 -2.20357775516 -12.192004465 16.3399047065 -23.8904810198 18.7016801126 -2.9505334696 -18.6616157141 -15.1177908187 -25.0351887773 -2.13376131963 -18.7533431226 27.115190774 16.4121805512 -7.84443231941 -34.8381004346 15.3116672825 -12.6812988667
DIG
18.3828795204 -9.79559099049 3.64010799111 17.041600782 -42.8268170309 -15.2110510514 -27.1989049314 1.57099386423 -24.6843292427 2.96965982431 3.85535875561 11.1054750426 -9.62011896316 18.7135284143 -9.61615626661 3.99917529682 15.0505175708 -43.1524603735 -24.9910748265 -28.7621204215 6.75324087788 -30.6055034025 16.6867032972 -2.19236010951 7.55162484153 -13.1194268032
DIME
18.7477040323 -3.20726945974 -17.6860218044 -23.3005298839 -20.6154612997 9.30135828973 -7.97217222806 7.75093045909 -8.07555843268 4.90935180687 -26.1452384748 -18.0560649146 12.0344662592 18.218779221 0.915854521555 -22.7586327214 -14.9664595389 -20.4076313914 5.55388810285 -22.3515979833 17.7611953012 -8.06543145556 -5.04124200763 -25.4642447407 -17.426218358 10.6914984876
DOCK
14.723124619 -5.84847512129 -8.50322889317 -10.8064704583 -19.9873368704 -8.56781217783 -7.66148139777 5.68707921421 14.626412484 -10.134657909 -16.6782286172 2.78564071664 -3.18996782342 18.1729803914 -6.59198437099 -22.424722043 -14.2618206877 -13.1958983279 8.33107031166 6.91193967611 0.397576444265 1.31880625397 -5.77777989181 -34.1698544354 -2.17688358401 12.3551817598
DOLL
16.7798190967 -1.2634410938 -17.2118810743 -19.244584872 -21.3775785838 -1.18993067679 -21.8572608263 8.66679009421 9.27563918085 3.60133888987 -26.4106111695 -0.24409212833 -1.02412810268 18.4717466692 4.87050126764 -18.7802229658 -39.5660275993 -19.5077557748 25.1385310973 -16.0446132282 15.4321731537 -20.7286483641 16.5181648018 -23.0416039169 -12.2194742565 -6.3034708396
DOUBT
19.3076246845 -8.63271511275 -12.5940246774 -5.02106304996 -38.5447082954 -23.7699908202 3.29164785727 29.9934816724 1.76111765492 -17.1134620077 -6.1957750287 -5.70427389546 -1.64760741058 16.8462518427 -1.03336434578 -13.6853617663 -12.9462340756 -28.901479391 3.55902213388 -26.3386883106 11.622625133 4.01660957139 19.0551063301 -23.0432433177 -19.8406981424 11.9576040955
DULL
13.1104094254 -17.4449848893 0.00806277827687 -8.50686296196 -12.8500042854 -8.30035108628 -12.9337654442 -1.15493904509 -4.66666521037 -0.0776418954881 -6.65462841609 2.60332005671 -6.55659124664 18.3560386652 1.70490121793 -13.8511684314 -10.3175261244 -43.3505713061 13.6861199211 -33.4039416016 -9.29054089109 6.05522209182 27.0335110695 -15.0945094622 -3.27000305015 -5.7998201692
FADE
19.243193628 -8.88384431491 -1.57161294014 20.5857849149 -53.3352392209 -15.9593327098 -32.2855559126 16.25585302 -25.8537514466 8.02055048849 8.42481547884 -2.38638338266 -3.08290513201 18.1741675009 -8.67908536981 7.00865815494 29.311156286 -56.956004195 -5.12237200272 -35.2798284671 4.81272111117 -38.9469948358 7.25172594069 -0.836941832492 -4.46937112013 2.25366749431
FAIL
18.6271119906 -0.625972364862 -17.6951825998 4.17432126708 -35.192107677 -29.3769387491 -7.57420554443 21.6480075412 2.48506328403 2.26494595041 -10.3599551108 -3.89263949895 -16.0720936427 18.519312446 -1.79349663369 -12.2566270068 3.79031850596 -37.2428536634 -19.2223383617 -20.2312354303 37.2462270418 -8.63962340082 7.87719923547 -7.2388034402 -6.84335987276 -18.626517575
FEED
18.5245919897 -11.507057583 10.9733770803 27.6510819404 -45.1997540038 -7.6284432313 -25.3363613678 -6.4474950668 -39.9026040245 2.07901458796 -7.10617262855 -6.64397788742 1.14178796248 17.9132089202 -9.97356554924 17.0922514113 22.4265054975 -39.2098456716 -4.38104129238 -31.1392266422 0.313292595118 -49.2352505012 12.4111444417 -16.6196481619 -7.33913350759 4.70675922372
FELL
18.5675411461 -5.47328747767 -11.5421245556 -7.43030885959 -28.0803574209 -8.28317301052 -19.6685043995 19.4542477061 21.540602371 -5.62352959878 -29.2891636933 6.34955222189 -1.78214005803 18.0492176097 1.79416980367 -15.1040862261 -28.0323429454 -34.2624223487 8.47412851034 -1.84067980552 9.23834206305 -7.4237163548 11.5858712418 -12.07307532 -3.65176582377 -13.0617092157
FIRE
19.2094558661 -0.0275245992609 -26.496939666 -22.9850069796 -22.8385273201 25.2295590448 11.1436123259 -17.6748680882 -0.44260524894 0.8307159415 -22.6420753664 -10.4985961151 -1.63690534454 18.5711890341 -4.42684738348 -27.1202202593 -0.876847168235 -21.9489583151 -18.0580523201 -4.93761130762 18.9043944368 -1.87394090062 -17.6259465892 -14.863054725 -9.52394651276 -2.32253874857
FOOL
17.3816044618 8.53681089974 10.8328173626 -16.7698286237 -48.0865251467 11.259671449 -21.0773857451 2.85223629395 -27.9881254936 -7.50710672047 -20.4641782928 11.7210210951 12.6867764448 17.6091058431 11.2432067807 7.21016853893 -16.0241224803 -45.1619343619 11.1550686962 -24.2085934367 4.44467771938 -20.2695290734 -12.0517124024 -14.2542820923 10.7484531152 11.9668316484
FOUL
18.8332522053 -5.52275594456 -23.9452553119 -14.2986021206 -21.3403158144 -0.842336929281 -12.8695378958 33.2996965546 -8.90676865737 -9.76993581627 -32.9526956277 0.858340611739 16.7040068806 18.9759751975 -2.55400845026 -22.8995736054 -22.1598548435 -21.3684892185 21.2107536897 1.42110278537 7.70390351871 -12.5647837081 -1.60809532395 -19.7700844398 -10.8148064895 13.4066196193
FULL
17.865230787 3.47176460648 1.72972178887 -29.2035685553 -65.999070719 26.2021584517 -22.1697342548 -1.3642244987 -16.3883090156 -3.52333521647 0.956840702674 15.4534972636 -4.86589524037 18.8425679834 1.57754287939 2.94824053495 -31.0158199968 -64.3542873606 28.2559492969 -23.6433058397 1.20715298164 -10.2577692568 -1.40772486416 8.91896030172 12.6338389367 -3.8468904032
GAP
19.176256516 -3.43955136164 -15.301664781 -14.7676036991 -25.4602083005 -19.1410420613 -9.89792474062 35.9463021727 -14.0128600034 -8.80971651696 -15.1476645796 -7.29562694189 -4.25929117031 17.8459682866 -2.36755121448 -24.1107775106 -16.0119276232 -8.96238376231 -0.193868020806 -8.26290601381 22.6745048391 -4.5403649188 -6.76016144646 -35.2676723789 4.13731801662 16.7230696875
GUIDE
18.7380863379 -4.0443798288 -23.8937322549 -16.2473934141 -15.619778568 -7.88997260994 -5.1348475745 24.4191340892 -17.4134207598 -1.2044723199 -37.3225288087 7.90033996471 2.11322734187 17.9626628132 -7.82117731927 -15.2314166967 -3.42535352146 -31.7407112432 -13.6746680454 -9.49999210228 23.1030211861 -8.59926346524 -1.93945011519 -21.0626044256 8.03432300535 -12.6047354716
HEAD
19.7534947326 -8.14316780136 -7.89973287533 2.06975380665 -43.2611958461 -17.7381968143 -13.0302656996 27.2542547998 2.8187900832 -2.35862762196 -2.9741079446 -9.8970020105 -19.7803044017 19.3984213402 -8.50607353667 -5.84338233375 6.59382942439 -50.0465877212 -17.0390406771 -24.4264483186 23.46226729 -5.5880665788 1.78042288784 1.99840806946 4.20826865408 -21.5473418655
HEAL
18.6042558613 -15.3889099057 10.1031495688 23.4825492635 -41.8751987904 -4.58922292406 -25.4895512571 -8.60431230461 -25.8336540134 -0.41093688974 -1.8161011706 -6.71251084028 3.77064228383 19.7085752442 -12.6291239137 1.60964970918 28.0621024833 -43.9794587707 -17.2476485689 -32.8994812246 6.48875521876 -38.4203802118 10.113728764 3.12583111629 -7.82884188737 15.0096571529
HILL
17.8278443302 -5.56395739607 1.16244529896 9.47629712911 -34.6369216096 -23.7241037129 -26.799176756 10.1998166652 -17.0134770088 7.63699589837 -0.674907181702 12.8100255802 -20.2102311953 18.9762178916 -6.0578214201 -7.34019009247 12.2419999195 -35.7900603964 -27.150478417 -31.2415773364 9.93509383716 2.14368628541 0.77276990323 2.27014124674 3.81824238196 -5.39071782286
HOME
14.7571196152 0.160327158503 -12.1835168863 -33.2489897414 -12.2066962807 20.6002491499 -10.2800271727 -7.1789607368 -12.917623251 -2.72982036626 2.65531074137 -9.5721913711 -0.300996442096 18.031955475 5.16019895643 8.39013839387 -38.9909539009 -38.9690646548 14.2733526817 -14.2289405465 25.4309271456 -24.6951705295 -2.97021754593 -18.9387271628 3.38992666492 -4.56290915526
KEEP
19.7141919895 -21.7515576832 14.5632834773 9.39000294096 -39.4495506163 3.96625508667 -28.582400034 -9.58889732547 -20.6313113903 -2.032811119 -2.61614287065 -7.39416504608 -2.40821649797 17.26516704 -9.64059488826 13.4122685089 23.2774741723 -40.4323642716 -1.97191329973 -23.103826081 -11.14747182 -31.1337146142 5.54225631722 -5.20730785019 -10.419593915 6.03826912624
LIT
19.3053795017 2.04322690746 -15.8208451078 -0.291962005317 -35.1872290132 -6.01081716849 -40.3635258882 20.0670868016 5.43951613936 14.4599140051 -21.4931316534 3.35689275252 3.85959550221 19.4917037327 -2.23230258975 -15.5634129845 1.25292406923 -36.1432768948 -13.6665156754 -30.505014243 32.7997114953 0.041605074237 7.55943119826 -15.6537750566 2.24214965362 -7.32737560203
LOUD
19.0634877347 -6.66776684062 -19.7971475597 -20.5967207593 -18.7145625241 2.03027652905 -2.32944508577 17.003565266 4.74574015293 -24.9776541328 -33.258382141 3.80408495712 16.8667130098 17.7241876191 0.488761942711 -21.7626404456 -15.5664432795 -29.1157395395 4.07873087486 -24.1349725083 11.7679247888 6.41474473075 13.0929392689 -30.9210660957 -19.2573279482 22.6963048515
LOVE
19.150506664 2.41493314687 -14.8875028526 -25.340716865 -49.5406763322 31.6178313162 -14.3636702817 -0.3621536521 -0.278089764115 19.8771674436 -4.31665123985 -20.663599707 -9.47106107856 16.3830076414 3.01072389387 -9.02789429574 -15.7365720649 -46.2701309684 28.4810918618 -30.364039005 -7.67135175201 -14.0767308633 27.1965703541 -0.762555795581 -17.8734450796 -2.64164015794
LUCK
14.6789138946 -7.76840131546 -14.0293453546 -16.7251796493 -5.1089689217 5.20854077475 -10.1714068557 1.85984521517 -4.30448899068 9.18015927462 -16.3646482808 -5.50120765792 -4.5190989581 11.1969046219 -9.67385080774 -4.66807774549 0.0789212349794 -2.15932784216 -20.8974442611 -19.2555948997 4.77911637105 -8.9289290462 -7.62498512601 -11.317699737 6.17703344125 -7.32725173311
LULL
18.678030026 8.31583326397 -15.7572825242 -30.4138582996 -47.2936192963 19.1757209426 -9.06334678783 5.68226043037 -28.1771640744 21.5887960195 -4.75103639265 -11.7358554969 5.50056166339 18.9431252167 7.85199506297 -16.427064508 -30.5643161756 -45.8560982545 19.8485430156 -4.86958500271 2.22988845123 -21.379351129 16.2608950578 -2.90509998769 -10.5892614128 4.25114446036
LUNG
19.365092468 7.07061940027 -5.38240444277 -43.1341600345 -27.7913416927 41.6865594895 -13.9298586765 17.8503965202 -31.4226900276 9.15779783962 -6.47936128687 -20.7646437552 -9.01279582251 19.0769586902 7.72894318921 -10.1433648127 -42.1022350804 -26.8235344262 34.3764572918 -23.144587643 12.5822283765 -34.1077015585 7.45150437217 -10.6670753806 -21.392397055 -12.2104654403
MAIN
19.4573123978 -8.85505107066 -4.41234587872 19.2391051661 -54.1384753199 -9.36152696502 -18.6440359225 8.52016227497 -20.3836830047 7.14380612877 -7.32411605852 -14.8669840763 -6.22702104905 18.6779757822 -12.786958368 5.37382928467 21.962975335 -55.4536719103 0.0553371197448 -20.4647475078 1.45287613698 -27.252248101 14.071860574 -11.7007763576 -16.692929475 3.42708310841
MATH
19.85656216 -13.3807115052 -20.6789912975 9.53431506079 -38.4018981623 -10.5106245538 -13.9405499411 32.078742484 -13.5245499396 -9.34193001573 -18.6798163606 -8.8938987035 -11.4514001573 18.8611954847 -2.73510292773 -27.2138543341 -6.226526173 -25.6304974529 -4.00872082489 -12.3315806646 29.2336547666 -9.83711866118 -1.44713353557 -38.429021734 6.93390716395 -2.33517037379
MEAL
19.8517167085 -15.2051960287 6.7348133166 24.9771004222 -64.1727416814 10.1235675934 -28.9206475053 6.76764927615 -32.1159062875 1.81941962536 -8.36198912089 -19.4046126765 -1.99776924177 20.0359474482 -13.8988625424 -2.19885308644 24.1101687614 -58.1541038012 -3.13141624871 -32.0291571447 14.328036655 -32.8098477072 7.39205972049 -6.23919936763 -10.9171678265 -2.63139978656
MILE
18.5520108108 10.6917740586 -16.0671643809 -36.6124353143 -20.4607455329 18.3494530061 -1.15389858059 4.24005888851 -20.7937366119 6.65033910713 -21.394252287 -12.4649134165 -1.37718857747 18.2499676033 -1.03372620432 -20.1402438365 -14.7542675046 -16.2984176326 -6.76540657462 -12.1661375218 16.1485374501 -0.289939277871 -8.62111451892 -34.5136703752 -6.25312451017 4.44031431875
MILL
19.3488784659 -8.04345430598 -14.2622344741 16.2971416292 -45.6580220055 -2.28345966488 -37.8046228677 31.3368942776 -7.58335937085 -1.40647785123 -15.3222941749 5.71654633823 -8.87461971637 19.4186302476 -9.00608767366 -15.4967092831 7.65757914407 -40.8558719987 -1.84643840868 -35.4343147608 24.9639564172 7.39661705133 -4.21791983406 -20.412181048 2.26210168529 -6.77082629381
MOB
18.1456534365 8.72568642203 -16.9601586124 -33.1632652375 -30.2118946221 28.3754087579 -20.8020366599 14.2550269998 -23.1787686693 19.4944030505 -26.4232855733 -19.7470026978 7.88401186313 18.0893010709 6.94079117935 -18.7703110549 -27.6724197913 -31.5558527499 26.0647355848 -17.1802807879 11.2220894705 -19.2816712537 20.6340646012 -27.436022742 -19.1254584648 7.94734509249
PAL
15.521626557 -13.8657989403 -11.9791840849 -4.0233009347 -20.7895274599 -3.98968058122 11.5932902129 11.8289768986 -12.6708820905 -8.30421627555 -16.3844995124 13.4983415102 -0.750109651701 18.6021431804 -2.008344805 -28.4299059362 -12.4926728937 -22.2959701674 3.14530225467 -12.222926663 24.6526771044 -12.710554643 -6.06591957277 -34.7451491068 8.72717671599 10.0720170204
PEN
17.1419112489 -14.6185588841 -12.8845128438 3.52009437585 -19.7213564396 -0.163557732537 5.56029298703 16.2423705035 -21.2352908679 -10.7991423602 -5.299456478 3.50202766243 -7.1230852774 19.2967928479 -5.20545830632 -17.0357742192 6.50117759375 -42.0388170469 -4.59507254608 -20.4371376143 35.4096473667 -9.8112579757 -12.570315057 -5.82756546229 -9.43881440881 -13.5794003431
PIN
16.5537783618 -13.2624674696 -8.90590467696 5.55961020558 -21.8444993436 -12.3330154866 -5.65873024297 -0.19829629925 -11.275843373 -1.54386698629 2.23492939768 0.401939551698 -2.57092286544 19.4665847552 -7.81889037274 -8.44389881527 12.389564046 -39.8735379212 -16.2182918541 -20.6487309757 22.1307478017 -20.2570204492 2.20617905117 -11.1114728217 -0.84308796687 -15.7973016125
POKE
15.7505431044 -4.91818008052 -12.8837389911 -21.7708021857 -22.9026904361 4.69650803396 -1.94320074973 -6.86742898069 -11.4586851057 8.84102584912 -5.96022933227 1.46274219978 -0.732362744992 17.1726574287 7.31821232216 -4.34876061752 -20.3265966461 -45.9802680362 9.58918038727 -4.33282178255 -0.28247263226 -17.5552736299 8.53784892089 1.6949206487 12.5594919585 0.510390497046
POOL
17.0467133274 16.3887583383 5.03166394777 -19.1654579775 -47.8136094691 12.961414114 -16.2440164418 -8.19132498918 -27.8306436985 -11.9502079703 -9.14766548184 20.6410897723 1.53736693428 18.0358144122 8.86006582927 14.6719282428 -16.2237970485 -58.3770685631 21.1232380674 -24.9868037587 1.86477523216 -21.5908240795 -12.0774106893 -15.2342457062 10.8466817738 6.92919522178
PULL
15.1147549152 -9.71670549842 -6.30377693259 -20.3023468874 -27.4210496965 15.7989894965 -1.82345375859 -7.39357101539 -6.83181872022 -5.75678231348 -12.4317218758 9.48057108004 -3.84777048146 17.8512081981 2.86751866272 -0.0444385664714 -30.2147646728 -36.3343877776 23.8444265774 -7.23255178598 5.67649510965 -14.041504585 2.17995465338 -9.39980323006 11.2686991683 -10.8353769779
RICE
19.4769796642 -1.11470177935 -28.7488937021 -1.7398246063 -25.2949340575 -20.1391999945 -15.4103199519 18.1118709245 15.8150853453 -10.558104659 -8.48107654785 -16.0143753223 1.29616208061 17.9418068958 -9.10660136354 -1.91989163541 19.5966118043 -41.5986429235 -20.805631436 -28.1335696491 11.2521395128 -23.9116229979 12.013623013 6.10918581095 4.4417232981 -7.51414268472
RIP
19.6873798889 -0.298592670201 -18.1279289189 -0.413002660378 -23.1803443622 -27.761979121 -33.324653272 27.3039664209 8.34158918631 5.92628631698 -1.56763751063 -1.87685877756 -3.34306075215 16.8833138273 0.35935139192 -5.13771511927 -1.69540662847 -25.8726926947 -23.6443328128 -16.0112167545 12.456598707 7.60635660305 -2.3750541631 -9.71188725266 0.724287637707 4.89624809186
SAIL
18.1192336377 -4.36968103237 -10.7711830098 -0.748034675629 -28.9629704184 -25.6922891991 -22.2001134698 27.1377526225 0.910222014367 10.8056222618 -12.9259819997 9.41405633607 -9.14438647476 18.8009688174 -3.44008086717 -17.7980844809 -0.697284224908 -33.400840125 -26.4104396953 -16.0490542235 28.4017710843 -0.573302937642 12.9971571615 -19.9760789489 5.91349134616 -11.0222455112
SELL
18.8180305384 -5.4985664659 -10.5548649257 -2.76346790765 -32.4022416643 -16.5747950927 -36.5768032439 22.2076957244 3.65147769316 14.6475966324 -31.9017264182 23.9493110637 -4.10044319732 19.5577207367 -7.23923270796 -17.7488457209 -14.32445501 -32.501893692 4.5287148175 -29.3128466733 23.8164746999 9.03183853145 13.4369216305 -42.3214026694 -0.138159239426 7.03270285943
SOUR
19.2255065103 -5.34626858863 -26.0281456735 -12.1674929881 -13.0971617441 -17.3561388917 -2.68184377372 29.9078364505 -4.9326319769 -8.97356091128 -30.8065732768 5.56011213353 5.07992789816 18.7910492754 -1.83896753451 -27.7510253451 -22.4819764484 -14.7191485907 4.26962316704 -11.9005754481 24.3896403766 -10.0509539941 -8.89221958921 -6.91363851005 -15.6499476885 0.530406841678
SOUTH
17.4621667911 -2.89993499286 -17.6192160087 -16.269967479 -20.8686821708 1.05449944664 -10.3626499223 8.66854944803 0.782959771888 0.522345086681 -19.7633284947 -3.14080063657 -1.04683021245 12.0978892939 -12.965485637 -7.64574750544 -10.2141680994 -7.0612666328 -9.40114782485 -13.7617237078 -4.45059818831 -0.307039760638 -6.61315938298 -8.24677231613 4.65275873207 -3.64077329191
TAPE
19.1190258748 -8.28853273503 -3.86991910425 6.46007253628 -34.1747626585 -16.7013391426 -20.8488065843 21.7466305785 -11.7118335695 7.08458698729 0.306006699604 8.60843871093 -17.2771026089 17.726850577 -9.97338658614 0.225518794533 23.9772603161 -46.7511363012 -16.053841866 -31.3322030723 16.6510037021 -27.9260702951 16.2309914832 12.606450735 1.07616016945 1.0056961874
TOOL
17.3027963241 10.9592708709 4.51330736288 -14.9721727362 -37.6689079012 13.952589774 -23.4241282616 -18.4260983708 -46.2832784628 9.6102279635 -7.26445953139 8.80491825108 7.4071538783 17.4877563754 10.8164995784 5.69491234312 -16.0226932503 -45.3227001613 14.4646268169 -22.2850022188 -5.2784100695 -35.6859675036 -6.86721769008 -10.619779352 18.3480769229 19.1644095903
TOWN
18.1031096369 -8.0796167354 -23.5293593046 2.7773063338 -31.9097113344 -7.60145494888 7.45183438787 18.8729191088 -15.5468535006 -9.06941472271 -20.6552403341 -1.61277331214 -6.2899214855 18.054538422 6.04184778333 -26.7275879319 -16.7558560649 -22.3329258552 15.4717801936 -12.5488819365 2.56248889607 -9.28488617647 7.15071975877 -15.9797142984 -19.4341860375 -3.66362144449
TUBE
18.2953318444 -4.90050713137 -2.59666797649 18.5968449385 -28.459719621 -23.373290755 -37.1120568518 16.7794049508 -42.1305712253 -1.56190650089 6.57978285216 -4.4373712267 8.93166976751 15.7116871645 5.87695373952 9.18152261993 3.81391335374 -25.7831156936 -7.46432815797 -29.9641893046 -3.89141749164 -44.475414448 8.75481546767 1.73172869206 -15.0318400109 12.141117893
VOICE
17.691541413 10.859323343 -0.651767646817 -18.0160270552 -62.195181945 15.372952059 -11.5275026099 -1.15944206259 -16.0031034659 4.09598124136 -7.21806426323 11.1438463826 13.7545076702 18.1606842888 -0.674345773931 -9.14439918463 1.26718114875 -39.4804850645 -8.98187589749 -28.7598070066 3.87981762108 -16.1596906127 28.1780497255 -4.76437583599 3.01741891341 1.53315580403
VOID
17.4457802553 16.2295716736 1.38015053552 -30.0443474077 -50.3775328673 1.66374425377 -15.3801195282 9.67350300734 -18.1516230912 2.72779612171 -12.3379504892 14.2434024134 8.74395057547 18.1518353825 6.2641497409 -16.1268041294 -8.11070744909 -31.3805298662 -10.5818460595 -19.7658860974 -1.99982613145 -4.2411860434 25.8681345815 -3.51884045214 -0.491997497581 1.28357550473
WALK
16.4253344661 -17.8872138242 -18.9755481457 -32.1920159364 -0.112145121162 32.5719605717 -15.0106323703 -8.56644536736 -20.4385405312 19.5195934354 -13.5720655718 -0.412093756323 -11.7511826211 14.3689527494 -18.8499928423 -14.4845456314 -25.4026795001 5.61705810639 29.7017220859 -20.1244041261 -9.93506951315 -22.6310033181 21.0184802164 -13.8878063999 0.581421360869 -11.554357201
WALL
12.8337340281 12.8425727476 18.9663007361 -9.04569241452 -46.0209047814 -6.74272581796 -22.8919488229 1.86167420913 -1.97589913429 -4.34959366029 -1.07916001054 -10.8848227274 6.63267603465 17.9367748024 11.8707037335 -4.8695881155 -30.9822459839 -58.8794804852 16.8106379 -8.0832553885 21.5831277721 1.62728763765 -7.95381115311 -7.77759052926 2.70044361314 -0.0937843561798
WET
19.5089546908 -7.42496494762 -20.062255546 -13.1649699895 -24.4085723328 -11.6218913157 -5.93538618107 20.1851712357 19.410126084 -6.34894000737 -34.640984799 -5.67048851181 7.56703162077 17.5348055914 -2.23086073725 -19.8690537464 -9.06158219207 -19.4021435302 -11.8395040543 -9.8790648033 24.119008708 3.65288883384 -11.4523340392 -23.1711289716 7.67444766471 -4.99301642181
WOOL
18.4033200302 15.2453040993 -7.2924287107 -26.0374953112 -56.0091783641 12.3690217307 -5.57827490339 8.58762782338 -7.30564266414 -1.12027250493 -7.2754185256 17.0702982773 6.35426320165 18.6078042049 15.5001673769 -9.0001047788 -23.2127352885 -55.3486243007 18.2019638905 -6.53056020031 5.74208285914 -7.44540462962 -2.91735505246 -3.69049326805 14.8837863803 4.89531719727
WRONG
14.1243244203 6.80343517864 2.54293259305 -22.6488937581 -16.8750325465 8.39251584612 -18.938878998 1.18835005643 -5.83250364022 -10.6805644797 -13.2114573557 9.54147492705 -15.0360695453 18.1232810793 9.51301378463 -13.4173501843 -28.1981448347 -35.9231529297 23.7449277573 -10.656373492 11.0980684383 -21.412929886 0.13653569744 -8.90254757921 -7.97600793726 -6.83024051966
