BEAN
18.6568351277 -11.7728224016 16.9639858354 24.863839124 -48.1677898125 5.86069200568 -32.5040714264 -17.9807468834 -19.4785260754 5.08009961178 -13.9842275216 -5.64167298736 6.02852822733 18.3430785658 -12.5438370137 13.3595842869 33.5618717112 -48.0787751237 12.3790953705 -23.9349957825 -16.550719512 -13.7502111181 -6.23701362471 -21.9314961007 -9.97381870816 2.28322341054
BITE
19.7805241048 -6.98126831303 -19.8397053476 2.25175121859 -42.120366561 6.10743209865 -21.0297811267 22.3265781134 -1.5201859418 -3.51803169863 -23.7184676683 2.08257606532 -3.64499351267 17.6167815203 -15.6235694615 13.3536134642 20.6166144981 -50.6085832017 -0.91653055099 -26.1187678 -8.47657061063 -26.4256579565 10.9876138568 -9.85351831235 -0.282540332474 4.32300377051
BOAT
18.5540193786 4.09327787593 -3.99622552216 -7.80623684756 -45.2371838017 8.43071030051 -43.2370730048 0.000836604007555 10.0847517541 27.2570675659 -17.3264238957 -5.39929216705 -1.74892454859 14.2468487846 -0.721932802452 8.16104657927 -4.70464337214 -27.1651310711 5.47505937105 -23.5596252365 -23.3266715698 -10.0294593891 23.1132702868 5.2747956321 1.35119952906 -0.604790027192
BOIL
18.3622032774 10.8808747639 1.35824621537 -27.8328721613 -57.323707433 22.6801324963 -18.7010833009 7.01436643057 -6.23190809291 -0.888844807527 0.67052347022 8.94895796854 -8.00519198073 18.467810511 -1.22567444534 -8.20774544912 -2.36673080497 -47.878134135 3.90635508584 -39.2785176275 7.66792359584 1.57229908946 21.3619808595 -15.2795823536 -8.30587578533 5.34860486757
BULL
18.7255661655 -0.460481722512 -5.65443421968 -15.4384133348 -54.452967486 31.9642318914 -42.0103293256 -14.1987006797 5.35098222099 19.5039658559 -8.79966526047 -14.1726321101 -14.620898811 19.0235477457 2.92862421286 -3.76279645021 -19.1250378071 -59.7025856321 24.7688747174 -39.3858246755 -7.79084187266 4.03920217122 16.9150149289 -1.83377387917 -7.08681112903 -14.1052135765
CAB
17.8353694704 -16.9481363738 -4.13442953843 0.390471275171 -28.67836527 0.60859748457 1.29035082971 7.07996023484 -17.3728936103 -2.25304293601 -15.0469093877 4.34648976123 -11.5207657255 19.1766676975 -7.79388057624 -23.8984517059 6.35300531161 -30.03304887 13.8211526642 -14.1851059368 14.5181442739 -20.0372144188 -12.8847862696 -21.3302741665 9.58804446825 -1.16557197923
CALM
18.2041096905 -6.54423499916 -21.4437124765 -5.62544132226 -12.8385954037 14.9074331974 -28.5041991651 7.13947836317 -2.30519648004 -14.6642379159 -15.7024191644 6.91101938954 -11.7424930252 18.2341292027 7.33329432975 -23.9180658615 -15.801160177 -11.7321534642 36.7418494566 -45.7937125587 -3.02260429114 -0.801283959345 -23.3336046509 -0.616464822447 -17.4360792354 -7.10422452102
CAUGHT
17.2511383414 -15.4497745957 -25.4634549899 -10.7234400978 9.4063051892 6.34438028659 -19.0470116686 11.5905047921 -7.19979246799 5.44803870138 -21.5637927114 3.64809228825 -3.89367446883 19.4508289382 0.307068531566 -35.0515922665 -12.1735010903 -23.1388504011 28.794226756 -19.0358866769 -10.3537506633 -6.17389688604 -1.86843816208 -21.1296294087 -2.73946765988 7.94010800683
COAL
17.2597885101 -4.06474687884 -7.29592011396 -26.5606078806 -25.807994557 21.8127036514 -20.9010777113 -4.88180122486 -9.7386722864 10.486530371 -9.57443030687 2.78202142662 -8.39847451507 17.3433785131 5.38452089894 15.8877446305 -13.6306324596 -61.2866537866 20.3116651453 -27.066468323 -1.8501223263 -7.22812084566 -14.402449892 -1.56069955292 10.1565637006 1.56310354149
CODE
18.591187465 -2.36193824637 -17.8872238901 0.254362154605 -34.9710403784 3.25899563428 -46.7380964893 -1.66614457009 5.21263756264 17.5868727345 -24.6351555184 0.797271461525 8.87286396278 16.8214694548 3.33943415578 -10.5367237185 -2.67193615967 -34.7466745491 8.26023500427 -36.1112164184 -21.2565687939 -9.79962096813 21.1035346639 -6.34841949543 -5.20551353244 11.6029035562
COIN
17.7978632272 5.676729955 -6.47290255232 -10.3815440037 -36.205174709 -2.5177359682 -11.4661646053 17.8860305014 -25.6802469568 -0.162186904486 -25.619175005 -13.9902972226 1.48935582765 18.8417017634 -9.8915541225 -3.56658791246 21.5684107118 -42.4164448858 5.47377651043 -20.1544520711 4.12054478298 -18.1126446029 10.1732065562 -21.5990594695 -22.591597055 -4.26009766016
CON
17.7508278592 -6.43346621552 -22.6587368219 -12.5951354552 -2.12792915028 17.3686763524 -25.6389539386 3.63618812164 -1.96184218112 -7.0777839396 -5.6637922965 -3.46170527499 -7.42040610125 18.3181799021 -0.207511096666 -26.360531125 -18.0614431134 -11.4514138545 36.6230213236 -33.4425995023 3.99586634711 -10.5391696203 -11.5086189477 -4.96825189169 -21.2212819862 -7.09182786715
COOL
17.5484390912 12.3010896955 10.8317246413 -17.5122558172 -40.0539007867 3.6001302845 -30.354148228 -8.93856529087 -33.0145012906 2.47350109961 1.05014072878 12.2552970347 7.16914677032 17.7846634665 8.68904218454 7.38388455692 -12.8543721034 -51.4281798185 17.0348408862 -29.6629731154 -13.1023895316 -36.0100900969 -16.7559043882 3.00862124703 17.6185417257 20.3208120382
COT
17.9959534749 -13.822707731 -20.3162296664 -12.8667543398 -7.43269782972 15.8717231506 -24.5638569684 5.29937612454 -5.6998975522 7.69895008325 -21.6957294862 -0.32601611443 -0.943344099463 18.435145198 -2.92835643946 -25.1207308959 -11.0698391635 -22.9354333866 26.2978586711 -27.1545554303 4.67010599781 -13.9169516388 1.26907875573 -27.8227118331 5.41030864393 3.68885902106
COUGH
19.2335806517 -1.83079112232 -24.3035784355 -15.1212249534 -24.7337385882 32.1131507234 -23.7221559602 -2.49678968336 -18.2796618953 10.8955025905 -23.5234220496 -2.66765968101 4.71126119969 17.7660381708 -17.5407712912 -17.0925005985 -10.9988058144 -8.88037894464 21.488835628 -5.0150525253 -4.93059358616 -12.5310918225 1.32359266282 -13.3499197977 4.5356155218 -5.88294037676
DEATH
20.0719300697 -10.5330473408 -14.1993810537 1.00225534704 -42.7833530355 -3.24503178788 -19.7177899992 31.8846046657 -14.3415231518 -7.61604992213 -15.0422256033 11.9861681771 -16.3042964675 17.5750042163 -11.8827695591 -12.8682553073 -6.78326818586 -16.3237304213 -2.66806715373 -4.46189639018 5.68201460882 -15.498079908 -1.09669484747 -17.3508230024 18.5215682988 -8.15480206214
DIG
18.8937272388 -8.26680524698 9.77209721317 20.9327495946 -59.325375362 -10.4586807922 -25.4897588569 -11.19047873 -23.4543555125 15.7947672309 -8.89229864957 10.1180710053 -4.32998060159 19.0024607355 -8.70015105977 9.75136756377 24.9910541818 -60.4399389261 -7.82175900345 -24.0937375172 -14.7054094966 -20.9512752484 16.0157912326 -8.97873700532 11.1004393279 3.75044596997
DIME
19.2277946361 -3.06729971901 -25.1178815728 -1.53799852348 -23.6977446809 16.5671722594 -29.355639826 -1.59198575418 2.46089793715 -17.7900853778 -12.6624029443 3.4266452988 -12.4397440343 18.2946989191 -5.10682374651 -19.691385801 9.24519750791 -22.8543264022 15.4623726116 -28.8686470595 13.8840502741 -14.4508695741 -31.4324057721 -3.70560716985 2.27022109239 -14.8531439205
DOCK
19.7646332193 -3.51247372676 -30.568804683 -10.8925855422 -27.6151651007 23.3870483886 -14.5865448208 -0.269099315202 -10.4717621795 -4.16705918727 -18.488622053 -0.558891736778 9.89361187366 15.7987543289 1.27569008848 -24.0172920207 -14.1607118128 -8.99138348733 18.6414901225 -13.2498716199 -8.40373217209 -8.04032561699 5.12724823278 -12.2761064734 -24.4719403859 2.62343013483
DOLL
19.0413761952 -4.77280936458 -22.6478967791 -4.87289613841 -32.6065796724 33.9012202239 -22.2366469041 -7.29547390952 -9.50285102462 -8.33389766719 -13.7291155986 0.812505438554 8.8492562419 19.6718671111 -5.70442990259 -18.9708625298 -18.2423477736 -35.5782821304 55.1447450112 -20.6257775915 -15.2260951266 -14.489699856 -8.9025008202 -2.37620860268 -7.2440834577 -5.72998213567
DOUBT
20.2075122455 -12.7637684495 -17.4945627446 3.54112715011 -36.7608341578 7.78119158157 -18.9219263334 18.5376810558 -18.0357327027 -3.73797431098 -15.5267048724 12.2035545841 -5.8271665024 15.8434343067 -5.72400933276 -9.9506331526 -9.42631165232 -28.4547207679 9.51365275073 -25.5194301589 0.619112425295 0.126358276921 19.9018805284 -11.9615531237 -10.6616939399 -1.16558141535
DULL
18.5420244677 -7.54057506431 -8.89446734982 -9.64532989555 -34.3877956539 3.45173177968 -24.4572552741 22.0680983597 2.39855113973 -18.4015432048 -20.1430257586 8.98193640297 -5.72378258233 19.3213614615 2.90888301243 -18.8696095941 -18.8105883599 -32.3406470788 28.4472308315 -27.7357136721 15.512977224 1.70245627913 -19.6427210689 -27.8732628041 7.06762461049 1.55596758524
FADE
19.2171256218 -9.2201820712 1.43911835617 20.362567309 -61.4224245076 -11.1360679438 -23.305676655 -1.93416557514 -12.0422625024 13.9826154082 -0.106252085603 -3.02305815805 -6.98255165737 18.0091432325 -10.9959227021 7.90696920136 31.3518339464 -59.6196995986 -5.92019289475 -24.9014720108 -14.8085229909 -17.3816568671 12.7312463897 -3.00452892596 1.87335140023 5.83524086395
FAIL
19.1414868612 -8.19602663857 -7.06506531272 12.2634817076 -52.011170934 -14.9313657331 -15.4893799648 20.52229678 -20.0453679099 15.7901452598 -14.0335244225 2.18699631297 -17.590800557 19.1769622573 -8.81407053889 -9.40686322817 14.527665701 -50.7077424219 -12.8631902571 -18.1841260133 18.9040369198 -15.5141880965 10.4214571387 -14.135873396 2.78549388674 -13.5171199589
FEED
17.9837398598 -6.305660627 20.4748416137 21.8576092227 -45.8136195891 4.19968096607 -35.9638616321 -10.9908231256 -28.2522284776 -1.40573340956 -9.18719942621 -5.81425032874 2.60837939747 16.8108329921 -6.66304689144 19.8862232864 29.282282159 -47.994688611 6.76688054872 -27.6090505668 -16.7394918038 -25.5895562806 2.02955851846 -9.70114991215 -8.86106853006 8.13543831541
FELL
19.1160252564 -0.470891782351 -16.0663025385 -2.81574198282 -41.5091871635 2.40040293839 -16.6039336648 26.0114349662 4.37117815757 -18.7584856882 -33.2794581705 13.3249155134 -8.83790777581 19.127124796 -3.61909634268 -19.8401228082 -7.63594306006 -33.4096739095 19.7703379626 -35.0860804585 13.8686492348 9.15537869791 -24.9928083525 -34.2866406431 9.75296357103 -1.0693931644
FIRE
19.3851988221 2.52028928835 -39.7303320025 -12.0408545608 -24.6045942236 26.1507442983 -13.3876692601 -16.3290420727 1.96194752312 -8.94584275528 -17.6488431191 -2.47204535604 4.11948457896 17.6491370315 -2.16266097011 -21.5113182759 15.7976477593 -43.8099923306 -3.57929580538 -4.23227746869 18.5829635594 -22.5054238168 -13.2592302216 -8.70995830598 -15.3056803874 -0.216478244138
FOOL
17.5238139784 16.6453384694 9.41334526066 -18.8343050649 -39.5335026273 2.50750909802 -22.0710868847 -12.5211545911 -35.2106063054 -4.17306173079 -2.77796865534 11.0682826324 15.0268123512 17.1586982701 17.117719124 12.1227424377 -16.1990798211 -47.5109348503 -0.28974526942 -25.6199147309 -4.61872655314 -30.0974806475 -10.3695492129 -7.969470304 8.50577151847 18.7969749251
FOUL
18.4222854705 -10.5636647764 -21.1428895014 -9.67728200774 -24.1793918604 14.363984544 -21.2295046853 -2.39890457226 -11.4376971781 -0.144269344742 -25.779552721 7.95902117279 1.76361816847 19.0111682745 -3.13882477288 -24.7662218198 -11.8972922318 -21.7814489651 42.9492325966 -23.5776218161 -13.0663848321 -8.155195472 -9.38713566371 -18.267587339 11.1428526193 -0.697502481164
FULL
18.5186980891 4.86911190428 -1.18551179865 -29.6577852406 -56.9767965659 34.3317518497 -34.4711884541 -0.556961451878 -9.98635220067 14.9529407549 1.08909030785 3.7100227643 -15.0043988338 18.7462261706 6.87624927158 -1.08963225541 -29.8650171962 -58.7193232767 22.2686731675 -30.8690298458 5.95945692578 -8.79042896035 5.10984873552 -4.7654105045 2.81856197849 -13.4462651484
GAP
19.1561348126 -13.4179254737 -11.519291404 8.41575080886 -42.9598167748 -5.51353488709 -10.3034383809 8.80997955335 -9.0882095366 8.19748432281 -14.4430917467 -1.17619715017 -9.76262241018 19.0741920921 -2.75202345392 -30.4863463671 -3.45616863872 -23.392216425 10.4984918019 -14.0338393669 7.93970352005 -18.9711347838 -8.6208868462 -18.958875828 13.9461730209 -4.25227192335
GUIDE
19.7236369788 -10.3727955091 -26.8520885615 -3.03040890117 -24.1190041153 18.9050472914 -20.9397843863 12.7786507089 -23.0800291491 -11.6749401827 -26.8901754314 25.4547653983 -9.69441234822 18.0310588174 -10.0554313969 -16.7645090934 4.39452150058 -25.7775938686 8.35848948887 -12.8082840013 13.0929489326 -21.8611716153 -16.5314369073 -20.0640335441 17.8020474472 -13.3115979056
HEAD
17.4791272348 -22.090664653 -6.22423324823 -3.44516549951 -35.0248738919 2.22801022693 11.5550822488 5.45795025972 -16.8897184936 8.65703872 -15.3359143238 4.1686331979 -5.00104316206 19.8284897886 -12.1219897914 -6.12034000161 13.3350870603 -48.7177646795 -9.042721379 -4.65217878388 14.5372787446 -19.9804109879 3.57297658666 -21.5433972264 2.19801025684 -16.9347987843
HEAL
17.9107069923 -8.75947045117 21.7700206171 28.9744393376 -52.2667389998 6.61185878938 -36.8708955932 -16.4612901978 -34.7350904074 1.96043460183 -15.4473755293 -4.39628196559 8.5145003869 18.7450747436 -6.21672839889 7.02870023215 21.2041979833 -59.1838945576 -14.8406771129 -30.7869996512 -12.2968178683 -19.4886571745 8.59593109904 -9.93379622875 4.450410049 1.92343700749
HILL
16.3609800394 -16.3348043941 4.01242031602 5.91110857831 -37.271445149 -4.0983691911 2.19216636504 -3.64396492551 -13.3787172021 15.135730009 -14.3595334815 2.85326992919 1.26798824366 18.948806639 -4.10651393876 -7.19588562405 14.1429833712 -45.6315010264 -19.4747943786 -25.7500812328 13.7597129419 -14.0985027018 4.92184685879 -10.2206636392 -0.16347225219 -12.8464383195
HOME
15.1017845979 -7.95511239846 -10.9599016962 -28.0076999871 -8.16288978441 22.6293185775 -2.60038394372 -1.12329221088 -19.8876734369 3.36056158094 3.1620708078 -4.73410916481 -10.1049701919 17.5247917788 4.95239180764 -5.30811567311 -1.29241320148 -39.6900686589 -4.75817360066 -14.5511426304 17.0860809723 -30.7457136047 -13.7263443447 -25.5892697437 -10.2164785653 12.0744392431
KEEP
19.8239027578 -17.8684176162 27.9009846238 14.9352034976 -47.9085485437 6.62900202853 -38.4268527249 -12.8566459472 -25.1725639477 -0.35973986107 -14.9722983191 -6.87479765973 5.69864213572 16.3399179019 -8.58885252164 18.399146754 23.4618712442 -37.4304682049 0.0130398473835 -25.3056420385 -9.8894976 -23.0903514895 -5.30510306765 -17.8738517215 -10.3786379291 4.58666135285
LIT
19.3726739282 -4.9738834553 -1.56680124535 19.2962053459 -59.9189953124 -19.0290960899 -20.6149633533 1.33385648382 -11.5960344533 7.65797498322 12.4935767702 -3.74634793779 -14.03014013 18.7373876238 -6.28003878654 -0.865876482379 12.793276175 -57.7657800476 -18.9337037084 -9.72622256228 10.3489124183 -3.58589244866 17.3814635776 10.8152348483 -1.13913597523 -21.2828551261
LOUD
19.6518967276 -9.73044311951 -20.4596130457 -7.26544304699 -23.0332334187 26.6279486941 -28.4474335888 11.0313414666 -20.8954923577 -14.8097619031 -20.6615277022 27.2628858953 -11.8537000827 18.120431514 -9.83402063945 -21.0360021 -4.56259634303 -27.584538397 25.6846958863 -31.9034040851 5.32761041731 -6.01261822995 -2.90442846983 -31.3767881235 1.27252446392 3.67316777347
LOVE
19.2238800651 -1.34120324563 -16.921687913 -14.3082354933 -35.8953198935 25.715700581 -40.2788551516 11.6148721753 7.64499832692 -1.22179224035 -31.1799505562 -2.57159524102 -0.70454610694 17.1054395417 0.419764225341 -8.99132746088 -11.7765861333 -36.132395424 23.9221613217 -34.8809158236 2.5336735701 4.46669494741 7.2133582537 -33.5585472823 1.50965512683 -4.65094796519
LUCK
19.8778151876 -6.23383758171 -21.8562236496 -21.8030872276 -32.397292167 40.8575854376 -34.9368930129 8.72169938717 1.08873664746 -4.77079749977 -24.4932667932 1.3842087362 4.27154700667 17.5717489461 -8.652162095 -25.5247044878 -12.9220396936 -13.687098762 11.5905946025 -16.5526236962 4.88889000517 -1.66903540639 1.2874530562 -27.9555604787 6.29378689733 8.5643721843
LULL
19.0947640791 2.79766001786 -8.99560260102 -32.4365620123 -32.1355624693 41.2249279707 -35.7590752482 4.6473623736 -2.7062126521 1.02558320211 -3.47672769202 -12.6335154062 -19.455838082 18.6159983089 2.52270983941 -4.96888982394 -31.4395195188 -42.8480874558 43.1005796049 -38.1146638593 0.769527466741 -4.71651361007 1.37115522872 -2.04784962695 -8.1276139062 -22.9478245465
LUNG
19.6298209485 -2.1264772815 -14.109566736 -24.8306234916 -15.4908038202 41.9467003921 -53.2274033874 10.0496612831 -6.18320061614 -8.05813493567 -11.6950234066 -13.6699852117 -7.62870556534 18.5394424722 0.670460842013 -17.7329113839 -14.0600788816 -8.49396550891 33.3025200831 -52.8070407443 9.22200316249 -10.1332681558 -13.1284715641 -2.93447510276 -22.4517227897 -0.28453915167
MAIN
19.584106032 -10.7638211433 -1.29716578471 14.9664447715 -56.7831225504 2.18238030326 -14.7627876993 -1.80572214857 -15.61712894 11.4213341428 -24.8157273832 -8.60570560893 -10.7580922656 19.1671660125 -13.7714436404 4.00192613241 26.0063154443 -56.7493904057 11.8143470274 -10.3816112631 -16.3819452165 -7.32689317805 1.19365066865 -18.4685213836 -12.7544382693 0.0274781203456
MATH
19.4239770326 -7.26359658972 -21.6351016982 3.55059495912 -30.1395112667 13.6354155033 -23.0282074659 8.880008913 -16.9633460524 -20.2440945661 -9.34156245454 5.61621936444 -20.7612514785 17.2086680921 -10.4042679013 -16.3539273486 -1.38273833304 -8.93583302174 14.8536137315 -15.5758438219 0.183062750416 -9.28180800381 -9.50984869486 -12.2966676499 10.6565101117 -13.995156258
MEAL
19.1751618891 -10.4138834083 18.307230969 29.1314753109 -62.2363470156 7.5984432944 -40.2907936542 -12.4804702512 -15.237978706 6.56844623228 -19.8800351196 -6.75244027393 5.3506554497 18.573238074 -8.88311552526 4.09545424864 17.7957821642 -52.323053567 -0.00677190472911 -22.4000402997 -1.10720258775 -16.1512944259 -2.74933521908 -13.452828332 -4.23186129714 -2.22919437108
MILE
19.347773312 -4.73952977524 -18.1764836904 -15.6998146853 -27.3632149933 39.0373704576 -42.7999024572 10.6295904888 -8.28915806895 -16.9875860929 -13.0049025126 -0.540863287439 -0.133042344844 19.4595349311 -10.7157243914 -24.3974355008 -0.201673813035 -21.1945469512 22.030161115 -31.8753380025 13.641259995 -20.3239592581 -17.7683174613 -20.3838771358 19.3648271475 -11.951705942
MILL
19.1700600246 -6.40785367678 -2.59994764919 21.8449353181 -55.7658502434 -3.2612080715 -13.9504935088 -1.44900561023 -31.7685137591 13.8887836517 -19.7786567083 -9.10607644072 -8.34651216181 19.0434976811 -5.81929216909 -8.51248951155 17.912628037 -44.8798450993 -10.5558753521 -17.6832390246 7.79712113749 -26.6258382227 6.07269136822 -20.2602278558 -3.01518620291 -18.126147161
MOB
19.5777486553 -4.35588011711 -21.6725014109 -18.5926337074 -17.0374660526 37.9622492973 -43.9478201752 3.05215720364 -5.8842564323 -9.78031715958 -5.09279162813 -21.1148294507 -4.54624180177 18.7759001187 -9.99876247817 -15.7606288777 -17.1992048483 -29.4477817933 53.4848637111 -29.5844114047 3.27265426171 -13.5644883806 -4.43871210811 -10.1604228739 -6.45470952485 -5.09467871349
PAL
18.101371978 -13.2420055134 -21.8746117548 -7.70676301552 -13.0725746857 2.85746076898 4.62223557251 4.3452831289 -16.8141194961 -5.43114264439 -14.9794555725 13.4035738666 -7.76282749954 18.9395993214 -1.29279298117 -29.0445509488 7.67859094394 -22.869626281 12.4167399437 -21.7848917205 -4.43512224268 -3.2222196469 -18.0585135787 -18.0534529508 12.8181880852 -5.56640470202
PEN
18.3643672073 -13.9612880355 -13.1510232188 -0.929385601807 -28.2656666501 1.47184145901 13.4612949539 5.91276677296 -7.03087634176 -0.534810270748 -12.2861219542 -0.335391483201 -12.3406573057 19.3881444261 -8.54305185728 -11.3999801809 21.0426974314 -38.7513491483 1.08431910235 -3.17819428729 -0.828417206909 -14.0524597998 -7.71287049549 -16.6157311977 -1.12108885204 -15.9704469715
PIN
16.9826569586 -13.5178775276 3.15057443929 5.29654935246 -32.2293148826 -8.94784900268 -0.332779375876 0.118908697611 -9.48211214455 10.1284440063 -14.1895982244 6.96124821229 -8.78432968466 19.6640601236 -9.46574264033 0.590178048943 15.3303057292 -55.9923251034 -10.7982860243 -21.3923751246 5.26411315122 -17.9428535517 18.1216859448 -18.1112432763 -9.24659180713 -12.8742146736
POKE
17.9829730011 -4.22402774836 -15.1147825806 -13.7539838303 -12.2443898802 7.21953930625 -23.7944255599 7.6144551129 2.41224117978 17.3470968899 -25.31099709 5.90209429922 5.50142440133 16.1439704069 5.26083201917 4.39478374785 -13.1678126938 -24.4978149563 3.98541169162 -25.5627936232 -10.8050394563 -15.6500430511 15.4868428242 -0.97329568536 -3.70110940483 3.40851187411
POOL
17.5433743738 16.7793831522 8.85034147253 -10.4168615906 -45.8148330977 2.04515715633 -25.6210092382 -15.6989453188 -16.7771563856 -3.31955539392 -0.19062706001 13.5653027692 19.3140805642 17.5715356035 16.2123283346 8.26953435473 -10.6554412956 -47.1531477558 2.60759435175 -24.0003769062 -18.1450521133 -10.7235628201 -16.327521682 -0.822553508836 9.91286656617 16.342966622
PULL
18.3151259898 -15.0721922205 -17.3839897374 -11.4151724806 -19.0797412017 -8.65327698288 -5.10071988695 6.51166522246 -5.79936963766 13.6759396144 9.34832338801 8.11890785982 -18.7256835898 17.5499952667 -10.974081038 -12.1375665324 -15.6703738132 -16.3547718086 9.26876977673 -9.17922953883 -0.708735912905 0.863717647581 11.6476237461 -0.290883379436 2.14735676246 -14.3193347881
RICE
20.0521376492 -8.03810576501 -24.0525690153 3.73393034319 -34.4211339974 -1.87618998802 -22.2748002005 39.3974011028 -27.501160308 -7.59483927755 -7.26484027218 -11.1848306673 -1.31861218741 17.8052514551 -8.3906056212 1.34912414598 9.41332104335 -35.1936463944 -17.4858440696 -14.723567486 17.2519313327 -31.1045158587 8.34406227936 -11.6380729977 2.00383719413 -18.1095622998
RIP
15.34110923 -21.8430074496 -8.10777212518 -7.90126372944 -8.63229130889 -7.41103893233 -8.35733108421 7.82810841372 -3.03004051055 8.77166995368 0.921442814606 13.788539136 -4.97850272774 15.4632216529 -23.7645677545 -16.7315181392 -2.19555945832 -6.52667705634 -6.36217111275 -11.4783702718 -0.0883178420555 3.89651743228 -2.00858016541 -4.37479966164 13.5422175038 1.9852145492
SAIL
19.3587346011 -9.5344202049 -6.27940265773 11.5809725745 -53.6488410038 -10.6522632223 -10.4497902354 25.9219728598 -16.9245586393 12.814254596 -15.8111161058 -3.83696579274 -19.4625561704 19.6364876396 -12.2700332146 -4.95258801492 20.1423754147 -54.6686868266 -8.85594010836 -10.3754984854 15.232317216 -12.8884016357 12.5514489582 -14.4534920716 -14.2960652085 -13.2880104771
SELL
19.6386484444 -8.8870208851 -13.6550081663 -0.756555008906 -38.4603582326 -2.05837614663 -29.3550963453 28.5840866664 -1.52667295035 -8.69098949379 -23.8295405696 16.5415132419 -20.0488708513 19.7717573211 -6.80788080317 -19.799764307 -3.87567952481 -28.8258682248 0.259094531084 -24.8177727696 30.740946543 -12.1976306727 -22.9055495819 -24.6779530481 16.3286739343 -6.74291485353
SOUR
19.3681031789 -6.88887740746 -30.1904704449 2.01315439632 -27.5021349872 20.6484552381 -18.1287604048 4.18052441667 -13.3763643633 -8.63513745717 -22.9315489062 8.73606157582 0.787747690778 17.7319123939 4.36287483716 -29.5746461038 -10.9679895891 -22.8595050779 21.3537963888 -19.1257476476 -4.36482000226 -20.1829528047 -2.17095880915 -3.31719005282 -24.3499797256 1.40795337161
SOUTH
19.2197722723 -5.25678598105 -16.6400701328 -9.27040772852 -32.0392581741 4.87865929281 -20.2965327621 23.5945979646 -4.43587170997 -4.46366442859 -29.4444370515 17.1273247892 -3.69579408264 17.6547043151 -4.86061131992 -13.0173850385 -17.7917835584 -29.1673879782 13.8598751543 -17.2288540511 3.83324771212 -4.95525123507 15.3932144706 -33.310754811 -1.51773687989 1.26017613001
TAPE
19.4121003842 -8.45389343551 8.03104158466 10.64041837 -56.3196385347 -16.2492497449 -14.6134680617 -7.11731053421 -17.9537356265 22.3925005366 -11.0130600156 1.13631057633 -8.37331310126 16.0046997621 -6.01735049821 14.9420724541 16.3181271555 -36.7317370772 -4.7487400988 -17.4276137415 -11.8742275196 -17.6087014765 9.18028920405 -7.87070147156 1.90164624518 0.162097329761
TOOL
17.0408719487 8.62339870112 -0.0277298090465 -0.95654207098 -25.086258191 -5.26699780727 -38.0953068799 -13.7454108991 -23.5808091169 17.0247549276 1.10559499039 -17.4302341368 11.4335111057 17.8186845264 11.5663148684 6.40264590498 -13.8042137036 -44.0167663789 13.1378616789 -24.5339014815 -13.9481542023 -34.9018426745 14.5387704437 12.3191481733 12.3313947548 5.06381124061
TOWN
18.7222952215 -9.96651877682 -18.6472293443 1.70399969427 -22.2463939609 -3.07172744232 -9.31647656925 10.5251533148 -17.3332126817 -11.1069976573 -10.4789321676 6.17653940286 -17.5452094331 18.4024734266 -3.63532887557 -22.9833842283 -4.96161561662 -15.1730720805 23.8591133361 -36.1143413182 11.1475234034 -8.70349016464 -21.227301646 -6.06808824786 -11.0499872707 -8.55429738085
TUBE
17.5200069552 4.54732799152 2.45900946183 16.5061891452 -16.7279027214 -18.8559324456 -54.8421100479 4.38068950774 -35.1140809518 -0.702379655768 -7.88369215067 -6.45223015399 16.6566014572 16.0304945086 8.70621359651 5.25890124165 5.46341903772 -13.5796848965 2.63377198472 -45.6612432972 -22.9991369355 -32.4597724567 12.9483307638 -4.19675000331 -17.6899143753 11.3544380126
VOICE
18.106148379 10.0792848836 1.49838266211 -24.7598260727 -53.0531711275 17.9589091722 -21.6721015479 -4.28996823404 -15.3234395061 -3.10939233792 2.7933915648 3.04157928354 -3.97819652529 18.0902266025 -1.74855162573 -9.99433421977 6.91252234499 -40.8345232541 0.210840576049 -25.9990261359 7.04776860477 -10.4730488978 14.1067678335 -5.48709030818 -11.2905869711 -1.255395017
VOID
18.2370129825 5.98276626318 4.4177870293 -21.0632139092 -59.6632012466 19.4763301929 -25.9914787 -0.101440160353 -17.8563136757 8.5715232395 -2.05856470776 16.1072681047 -0.572283722294 18.218889622 -3.99532490095 -11.001445852 7.17647007572 -47.5661681503 3.39750194182 -29.5282279313 6.62722466419 -11.4098100933 16.069126035 -4.14044417083 -12.5067230169 0.420401969694
WALK
19.7420040522 0.506546265114 -25.1691902126 -26.6737073458 -35.4086646264 37.8076747693 -13.425406539 -3.28240194268 -14.9122101829 -0.329464421862 -15.4578167729 -6.91933969118 -8.09470523498 17.9755040847 4.18944174998 -29.0429460374 -22.9178583522 -8.35066318183 21.6011779373 -20.4591417938 -1.61143093724 -20.2334756816 5.67283214175 -1.75938289359 -16.514924615 0.231248383017
WALL
18.8827796687 2.53750832318 -8.73064943941 -29.38832948 -44.0177761924 39.798524324 -22.1404102336 6.17933832872 -10.8129143036 -0.185173428407 -18.8254993566 -1.00525357336 -13.299499786 17.5741123264 3.21920892339 -8.86859461351 -32.4455219086 -38.7038914178 38.7825601927 -18.1301379447 -0.658315467268 -11.3572188351 -8.28232023236 -11.4852342054 -4.00600483822 -13.6145550199
WET
19.6366265932 -7.0966615068 -17.4736384604 -2.76214635546 -38.5776831297 -0.734066144989 -23.7929581516 25.388048593 -21.7180743032 -15.6610719492 -17.4495068599 5.90091374526 -0.3708179699 19.6962764259 -6.68464979798 -26.4993382638 -2.59807500405 -33.5961470466 4.6579929647 -9.78379883631 26.9535298452 -19.2406810731 -16.1133966787 -17.8973415367 10.523122668 -3.59379050741
WOOL
18.2611527479 5.59383051972 2.7646385965 -18.1820871735 -61.5795328438 35.1852878871 -34.8514738894 -9.63330863416 -11.8125774675 14.2101393285 -2.78742045922 13.0550851868 -18.9868339785 18.1604429387 5.16338549604 1.27480928861 -17.9369376796 -54.3143318423 34.7818487878 -34.775044686 -9.39014286386 -13.304961891 12.0047366709 4.97125211991 6.4276924684 -15.7041783232
WRONG
18.9937521717 1.67055065687 -25.2349512762 -19.5379289726 -24.4385912971 38.7096697032 -37.7158537144 -0.447781990511 -9.92157297604 -12.1572290477 -2.1004529308 -22.0253209698 -5.48035583016 18.4968810079 0.639937836796 -20.8734095752 -19.7412869674 -21.2695163041 50.6758921368 -35.9849394284 0.521536691817 -24.4553867238 -15.0234885849 12.5980045546 -26.2023901776 -8.05779084494
