HAD
18.5563402505 1.65093698283 -27.4464060608 -16.2774739731 -16.4850683871 4.77282266974 -4.83394821324 -16.2455289251 -17.7681935089 -5.82798880937 5.52164469801 3.41592062983 -12.9675950987 17.7077605805 1.27912661343 -26.1336477296 -14.7636628152 -14.8076927059 -4.38761725672 -0.721186158882 -9.73509989809 -13.0929659319 -12.1728884957 1.72337302806 8.17927552505 -23.4082838599
HAYED
18.256280013 0.457697227715 -7.91794287243 -14.4073091857 -44.4861076206 -2.39700530173 3.15984985347 -5.47756414768 1.90144898985 -2.02475750633 -8.99879051285 -0.943489689535 -7.88162765487 17.6642240882 -2.76200719327 1.33666145793 -4.17178945216 -56.8262908084 -3.25700837759 -9.63333144574 -9.92612049216 1.3958354738 8.00029540233 -13.2544415176 5.59610414179 -13.306231798
HEAD
18.6010981545 2.4952990241 -21.9923214844 -11.1250447576 -26.513011447 5.03694553741 6.08788975374 -6.44804277399 -27.1404999055 -6.6230545725 7.33108726796 0.170020533687 -5.83515265027 18.0723275228 -2.80394122698 -15.4966601924 -8.62457123799 -33.1547225349 -7.07132532807 2.58615808295 7.55149536028 -20.8141012155 -3.36414447277 9.72634288002 -10.6071636266 -11.1479520188
HEED
17.5595215237 -5.90096196079 21.40205247 -6.08998149538 -49.6436976606 -4.34211181646 -46.0429406208 -12.7258937365 -4.2635370355 0.108129212873 -2.46738633398 11.392953659 -18.9531733238 16.8732204908 -7.85535332917 12.7339729966 4.47077324267 -44.8705633993 -15.2568766453 -27.8228691414 -9.85614006097 -13.6128925428 8.28136630384 0.273081425468 3.95221751467 -21.8332999745
HID
18.9587816713 -6.39626124183 -12.8800997237 -4.53632471825 -53.3635973049 -16.2168345716 4.13287698984 -0.306234391141 -2.62830321309 7.33926497968 -10.1467953687 -7.43942652799 -17.3063625523 18.3921661459 -11.0419732729 -12.2260576186 2.75694587219 -44.7369876098 -13.7537854759 1.45207311018 9.41136471857 -7.41084158829 3.75990570439 -0.677051102561 -7.42922213428 -17.4498822231
HOD
18.4281736415 11.0030670269 -20.7844876687 -34.6428342154 -17.4314351023 7.55202305839 -21.1727462865 2.94078817059 3.06348250115 -22.2794233273 -12.7737596246 14.152932168 -10.1687129518 18.1702981992 -0.995011277673 -23.021086216 -17.9667065562 -26.6716865285 -8.3571048753 -10.2242144111 6.59819467885 -7.28251823477 -20.0767473366 -2.19038612498 4.32270903491 -16.7902317001
HOED
18.6449943942 5.73438407782 -36.9532623799 -22.3463113531 -17.6282589755 -15.8260614801 -13.3800243345 3.76302884708 -1.23279119724 -17.786509165 -14.0037937105 17.1649936162 -14.6795967859 17.6631909627 1.0684923508 -21.0981978388 -16.4445438509 -20.085682633 -16.5746161804 -17.5115421613 3.51399547867 15.6888257277 -0.843795469458 -20.7688602779 10.1510915364 -7.67982036904
HOOD
17.6538390763 -2.09152444181 -12.2066595036 -4.65763405186 -41.1046400757 -12.1460757159 -8.03478430508 18.1549717479 -15.411604222 -10.7656964305 3.44251951763 -8.23098094459 -19.7769318566 17.3249035992 -1.44677425119 -8.48329479962 -3.69032625378 -39.989799542 -16.7899155191 -9.48641535314 12.2362324689 -16.8974066859 -6.44563562928 3.3348484522 -4.89795453146 -24.4496941736
HUD
18.6276817823 3.39211809688 -29.7414503967 -16.9890362297 -13.6679548991 6.04800410995 -6.48441529196 1.49821654025 -19.9217963391 -18.3924059139 11.0117402974 9.88155397379 -13.8263971374 18.3576210337 -1.83033469229 -27.5945873465 -12.9025629882 -27.8669169008 -10.6375210334 -4.49550807456 10.1425457515 -15.072205177 -18.9118661049 12.496751018 -4.21852087842 -16.4171912125
WHO'D
17.6742618787 6.70413446456 -3.03575573325 -5.57723762805 -33.4095618977 -26.1646437095 -19.8834773547 -3.49030744439 -10.0863788982 1.43723344482 9.2405763965 13.3475432267 -20.5185125089 16.8763497388 4.08511121299 -6.45497091656 -1.23729018489 -28.4253397234 -32.2487222278 -25.9805714729 -2.21379882052 -16.1573673635 3.02957915196 3.84629093734 17.5465215634 -23.0442158991
