BEAN
17.7186164967 1.73778436355 4.81893018439 10.0337295041 -40.4115783912 -13.0440913352 -16.0852192441 -21.5155248241 -11.8880187013 -12.5758345911 13.5588876105 -5.87586857654 3.85521470271 16.6560194842 6.27673406078 10.383773342 3.75706278261 -47.9703702746 9.11319025862 -19.4937602065 -27.4891700401 -4.23911818998 -10.6341367786 -7.02963888042 -8.78437685778 5.92090218808
BITE
19.085523306 11.851181379 -23.6288958662 -29.1200998087 -30.3259955263 25.5221993383 -16.6130780479 -1.3349758539 2.38076925899 8.35153698302 -23.0688749579 3.91324697281 -8.72492680401 17.3913473764 6.98735035812 -9.54306897845 8.38880135111 -39.7640226573 -12.1308087532 -25.5183732938 9.51251499265 -13.9058000423 -6.50010451057 2.0226026852 -4.26444069006 -2.72332773707
BOAT
18.7189291395 15.0745425003 -26.1029199468 -11.7240368866 -33.5795549633 1.40623048385 -10.0136197209 -22.6496701129 10.1041984727 25.0590422141 -0.27094559095 -6.00724167575 -11.0937315391 14.5138317537 12.4398353859 -2.99794077794 -7.72853505551 -14.3338050628 -12.6468791629 -19.3040369136 -29.317401757 -13.9314691011 10.8069025607 10.8856069547 -3.95201861863 -4.06964167812
BOIL
17.3650391679 18.1619785872 1.77973399389 -27.6587872854 -49.2977539318 1.96706593166 -7.53489800843 -5.05864545315 -1.07401350781 -5.0125503126 -11.6318162988 17.869448496 -8.21381665433 17.9258681553 6.84123307148 -16.7110590257 -10.1701302229 -36.2831753752 1.40079414714 -34.7257563782 9.16277408514 4.01914449186 17.4357731877 -15.5213960484 -7.47524846003 4.13596884152
BULL
18.1652150101 16.9252764198 -3.0439286276 -28.4746464296 -58.745127514 27.7336326373 -14.9785159089 -1.49430593646 -5.47648071892 -7.08372323631 0.850662615474 23.770288921 -13.1794363616 18.4700028442 13.5194711819 -4.79033162373 -31.8174846035 -54.7451972741 21.2610708179 -11.0572750926 0.167291777836 3.60597599453 -13.5114161112 6.20372585829 17.8617195949 -11.1185929128
CAB
17.0988656986 -5.7496853208 -9.73473901431 -3.2770960925 -37.6442247505 -2.80049052794 -13.3856420912 16.2597631912 1.71633199955 -2.11153317985 1.05599563722 -0.142693991087 -11.4102867115 17.8727828386 7.94579601564 -30.7541009108 -7.47113088309 -33.2573055847 9.53363512031 -9.17782333307 2.47893800333 -3.17400707842 -11.4398770062 -21.7730928045 2.54307624841 2.63412462816
CALM
16.2538281304 -6.04094164314 -16.4570838258 -22.4076005389 -18.3086158373 16.6234736739 -8.85856162104 -5.16477838285 -4.64982405326 0.426913085331 -10.2891970332 -0.0274451540655 -6.7506495812 18.0108299914 17.7273958247 -15.2327293032 -36.6918939011 -26.2596809827 8.80742866043 5.18243561424 4.38563219579 -30.2465118827 0.68287234082 -11.6198233014 1.3723360119 -3.80322341178
CAUGHT
18.7045155648 10.9332242368 -20.6809068915 -32.5676220693 -39.7519547484 38.3240702401 -13.2383639223 -13.3178183375 -3.07569090301 -6.15923725913 -0.146400933506 -5.75945562556 -9.98753341382 18.087102325 8.59594686336 -22.0011483535 -25.3226048941 -25.5112911427 10.9036872478 -11.7328212631 -3.78359520377 2.63112999858 -8.55315925362 -26.6608679058 9.484696709 -4.55135857581
COAL
13.8873595495 -10.3218192336 -13.4585519225 -14.1646746423 -8.94860378922 5.02311002366 -7.39823413146 -6.13297566054 2.26621371166 11.000745868 -10.8179424321 5.4625575365 -7.73250204403 18.4781201303 14.9956708458 -8.48774845842 -27.2552222504 -61.0346537389 20.7456877258 -6.42645159482 -7.26253207405 10.0437839163 -19.4133810906 8.04524057502 12.809621284 -11.7185917739
CODE
18.2877302807 11.1104026825 -21.5279561347 -14.2124934838 -36.0452496128 3.62651229239 -23.4836836743 -22.6297070537 18.988869925 0.798257971273 -7.30983458565 -20.8026648139 7.45941175219 16.4045131122 16.2805442856 -5.11989421703 0.109491384773 -29.3497756333 -12.1144942826 -17.8386340928 -29.8099524052 -1.18320041146 3.03029460989 13.7791244979 -7.13385530197 2.48793323601
COIN
18.2127129939 14.1834301243 -13.4082034634 -14.5689385556 -45.560222362 -1.90108678705 11.5242609508 -5.94712810779 -6.23768472573 -4.7174534538 -24.7928722633 2.08766121242 -0.982731550243 17.5313731976 10.412840429 -19.3587571427 -9.62990811667 -23.6521212324 -4.06016926583 -14.9738382417 5.62105978229 -23.5355222954 1.53207208702 -12.6616317164 -14.8474731643 -2.96988874652
CON
16.3526047022 -1.43723553811 -22.0549048869 -19.5156006712 -11.5911991444 15.6474041258 -16.5409649483 -1.73963010622 -4.79569933565 -2.57214566583 -8.71065094545 -4.19723362886 -8.0194193378 17.9451414547 14.2531703005 -26.9928824419 -28.8285047002 -12.015551309 15.3447690672 -25.1872849289 -1.56330817802 -13.0537191939 -8.54674093429 -15.6083851982 -9.17131956019 1.12915471962
COOL
17.3597518408 18.5804467192 -11.7586080662 -6.49037624037 -37.7167999193 1.53491536078 0.0151746044572 -30.5236577192 -22.0121056823 -2.92159826079 16.312255376 -0.0422105898994 3.91995310454 17.1380923212 19.475883319 -3.59896857962 -11.0045957718 -43.3769137012 -1.2713095477 6.48981139313 -28.2986321862 -18.4591071089 -5.16184849712 2.28515250161 13.0840320895 8.12814886317
COT
17.0437173222 -5.39918799652 -21.6895734979 -5.41190167282 -16.3430821328 0.174693561327 -9.98937576504 4.63367134508 2.53238046969 -3.91366899092 -13.7108293551 -6.65631136474 1.07847983314 18.3377802582 11.2735721037 -30.2826256855 -15.4520145728 -16.9679782876 15.1389229746 -18.2524925285 -8.74237752477 5.55344086704 -8.33414996482 -29.4432862284 -0.600134780761 1.65009208312
COUGH
14.3041746305 -9.92572233191 -14.5085534646 -13.8564265627 -13.7735113646 11.7785549922 -10.6858023599 -2.36633241763 -1.0065139637 10.3090476863 -14.4661727794 1.44774191463 -2.03756050302 18.8592346915 11.1706027691 -22.4110313506 -30.203614523 -37.5891548159 28.8561967331 0.863632180609 -15.3553388892 2.19423877524 -0.69219577945 1.29061319613 6.25339299239 -21.3040800936
DEATH
18.2425943512 4.5509295989 -13.9565816054 -5.26957973688 -32.5072784746 -14.7545979757 -22.8086422162 18.9337114619 4.6110939037 -4.70321043813 -6.47411139505 10.8708799717 -15.0735027015 15.3288308288 3.37160170085 -14.0548681031 -7.37373292088 -19.8397576638 6.42924836378 -19.2400349012 9.27023313512 1.33412977357 -16.9739941306 -22.2043708202 13.3830796775 -9.64802364401
DIG
17.7321574414 2.71683217486 -9.8458594978 20.3176239759 -36.6980044598 -18.3520154036 -31.3273715587 -15.0675122769 13.5687538462 -26.0715201627 8.44397033814 12.4668924337 0.936077223062 17.3693588866 5.11683285129 -15.1172020103 24.8161214792 -27.6553173926 -34.7733290006 -18.9923595124 -19.1870706826 14.1104155329 -23.6128409253 15.2953144453 6.16545666004 -2.56271141298
DIME
18.9739885778 10.2437229547 -29.2531148157 -29.8910709518 -8.95245866793 9.37354464335 -18.180810791 3.32522548172 -7.8887362424 -9.64202289671 -25.5020991919 -1.3245191248 5.97995258359 17.1344954071 12.6160991087 -24.3727041322 -15.1617911694 -7.76308008216 -0.152719872474 -12.0947218962 -2.12591993603 -4.78324114584 -21.3963048216 -17.1088893848 1.66907672079 -0.705077249378
DOCK
19.0379069088 8.79602997592 -23.3612280042 -25.9690435324 -37.9441090214 21.3445942085 -21.5054878889 -1.39032664364 8.31708823636 1.29941022549 -24.6969936873 -7.67734158385 -5.42255257904 16.4837319544 8.01533800096 -23.2206772062 -14.3661428135 -12.445964459 9.71808332536 -12.4598501598 -9.55587330312 -10.5630357285 -4.96765472424 -26.6921338515 1.74574903123 -3.09647971565
DOLL
17.6842227042 10.9328355748 -15.3724852508 -24.56665036 -36.8864062634 27.4677026574 -37.0781047711 5.90461475921 10.3008875764 5.49418643082 -20.4378426389 5.2802995841 -7.4743405595 18.5113120221 8.89730454721 -12.3450430951 -32.9106280974 -47.4460924226 43.4615310426 -32.0782542759 2.2757073361 3.85405727246 4.04518412615 -11.1301100579 8.44932138115 -14.5701264309
DOUBT
18.6055443257 7.02070010587 -24.5437201189 -13.1117609702 -26.222596653 -5.20881935261 -16.3596745628 19.7427010188 -0.266676407883 -8.80138487577 -10.7994609542 4.86720968494 -3.52593433988 15.2456706603 6.32262514854 -14.795653294 -24.6999667344 -27.3038731551 18.5293579306 -12.6416563223 -11.5838176832 -2.49874867012 0.825275812371 -14.7582038522 -0.296847958881 -12.1242158055
DULL
17.6528957465 6.86291934394 -18.0551535124 -8.50768674461 -32.6436490084 4.45788774709 -36.2084431306 -13.4328270171 27.2357146712 5.235270713 -8.57860550849 -2.85346474579 1.83063551228 18.5890763828 8.57263980352 -18.3193179583 -15.8726396889 -46.0137468628 25.2176197671 -25.2482541211 -13.5837726134 25.5523970944 8.97897443115 4.68221033404 -5.53321472861 -14.6350126015
FADE
17.8661841221 7.03964702306 -13.5225896041 2.81558944958 -44.9552329692 -6.57052157393 -25.2262768029 13.8024840957 -2.61002162315 -2.81356533603 3.09006958686 3.09120590411 -2.15082705209 17.9624047777 5.40824229871 -10.8603585661 5.34706099556 -46.3924264582 -6.55836347627 -33.7907731269 14.1637409313 -4.62858191332 -7.48145410867 13.3372669347 0.797879062595 -6.27597947087
FAIL
18.686551029 7.55112269432 -28.7879482301 1.30037635409 -32.2295951654 -23.5278298229 -22.4451471122 25.5363039452 9.68168106473 -6.3567940359 1.38469349971 2.33069824289 -8.52012596777 17.3428925637 6.46701303703 -14.8660631295 -1.72805560413 -35.5600573596 -16.1859077261 -37.1575178117 32.8584344949 -7.82521454544 1.28099415171 10.4073284195 1.13565506081 -10.4629083144
FEED
17.6898437351 0.402290367504 10.7241260552 16.7089604342 -40.452580802 -1.96598484269 -37.8917579426 0.685195672321 -26.170663416 -9.9323576262 10.9806847458 -8.76138898495 -1.56522219019 16.3893176678 0.982276942713 16.4329662205 19.5893249154 -35.521351539 -6.89019865809 -24.7824082175 -9.37532268364 -20.1387302972 -10.7694553071 8.95573306632 -12.8574884215 2.18325960633
FELL
18.8862427636 7.84129763084 -19.0249007226 -17.1831459521 -22.0372135514 -1.27932806146 -33.7749817998 20.6814778518 9.59113558253 3.93349234191 -18.1539497793 2.71023051134 -0.616438697685 17.6411659951 9.32126987158 -14.8322843996 -23.4931919635 -33.3507905758 16.7345679991 -32.8271428085 7.02683339714 6.16676487757 -3.52694251707 -23.5714389738 9.65204674883 -6.80835071475
FIRE
19.0403774704 8.4660052128 -30.2876516815 -24.4233118864 -26.5148779171 23.636711039 -7.79875118177 -1.36582779224 -1.52193314271 3.5383849754 -25.2374237882 -8.53620515562 12.1613369281 17.7689123782 10.5906226821 -33.4018751518 -7.42402582054 -21.601725137 -7.26454013173 0.30123485577 12.7293284092 -15.1919644809 -10.7359766083 -19.2306128423 -4.04078890623 13.4870537087
FOOL
17.6934650151 21.3034822273 -9.70873274837 -10.3781128261 -41.0493385782 -5.50608691372 6.28247003898 -25.7439381566 -20.9946835331 -11.6362503632 5.35290374803 4.93401008971 10.6408180067 17.0105718721 21.9821707916 0.78129178843 -10.5758318376 -39.3718481191 -12.8778769423 6.3074152455 -20.3530092599 -11.1162378332 -9.14592130778 -5.78529479012 8.29212324069 10.874915669
FOUL
18.9829656724 9.37232706635 -26.8377418099 -18.9917214627 -20.6562903457 4.73405178053 -5.13919312215 5.47419085731 -1.92280980509 -6.74259746734 -28.2280807427 10.2012983625 5.11697438672 16.6690668932 16.0542934293 -15.7844217662 -24.2469772759 -22.1924791634 6.80789599356 -6.94473642413 -4.96032589679 -11.0918346447 -3.33990751031 -15.7538121192 -4.72552171654 -0.351291905562
FULL
18.5398653767 15.3846395806 -2.19819364501 -30.3994167384 -57.0087429037 30.8345495495 -21.3178531642 0.0963358810739 -8.38787910181 -8.98513497438 10.3277658093 17.1926357482 -11.009786594 18.6794990302 13.9933354329 -6.27381602071 -26.1453115475 -54.5000147403 23.6494633069 -13.4218100048 -2.12317652982 0.250417335949 -16.7301467418 12.0839285195 15.902212922 -6.9664789831
GAP
17.4437895352 0.571821213195 -3.40782977471 0.327549208032 -41.5841224433 -8.09417614641 -15.5843706877 4.54022211601 -3.9250211229 -7.83840944148 5.27578540746 -4.84432380835 -5.93370544192 17.652672806 11.3110515943 -25.7698423092 -5.03221379243 -23.3402464491 -8.75215239034 -4.27842386228 3.96860276753 -9.85097448764 -12.8306632153 -18.8738575051 1.54677154523 -4.78755744522
GUIDE
18.9120872947 8.34603314487 -35.3262598491 -14.5733150606 -13.3552760331 -12.153646127 -0.685943273587 15.6828743465 -11.273168399 -0.618190513809 -30.2882102296 13.2307150369 2.81520515343 16.282728081 9.3051387658 -17.9162361701 -5.78050346691 -29.4636190005 -16.6127445431 -2.41526780798 8.46963420248 -9.84862179319 -5.51571509914 -17.8686501745 13.1906450459 -11.40323608
HEAD
15.4921503733 -9.62435805256 -16.8371746967 8.1042939145 -34.1876636332 -10.6830466212 -1.28981304585 14.5242818862 -0.397862619038 -5.17412618832 -1.68278211504 1.9789600364 -8.07764918663 17.8365547408 5.29703788432 -16.99790963 -0.500203421247 -38.0067361715 -8.88411334058 -35.0749920406 27.5225015244 9.83186000034 -10.8340990459 -1.45597300608 8.27048627074 -14.1538244612
HEAL
16.8632351023 -1.34849828851 11.3740112807 29.4918556923 -33.2954026486 -9.22273371192 -21.4516418474 -15.4162853802 -22.5382949088 -22.4769278434 24.1336435218 -26.0912946522 9.57660400846 18.7586474513 -1.67990227687 -9.10543011788 27.5594726453 -48.6516956446 -16.4145288717 -31.2399214303 -8.53712342596 -4.94425029708 -17.103145666 19.2204371164 -2.78601093945 0.313291903463
HILL
14.0241382008 -9.26590379137 -9.99635493261 12.4977069548 -32.8981567792 -12.6856865012 -6.04166178858 1.56088964242 -16.4718473307 -7.26312910939 -2.78877206926 2.00869395291 -5.86849423964 18.8432514945 1.99033906857 -22.6190669954 16.3060815861 -41.878936701 -11.0600088398 -31.0320589514 11.8293383839 8.45696460086 -2.7750101088 1.18971507364 9.05801974566 4.67053732737
HOME
17.0578434528 3.90594174717 -26.171866829 -19.1880374545 -21.5161050698 19.781387604 -21.1156142036 -3.25353413037 -11.9300653535 -0.802661685732 -6.31288829115 -21.9999955951 3.04732796253 16.9339329775 10.1077694683 -14.4819854353 -10.2395614844 -38.4217908554 5.12320483297 -3.95584655806 -10.0968250687 -21.9614130804 4.59264892323 -16.6363618893 -0.26413319825 -3.99043821982
KEEP
17.6002912289 -18.0698083597 6.33783691248 4.23061013297 -33.7219162882 1.69077031816 -22.6065477791 -4.77419000254 -13.1665941108 -15.1550226353 12.201740674 -5.14821979017 3.58862648344 16.4680579883 -0.864834388563 7.10348962343 29.7975417218 -32.8344520469 -12.4566910129 -14.0387294456 -14.698122846 -20.0784725982 -18.9491585313 16.0448352051 -21.8078708515 8.28583800791
LIT
18.7263823726 9.28354439047 -18.9635094918 -2.58226947702 -36.4041451179 1.06283418405 -44.2270513124 1.6889513981 15.8237947977 0.231308366534 -11.9312058823 11.2437153433 2.24214510752 18.496200742 4.64503809273 -19.0355766873 2.12924026056 -36.1714855815 -8.82472333928 -36.3030335409 15.8805585503 15.3092342408 -7.66834727162 -14.8576078983 16.5060869414 -9.15547580054
LOUD
18.9947737867 7.30489379018 -31.8185637174 -24.1704839016 -8.00818153525 4.53633213681 -16.6502697821 10.7847919549 -12.2102481892 -9.85609992527 -35.4634190364 25.5759230252 -4.37828422478 15.9480370146 12.6185016206 -14.0367895714 -21.2831434902 -25.6679917101 16.4585312221 -17.3332242166 -3.93037077829 -9.47649013725 -5.32031156713 -22.7695643854 0.00696912238887 -5.85677708647
LOVE
18.7310481001 9.03891837675 -16.1968639077 -29.9692664051 -40.188609122 32.3390108807 -32.4571564744 -3.97444070211 9.95590423169 7.73765983115 4.77170145446 -13.250573883 -16.2528200262 16.9443052731 11.1591354892 -9.26159269128 -20.7127387966 -47.6162596432 29.0749536184 -30.3097710065 -20.4175075372 17.1943889187 11.4155150931 -4.4869209689 -11.1917588842 -12.0770668255
LUCK
19.7714646451 6.89843877667 -29.441484015 -20.9585583876 -46.0120330999 26.8320349382 -18.597944201 -16.3952712826 12.3882271586 6.93547713719 -11.6681452474 -9.07814364123 -8.21929333119 16.003510936 1.94745046906 -15.3073022382 -6.37975092859 -15.1407192862 3.16378885267 -20.81923121 -0.187131270595 -4.26531271748 6.04462213349 -27.8541993018 -10.5680283421 5.82359359547
LULL
11.9694958241 -18.9503112072 -19.3826379003 -11.9617535249 -1.48794994273 5.7597586719 -24.4034094847 -12.6992560434 14.3877989263 -3.85557426195 -14.8835554212 -6.56506174297 2.90308729121 11.7022445141 -13.5145346194 -9.13587700051 -20.7314104234 3.58206321929 11.7598923645 -11.0433949178 -6.83272094703 -1.95231161992 -2.58829848176 -6.55537763535 -5.04571264765 9.30606672113
LUNG
17.8592706593 16.6313334545 -19.0629390458 -24.6119355475 -19.5786333105 17.0642341905 -1.44235519795 -20.0959520545 -17.9738256765 14.9360577905 -12.7378079475 -12.0040707311 -8.63573016575 16.8375736368 14.8809824567 -14.8018735658 -8.75533329029 -25.7529250388 12.2178528407 2.7915056389 -20.3065377517 -15.7558471377 19.9808139768 -17.1187864853 -6.47381745904 -13.380969835
MAIN
18.4612470507 3.98149872172 -23.6641034402 10.7552698849 -44.2354599808 -13.0979210477 -4.01906212346 7.4579655966 -15.304947678 -4.34392325385 -8.71792142707 -6.48640987584 -14.4139400647 18.0305677242 0.767365500828 -14.0645714585 14.5242097072 -56.3454579723 2.90570332691 -15.1505853623 -6.30717494348 -12.9574645531 5.86062750022 -18.2179460463 -9.04259744776 -7.97200904721
MATH
18.3793393713 8.23012601535 -24.804860983 -3.36233885533 -22.3587114857 -11.2398652935 -5.74069268053 7.47329444192 -24.8991989277 -19.1390185108 -19.8137747198 9.93322123936 -6.98128214595 15.3721450913 -4.25550828841 -14.0435233215 -0.360799736511 -9.96871206914 -0.301140204842 -11.4421804488 5.0977790954 -10.2023727926 -23.3057540176 -17.5848764828 15.4021956951 -6.12982065039
MEAL
18.8763727208 -6.38662818041 10.4137008816 20.4812289605 -62.5043628417 12.0835134224 -33.5074311154 -8.53414066012 -22.2037519175 -11.8112594054 13.4108737527 -12.0604375752 2.738954509 18.4093837367 -2.32729547029 -5.49403979422 24.8243357332 -53.482749691 -6.98155580492 -32.8571151768 1.58635833812 -13.8439237371 -11.3234614888 12.9225678976 -4.02267854922 -1.35055531084
MILE
18.7049289576 9.93388653327 -21.1406629538 -38.7462612515 -13.4278997893 29.3200748231 -22.4106776811 2.46092855692 -18.547753171 -7.29504693803 -7.22075370918 -7.33796087641 -1.44107465519 18.1165388433 5.47052128985 -23.9549476124 -17.6790107263 -19.017050961 5.01209604684 -13.7006642706 12.9847708563 -17.9010628553 -9.62182195703 -25.3937962505 13.9891278258 -0.464006974157
MILL
18.094775059 8.61332752627 -19.8765478427 0.986927361333 -30.3672582178 -15.2334713785 -23.4739611048 11.0263348875 2.37147152346 -4.45676547689 -28.6015736924 14.6937414366 -17.6105307038 18.5822535896 7.06303340358 -22.4307320171 -10.7220372117 -32.4619450494 -6.13628414451 -28.2784488218 3.21051951684 8.65313126169 -6.21356582504 -30.5551144418 3.84878008167 -17.0679188308
MOB
18.7441440499 17.0569388189 -21.43998094 -36.7595222536 -26.5901197495 29.344873068 -10.7084320208 -17.5165870855 -1.07877506439 -16.0546649843 3.31869020608 -16.014759378 -4.61474527052 17.4573460755 17.3004593764 -16.6712556185 -31.2239337258 -25.4497901174 17.3821215795 -11.5821333659 -4.83328113739 -11.0836539408 -12.1383061817 -2.93488786027 -13.8142093806 -1.10799762854
PAL
16.5106020916 -6.7002699328 -22.5764571235 -10.0306901394 -19.8203456849 3.17615550911 3.44582812069 10.4145081789 -11.7390097224 -5.97527882322 -18.2033730066 13.2040264234 -0.598458668395 18.8159756833 7.88744824745 -29.284421906 -18.9854637267 -19.4938828756 12.1894399359 -7.2150953976 -2.98911736357 -6.56560624469 -8.00187785251 -31.0726133913 15.9548689338 2.31046880922
PEN
16.6407146427 -6.71693928294 -12.5453730649 3.23044413679 -31.3035198087 -5.22909670935 -15.9536106435 15.3449851281 -3.48687943539 -15.2561238734 -1.558582403 6.68086222963 -14.4379563983 18.0479752205 6.73115875324 -15.2834146627 -5.36593587679 -32.4417392984 3.66718426656 -21.4001163311 21.1065649672 -11.7318746954 -8.92119307352 -17.1181673243 2.9300384668 -12.7002911084
PIN
17.1667952521 -3.90832487663 -12.319062169 4.25992992828 -41.5979832538 -0.334290345951 -15.4043010777 11.7453318255 -5.59664551607 -15.0169155355 1.95195062048 8.3328070159 -17.5118057454 18.4340166 4.01497303671 -13.3196228809 -5.316339088 -43.7686291767 9.59855507491 -26.7926984661 18.1005528818 -5.41439625439 -20.975527826 -6.15654063934 -0.201927463209 -16.9231794062
POKE
17.3086234799 1.32283727962 -21.1643299674 -14.1714260532 -26.8809522677 7.10860230924 -12.6317301677 -3.04358456409 5.85795289012 6.86564978871 -13.331481703 -7.76299525308 2.61593406828 15.6273760435 12.3711670362 -1.25817918337 -14.2285711487 -27.4779682164 6.32506870553 -4.39969229415 -26.3688257257 -12.7140241315 4.16102028984 11.9482548789 -0.288192175858 -7.72173686326
POOL
17.7420661956 20.4337591338 -3.02207830173 -10.4665049329 -43.1381101287 -15.1208645059 10.6046020103 -19.9595442152 -16.4197790709 -10.2976020715 -5.96638585914 1.81512977373 13.2757867669 17.5188253828 21.3593101337 3.94546282645 -18.2593039917 -45.9055174981 -10.5705860689 5.97332518853 -21.7481314401 -15.4739939095 -9.50275057227 -3.7040710506 16.3901708873 8.40641113897
PULL
15.3669466799 -18.9254576024 -3.28646409829 -18.8585858823 -31.7460864895 16.0714557452 -1.87269830364 -7.37735120879 1.23488424356 5.18367016542 -14.5771219677 18.9274945276 -15.8800879313 18.0086317446 9.8654601108 -0.735223163628 -32.4783196766 -49.1141771213 18.2170499347 -14.9113447565 13.1908004432 -7.25371094841 -7.57374978058 -2.20187718513 12.3536384327 -8.13498868416
RICE
18.890053797 6.09154231123 -28.1663178168 -10.7596791239 -21.3225605468 -4.2931673146 -8.27694455018 23.3373223544 -17.3717034385 -4.33971788237 -19.3273142291 1.12466421992 8.74065280927 17.3597198278 3.06241479015 -7.207082187 7.36926821869 -46.8069284423 -14.0418523541 -19.79456585 17.2590127169 -23.6036007515 7.38561242343 0.434269706317 -5.8615827505 -7.77308805412
RIP
19.1107115069 2.25866848867 -23.9073986221 -6.38266099897 -31.6092279117 -11.4152450178 -50.0874142265 32.9737487032 3.43259294871 17.8125322085 -16.8423259903 -1.57440889425 1.33443536482 17.7316258108 5.32442197577 -21.9450094991 -11.8006088576 -29.0837949385 -10.6950161463 -44.5228979449 14.6935747771 5.27946479967 19.5951656877 -17.5145203578 -10.8911119634 5.78687975367
SAIL
18.5997095251 8.30593148652 -19.7223524541 -3.58644937744 -35.7457082055 -13.3085664933 -28.992604215 27.1347678912 7.05233950404 -6.88574241143 2.0493262056 8.89729958483 -14.3699184934 17.4227959775 7.27630825336 -16.2517943395 3.08586425472 -38.5191228405 -15.8597436077 -31.0961449613 22.245049893 -3.18396764464 -0.951835575361 7.66840077074 -0.765207733484 -7.40495372103
SELL
18.787110046 8.49652695614 -21.3872395747 -11.6105933106 -27.8341160644 -4.46973330252 -39.8283569693 18.3009669507 16.9812565511 8.22245562285 -29.5809770864 15.4243162638 -1.93346602336 18.6334570734 5.70987900264 -16.807369724 -20.4163098936 -33.2173677581 16.0953553075 -40.4208278711 23.7477983533 7.45145557614 8.73257760028 -32.1146530339 5.75440659133 5.58129250832
SOUR
18.8204413051 10.7960353213 -29.3361002529 -16.2053883642 -24.51644893 -1.449577947 -3.94469254715 3.27568346132 -3.74188264331 -4.39962123912 -28.4741938525 10.7876305145 0.501239681792 17.1117002282 18.3028149005 -16.040406088 -23.6482873933 -29.3035069494 -2.08547221695 8.15260916215 -13.5618628454 -20.6123903455 8.9681479406 -1.5228131553 -14.0608282722 -5.99508948875
SOUTH
18.8264284881 11.7377486915 -27.0157339619 -16.5229827258 -14.27144611 -6.94554774236 -4.36931524712 6.93089235032 -1.56476370178 -14.928645602 -22.0468191307 7.1767012835 -1.50433312309 15.932563467 13.3535265026 -7.16592871398 -17.8362396466 -16.5895314333 7.81029185911 -4.34621280291 -5.24561237143 -7.53944368265 -14.2533282633 -16.9636693049 -1.26333269889 -9.71277294581
TAPE
16.4956491517 -24.6491028276 -13.5371550913 -4.44163350544 -19.5931676534 -9.13997235936 -20.1725475208 -0.0274099575028 3.56118258631 -1.13890414144 -12.2947730876 -2.41903882209 8.09550465638 15.4297644027 -21.4761072607 -11.8252853304 -2.47516454573 -11.1951144518 0.685074617161 -14.5997372319 -5.15010104758 6.09503589155 0.69203490072 -13.3242429174 -2.2950069914 8.64522812394
TOOL
16.9165028502 15.4429525889 -11.6379655139 -6.8280418669 -24.1478973755 -2.32003141691 -10.8312939199 -30.9563851412 -23.4768535084 2.53714449165 15.1032672842 -4.71080905938 -2.2374599236 17.9580113551 15.2911471435 -7.8100806953 -15.6449481196 -43.0548359715 5.53597475845 -9.34438764903 -38.2381543571 -13.91759188 5.26270481786 15.3246269863 22.404687797 -0.272638789577
TOWN
18.0560320497 -2.5533878761 -23.8934551536 -6.67902911783 -20.2958580052 -10.1843367331 1.48586242137 12.2394764003 -14.8602572127 -5.98465562207 -17.8760453801 14.2607790027 -14.5830926705 16.9971535846 11.5437863717 -20.8577909694 -21.6976530657 -19.3388943685 17.9220383624 -18.9669100543 -3.16198482364 -18.2229916298 -8.67106008765 -8.92888726184 -11.955879279 2.76672710897
TUBE
17.8073738755 10.4747185616 -17.7948049527 20.2191560373 -3.51733523031 -32.83783554 -31.8473964811 -9.00278614867 -3.05737201066 -27.789386447 11.6863353794 2.08829629482 2.67652131071 15.9373486469 14.5292359819 -3.33876068914 1.43838558753 2.0959455585 -13.9196972506 -19.9140863627 -26.76028958 -21.6377604003 -9.78397965667 12.1626195312 -6.27709536594 -9.41905116481
VOICE
17.6413685942 19.5623465567 -8.49596192558 -12.4583672096 -46.6242526634 -7.06638560195 5.89247184815 -33.2868801658 0.203186786339 -0.88890142106 -10.0679714592 19.871040794 0.575798657656 17.1948895047 4.53099660574 -16.9505128075 20.2624928072 -27.8164689535 -16.4515702136 -19.7721331312 -6.51604657709 -1.51205856788 -10.8072645318 7.58075165543 0.817214903557 -9.01971135709
VOID
17.5907682488 17.5545579808 -6.75012438909 -26.7519735005 -41.2589457654 1.02855440952 -7.48829484808 -17.178621821 -15.8016946696 -3.57630707129 1.83203838719 19.6728218766 -2.02095731137 17.9683023492 8.22586376755 -17.8309259254 -8.17508520088 -22.1602396311 -11.1336162653 -30.5721700266 20.3597718616 -20.3987687491 12.2937774227 -7.50004728282 -0.915137509461 0.204381997808
WALK
18.7011179642 13.9642404677 -5.59179511246 -34.6278330217 -52.1088383693 15.8077535629 -8.26210713295 5.36794298552 -7.03999531926 -11.1408309544 -1.98244479856 11.1970108327 -9.91889701072 14.3613924031 4.48015030341 0.55398520502 -21.755388659 -18.3531532411 23.797350481 -9.64158464358 -8.47011340084 -9.89127059713 -7.30324828114 -14.4619000058 -6.57058573167 -10.7575887143
WALL
17.7037819867 12.7365925658 3.99603430325 -36.8255538813 -51.5892436874 20.9784582651 -11.7376818982 9.58996077634 -6.8785597742 -11.7415868231 -7.87031699308 11.5867854941 -22.4072305352 14.1764863522 -1.91096009667 -5.62502594049 -30.379908114 -29.9101320937 23.7091432662 -11.8575989333 3.93812961755 0.949067476954 -12.9680592798 -9.4235039272 0.584871674945 -17.2162052468
WET
18.7654390491 8.86220167529 -23.0999458518 -13.0742445219 -32.1012907157 4.16705388082 -27.87668924 6.65937144399 9.83084979108 -10.26222413 -23.2731076874 3.34813752242 2.90352685872 18.340740512 6.61155767827 -25.4716573991 -10.3307836246 -26.0871285687 -13.744118894 -20.8199068164 16.8185847478 7.06018360898 -13.4597743084 -21.4504157504 12.57680776 -16.2650645244
WOOL
18.4865639807 11.5639896791 9.33472778046 -20.8230829149 -70.4358478293 16.0940667153 -12.0752405796 -14.9132753735 14.9370902586 -24.010259535 -0.394306469185 24.2240195786 -1.91269143996 18.365659639 12.9758136167 -0.529650082743 -14.7824238784 -72.8279670831 18.5023632934 -19.0452043038 -3.16237804934 8.73805659766 -19.9333087885 5.87607104447 24.3127021061 -1.42724881129
WRONG
18.7731101831 6.61917207213 -11.6484118044 -42.4918857212 -33.2417210618 36.8739574499 -21.8598282112 23.4944008683 -32.3387149305 2.96370471929 -6.33616877256 -6.85804309146 0.119313760895 17.6594047805 11.2028290879 -11.3526396134 -38.9237533144 -30.0193570757 33.2658100867 -24.34558752 18.2398779625 -35.0962884966 4.82158532311 0.0617309664081 -20.0801772801 6.44042547392
