BEAN
19.2974228026 -15.1924174806 9.92604439681 26.755002795 -43.4450693396 -22.3533042375 -7.64068200517 -23.8371824342 -17.1917679339 -6.57918684495 7.08544867305 -7.83386800034 16.9795760592 18.1594682768 -3.05406523104 8.87583785918 10.3762706383 -46.6422578762 -21.8889842808 12.5426819823 -33.2018791598 -21.1009707684 -7.90080597055 7.33021925321 -0.0547323806444 15.5101754605
BITE
19.4890122377 3.24523736978 -29.292746849 -17.0166323438 -38.1478459167 19.2056507767 -5.32184834778 -16.227651046 10.1063536321 16.4670193264 -4.23146825442 -26.204764163 1.10009779892 18.8777818518 -0.803095163069 -30.6451630584 2.15921821577 -31.4902874972 -21.7473412436 -18.3727577445 10.1862791684 6.95156477581 2.59187011769 -5.107925402 -11.808696431 6.384254486
BOAT
19.199992105 7.82002529934 -23.8840581148 -17.6168042863 -46.305453856 13.2474263664 -2.76658092504 -24.2137094411 6.01291352997 25.3936165205 7.13314229954 -11.3912228855 -15.1264727515 14.0730187593 6.9461452022 -5.18222067042 -14.1933057022 -29.3425190373 -2.62659229471 -10.3580731137 -25.2338664009 -10.2347072738 15.1176636067 16.6120547212 15.4425006576 -1.45650603119
BOIL
18.4244603452 15.0706955212 -11.9644620951 -20.1170443243 -63.6462533829 12.2085365041 4.29902955655 -5.49035146155 -4.79830451227 1.05054795997 2.31591000989 7.93175736954 7.07170157311 18.3860413989 7.93504835468 -27.2213285722 -15.6648314888 -34.7492422532 -0.182203352033 -14.827242674 -9.7670063604 6.50443778731 25.6732846492 0.421890111333 -24.1970195746 0.150429722664
BULL
18.3296136426 12.2747554831 -15.7871413849 -28.5967486154 -61.8238448933 4.22229357014 2.25463919711 -17.4826483868 -2.65057468835 -6.36079456066 5.87498196049 8.43282528858 -2.40249007278 18.8858414261 13.970178977 -12.7752777846 -34.8718695104 -56.806291679 10.3370585119 0.955843240249 -8.43400737748 0.931530624997 -9.76716010134 7.96799431094 7.31105469233 -1.63065060235
CAB
18.9384624027 -0.135042222302 -23.369006672 -15.3949745034 -14.4747063992 -27.6716166206 -1.49844753518 17.8700355068 -0.166200709853 -13.5066929593 -15.0744353151 2.10636097106 -4.10347605767 18.547470042 7.2122593013 -29.200162198 -21.3539663738 -6.99281918311 -23.428084683 -1.96501177496 7.99223639816 6.42303985317 -8.96466573664 -24.8665598703 0.701021486198 6.33020856019
CALM
18.8778308589 2.17983260972 -26.7911213073 -27.3807539654 -39.8056666214 26.6805423372 -5.21702511951 2.18257013025 -15.5373413499 15.0108911746 -1.59326262844 -15.1088757975 -0.768309271009 18.0406584661 8.24042997349 -14.8848157434 -39.2315316099 -38.1107692681 16.3531461012 -7.97097754655 17.155226727 -30.7047423587 5.08869473414 6.77903570122 -7.8427179355 -2.13844671205
CAUGHT
17.7773199147 -2.84639991313 -30.1673330795 -24.3915043744 -16.7154541658 10.9522251185 2.34959068241 -8.34870062944 -7.85597308736 13.0070737756 -9.86004769676 -14.5741625202 0.79897288772 17.8757801627 4.69067446925 -23.4869444244 -33.6083101201 -20.7683827521 14.1706393446 11.5688031411 -16.925890833 -6.3254218735 3.52159909805 -11.4009373868 -8.60902239616 3.30006828429
COAL
17.1704340759 0.0789386125763 -11.8821324106 -23.4192418401 -46.3094781057 23.7602652854 -5.05206127955 -4.90643394327 -2.17832943525 0.425325611657 3.02527758993 8.62073697196 -1.91272578036 18.3479998525 9.86978306679 -4.98741122186 -25.7092683561 -67.2884509674 16.9769694148 -9.62193461007 4.74942152186 9.22233090433 -17.2467929195 0.0313089249437 13.0212468658 0.419800489648
CODE
17.7142445103 -0.7634794653 -32.0898179304 -10.6855243043 -27.2302972333 -2.90363689289 -13.2785103399 0.560000186465 7.68165023458 15.6074074617 -7.51340892813 -23.7253185489 8.49219129789 17.1049953723 12.0470357776 -19.9056717181 -6.25777937413 -33.1917724123 -1.38784933011 -14.1519440485 -23.1971867846 -1.71607047639 21.9299835099 10.5191214001 -10.580416734 -4.68582851192
COIN
18.6411074044 7.12783627177 -6.74594439311 -18.8827418906 -50.5929162438 2.36342011869 4.36850069043 6.26351050315 -9.30797250776 0.536822462944 4.591573636 -5.10347180858 10.363376835 18.994376834 -0.348912279272 -27.0519586424 -10.1453334259 -32.7465742036 -6.17208867447 -15.3977440426 6.59807744023 -9.31358173996 0.501388792431 14.235651675 -14.8035820335 -0.227833671483
CON
18.3676958138 -0.776206790289 -32.8582334603 -20.4231210357 -7.4545903002 -6.79863918124 -2.53355797954 -1.76375854905 -7.99604565324 0.0900579852429 -18.8726440057 -11.6147296671 13.9829643505 18.0801986409 7.09579423907 -26.0774441535 -31.432442401 -6.48140918675 -2.24015649705 -11.8203674217 -0.895933301034 -3.55094548827 -2.05677056652 -21.3079683436 -9.91167543814 8.86019775193
COOL
17.7285900307 14.8783680683 -7.37519881358 -9.66591232065 -46.2476117303 0.679086140683 -3.77481670512 -26.5326692364 -26.5372462593 -11.2057390109 15.7245090721 -4.42279656202 18.8150810294 18.0966074807 14.5474270739 -1.06669181315 -9.40101868534 -54.4561462332 4.82130050223 -3.20353440191 -22.4488787868 -15.2938823121 -9.71691183236 6.50546240109 9.78242811972 24.2754672797
COT
18.1769058987 -5.22306607525 -32.3830803942 -17.3215592808 -11.6159682597 -4.51288561954 -0.550904757263 -0.864724764001 -6.91253898902 -4.56529809798 -18.4273357617 -1.58330456294 13.3778225979 17.9595740293 -1.5753807614 -24.8629920877 -29.189892974 -5.23500315312 12.2437032045 -2.256726005 -8.88097879779 -5.76887889095 -2.19048999236 -22.673524127 2.5082420728 9.7699703382
COUGH
18.1289515266 9.86915962532 -30.0918795147 -27.0943197583 -30.4119050623 14.5638319576 6.93449217505 -18.8111003224 -5.12573071889 10.1191484707 -7.35516671228 -17.7570349588 0.172390672951 19.1454460146 11.5577651195 -31.2683903589 -31.6169487398 -36.0199867187 22.3339063322 14.6517990336 -20.4642023813 -1.17203332221 -0.617539910064 -6.23000784306 -4.85265409778 -7.85269594762
DEATH
19.1892973939 -1.13126386955 -22.9477693737 -16.7350525346 -28.1948611377 2.20441966479 -17.435055012 19.7836933579 21.4204000079 -13.3949651723 -27.4642381985 -1.61569118177 13.8081917161 18.6903923855 -0.280660289354 -25.3599944246 -20.3714936641 -21.7989847556 5.61466374435 -12.8391012157 8.56346402602 16.662359325 -12.3394864232 -30.4855111177 -2.25886353149 16.9623725419
DIG
19.1413923296 -3.04056985841 -16.3936480241 19.3027651666 -40.2398472025 -35.8534251171 -16.1169581258 7.05046368047 -7.62812157177 6.12181193893 12.4139212809 2.65400148552 -0.0583738219171 13.1719986507 -9.13250240776 9.51327176238 18.5926899557 -22.7603550272 -19.7536535257 -8.38723421121 -11.6111346845 -10.4680065672 -3.60836687152 -1.20886996212 1.81356587641 -5.5845770375
DIME
18.8530843705 0.0590738175167 -30.6476188886 -27.5644789427 -7.39582014999 -9.09160964366 -1.20883758724 -6.18968448704 13.141993023 -11.202441126 -26.9531681581 10.5888582456 1.90002988165 17.5870891002 5.6690364907 -25.315160039 -25.1033607693 -3.02035737281 -25.476612491 -3.66800037632 4.21192266783 -0.273849820698 -16.5026229331 -12.6092696867 1.13823997665 0.3046575572
DOCK
17.9929458656 -7.61521656294 -22.6910942589 -17.9387513256 -19.5635754085 3.02361335494 -4.20852498186 3.9063002565 7.95888869104 1.43301507728 -26.1960295317 2.63495406148 10.7296399101 17.1577078976 -1.46806887589 -28.4487470597 -19.9375045184 -3.72621526933 6.29587816406 -0.962142117525 1.16661608334 -12.3853966167 8.67038928836 -25.5159497318 -6.4287840242 15.9660155643
DOLL
18.8246620707 0.350133798842 -30.1435772085 -22.6202763967 -26.4298153474 15.7068779026 -11.3178255967 -6.75022694437 10.912120435 -2.01937705674 -23.4429369886 -8.93409199034 7.31310468468 18.8114618123 4.48054595156 -26.9527916388 -39.1660831421 -28.1051500372 29.5350645543 -3.76614837057 -14.2643147413 -7.06590446851 3.09188305241 -11.4328041763 -7.74590947181 -2.18722523499
DOUBT
19.7160646326 -4.4750047327 -31.7696570278 -5.75225132969 -27.2907044841 2.29625479605 -7.3068529002 12.7396841532 9.61198439083 -16.1377489802 -25.0672741867 5.8343594768 11.265455297 17.4323552383 7.36116134031 -28.6270441216 -13.7753983608 -37.2901739669 10.5948109337 -4.97465675556 -24.5932705531 11.6964521146 5.24126930646 -7.27834522647 -10.1977151392 -0.530369250647
DULL
18.3995765266 2.70289857325 -27.5584456399 -15.9472866726 -38.5908642392 10.5349622632 -21.1131556698 -15.234826371 20.4606196385 7.6297172991 -18.3315431395 -10.9756728711 -0.0540191877988 19.1730648492 5.76550063899 -25.5630642467 -26.7656389188 -36.3010950576 24.8550900147 -1.20241977037 -15.3194362414 18.1405533027 4.75131366759 -5.62853013817 -11.4993815124 -10.5677087221
FADE
19.2553033782 -2.33517513428 -21.2273516043 12.9221935385 -34.6891612906 -36.2560144432 -10.1804622936 10.1610602832 0.136870427796 6.13265770079 10.685977477 -1.02172836356 -4.66743448155 18.030971734 -2.69177773482 -12.9548145327 26.0119193852 -46.2213882801 -35.6449927114 -9.24588867251 -9.46451998432 -9.90141487073 1.78073389396 18.3055179882 -4.42991725278 7.07818038706
FAIL
19.2844883303 -1.76466481689 -29.2303414311 1.86183354566 -32.5810193389 -22.0410062296 -16.6181667989 24.8348175014 8.7878530655 1.1924984875 -11.2148968779 -1.81431423085 4.11806821619 19.127368321 -0.947011660234 -29.5778249315 2.64840376818 -35.7812623203 -21.7343676282 -6.0314199657 26.1697879041 8.00100048806 -1.7713636111 -12.5598035084 -1.15099181675 -1.8223181485
FEED
18.8153374331 -12.9142071441 10.4115069804 26.9104382571 -35.0917517625 -24.3138654697 -11.4590272555 -24.5439291279 -17.8618020779 -13.2796173821 13.1582254907 -12.2588635076 16.9530481007 16.118980114 -9.70489729743 5.72089692601 19.7855332383 -32.6660707993 -17.4615843232 -21.2382179392 -10.5211291777 -15.8924182622 -7.37109794562 10.5979401042 1.11495433702 6.54315976626
FELL
18.2836299484 4.98830569052 -31.1546843069 -11.8646845404 -28.9268896576 -0.230114534712 -16.3872874923 -1.00387165831 13.5448463859 12.5267955892 -26.8448317902 -18.4358938522 16.5526682993 19.171330078 3.88046606195 -35.4532254781 -15.5705010508 -28.4848708829 3.04456932859 -7.81014562331 0.486345218554 10.8316977505 3.28980981821 -33.0742699877 -13.9705366652 20.3628681811
FIRE
19.0992219191 4.45874881658 -28.5619636134 -27.1131422626 -24.8272063041 5.71523413487 0.8911230342 -5.28601529793 -8.24092360056 18.4531830194 -1.68016926101 -34.7821945074 8.56398309332 18.9803269712 -2.81029199076 -31.0843319317 -12.7641911988 -11.7078067035 -24.740411612 -7.0674753807 10.1003522933 12.7053149128 -9.16439086108 -5.88770163757 -20.1256404515 9.75165829965
FOOL
18.1177320786 12.7730042745 -2.7370421782 -10.2070710708 -52.4822554076 1.51412276281 1.22679787093 -26.6652470505 -16.7175410876 -17.2909407246 3.32746840299 0.299291760224 22.8168918456 18.0576399636 13.8574713779 -0.149975894848 -10.2152608158 -53.6465662453 -0.712054331855 1.77280435778 -26.2207772541 -11.6665079846 -20.0786686365 -3.2911146757 -1.85155168836 22.8097676214
FOUL
19.5154237533 2.60168514886 -29.9411686102 -30.4792908873 -22.325958483 16.7380763161 6.21650241025 -18.7899309548 4.45704151832 10.5859761797 -14.3841351968 -17.8553144015 12.1336760083 19.0080277077 6.4743651244 -27.1383018152 -41.3708322425 -16.7793841379 11.8411931038 11.0970042358 -21.852173354 -4.85889200716 6.67964953806 -13.7079149704 -12.3158857792 3.53501949139
FULL
18.6094440415 8.9211783159 -7.82024107896 -26.3279005864 -64.6030906054 21.4665138788 -7.87904389279 -15.2832193529 2.785280525 -12.9946950791 17.2034986612 6.65963363159 0.304124531837 18.9023882598 10.0497877659 -9.20065559918 -26.4923826877 -65.2911894972 25.1933623169 -5.91235747539 -8.31387589361 8.47592793492 -12.8457887957 19.4248739962 6.60240515826 0.483429038367
GAP
19.0111436505 -2.60518304587 -21.4515566635 4.72935258943 -32.9124104298 -29.3937925009 -10.357977238 22.2327292335 3.17111446008 -2.21234992226 3.7543417761 -4.95452250375 -3.00385995599 19.0369610012 -1.85360207381 -34.1510422335 -10.4608545876 -23.6259810717 -14.7479643824 1.16762229561 10.7603524518 10.6732420044 -17.1120787565 -21.20675779 -5.86333158772 14.1149318707
GUIDE
19.2819512507 2.60701250523 -37.2448228662 -13.8226693575 -18.3998941462 -7.24305459178 -3.59493718044 9.08223726636 -1.49232795854 1.75045123873 -22.0139309428 -10.5256268874 19.1690629168 17.7180090388 3.76497453654 -29.3835044532 -8.59998931939 -22.5475360363 -19.3318652252 -5.06306629718 8.01129511593 1.34371373151 -6.83316694155 -19.2311601358 -1.54231134569 8.13062000012
HEAD
19.4089048176 1.29768892398 -32.2111236661 -6.32700648151 -21.5417172113 -25.6756806903 8.30259957749 5.33263564719 16.6237927035 -19.1889964794 -22.7242446379 6.8558688822 -0.941735478178 18.4082967271 5.26824293612 -23.556896798 -5.31538654018 -23.270421526 -33.2242519255 -2.05242671042 6.13212279322 19.4019130319 -13.7024602264 -12.4140478763 8.80236984868 -10.2838953129
HEAL
17.4232788986 -10.9900475101 2.07043913136 27.481385287 -38.4440552734 -26.8590614284 -14.5624544163 -14.3394419426 -15.5995366083 -13.7113533161 15.5682937235 -6.13712567389 11.0342194263 19.04125413 -6.91500800769 -5.63577755407 24.2825521965 -28.9628758748 -39.7351516951 -13.4842332007 -11.6384903815 -9.03197616005 -11.496978534 18.0143956557 -5.88068688272 13.3186004897
HILL
19.2027564266 -3.30674189805 -24.9198393972 6.48559390533 -31.8289262804 -20.6234427971 -25.9925627055 16.4745884781 11.6997562977 0.129207426083 -8.38318781408 -4.98936385467 17.0002946852 19.6125419345 -1.60855141788 -29.6724703563 1.40163317117 -33.6820517257 -11.5130011289 -30.3797122464 6.90281998172 12.4824309024 8.06125826746 -16.3107141887 -9.07481204654 16.9556241406
HOME
18.7573555534 1.08840056734 -25.1697997919 -21.6520889802 -39.5513433719 12.0049826883 -0.137494925079 -17.0454935744 -2.06900903173 7.50415437947 6.4217743075 -19.8329493404 -1.74519312691 17.7643779509 10.6334010677 -21.2229036685 -14.5760074623 -40.6477784806 -7.4186752521 9.53895029272 -19.1145323308 -12.6759831205 6.12790262712 7.64236660329 -5.0076105129 5.7472350448
KEEP
18.7385601325 -20.5905088474 7.10259538248 14.0734860321 -40.8506337875 -12.64884357 -15.3812114873 -21.4424721782 -9.44619417752 -6.18456024627 13.764356157 -7.18640803037 7.83255316144 17.1880884916 -11.6846444347 6.14535326176 22.9163805866 -32.4833182092 -17.0781283147 -11.902897698 -23.0040174848 -14.0992541477 -13.3622413088 8.73098266498 -10.2796750023 6.16024744801
LIT
19.4284473946 -0.174935258456 -26.6870004419 3.61569936162 -29.8502608902 -20.0835091025 -24.6714288756 18.8534977474 10.1329484484 11.2678092058 -15.971149536 -4.31008722244 16.1172654255 19.802943668 -1.80478767072 -29.4509922026 6.77861003878 -34.4260966583 -21.9785330252 -18.6435762819 18.597176214 10.9529137982 1.53206067574 -12.7218971378 -1.3931555907 4.84652295367
LOUD
19.3327895294 0.105291233787 -27.8780457856 -34.8446704973 -18.6927576021 19.8986885795 1.48321753534 -12.1169607378 -2.89939898552 13.826801233 -31.5781301256 1.24541540197 5.78173776362 16.77819507 5.59253358276 -23.3347254717 -19.0010477333 -35.7669916604 10.8377884795 -9.45636361716 -23.3358641315 8.12591104146 10.2207728585 -13.1833397533 -8.34283535938 -6.24127944748
LOVE
19.1569065377 5.31627254611 -18.9726873744 -30.6020922522 -46.7293963578 34.4836555209 -10.823810289 -10.2230379565 10.441224567 1.93321168936 2.44589443252 -17.8309597143 -12.2538248875 17.5968087635 8.50010602119 -15.89575444 -24.0338663858 -49.9102251805 29.9302997786 -21.2567225487 -17.0908625652 11.3271548933 6.93101495674 4.82331928708 -13.5407909088 -9.99047700365
LUCK
19.7771954482 2.68809235369 -21.5454373422 -31.3229294695 -41.486309357 31.6826839605 -10.1155424299 -16.6289486127 7.46443129801 -6.44979808343 3.22352058378 -14.8358505702 -11.6619619362 16.2505551915 -0.042180755044 -20.5482756275 -10.7350892107 -13.1932647638 19.2166462297 -4.40802710882 -11.5527257594 -3.08629631423 3.65614981613 -21.313667831 -2.8914498819 4.83050152822
LULL
19.2243412188 0.942708811523 -8.49032190665 -43.7337036378 -58.9555798713 30.4516080581 -5.27460326323 -14.5075124487 6.27517425695 -33.7829863739 27.6612965521 -9.56924192362 -11.3976259479 19.3920942517 2.26903188313 -11.2009998941 -35.6584728897 -47.9461874946 29.5481239112 -0.622682268149 -10.0808458765 9.61191255336 -26.5698950695 23.3700521435 -9.3838648518 -12.3724968779
LUNG
19.1218647256 6.27710927047 -23.3026404069 -34.1168782014 -44.9267423315 30.762094079 -12.0393854753 8.8369358524 -5.95569676554 -12.7115869931 21.7954167421 -20.9253055431 -11.1848391359 17.2117245677 8.75176364922 -18.3139927003 -24.0409272371 -24.1500103846 -0.00657050200348 -4.55037922539 -19.7150391552 -15.6228189645 4.38242039963 14.9982951756 -8.02802469868 -9.76446139626
MAIN
19.8357297841 -9.79029869329 -13.8013838114 13.969862145 -53.4181400411 -25.2388760565 -3.0293950851 15.2941005774 -16.9483871334 4.3406384629 14.0985834124 -10.9302436693 9.76690882147 19.0740861633 -7.6176859669 -6.50239379749 14.4849110721 -52.4100941079 -24.8243473291 2.36908247875 0.236108882096 -24.7930091704 3.58432123907 19.3251817682 -6.58807172643 16.3211475617
MATH
19.2958180874 3.9884739374 -34.1987800281 -8.32337779798 -16.9918976759 -31.8620728338 15.5273516834 8.80119526462 4.36671982229 -14.680187957 -22.4946446276 5.08942403111 2.83116759985 16.7427434316 -2.00814320717 -21.7803712734 -10.8863722737 -2.86374474953 -14.783792797 10.5774021876 3.74179532858 1.37195157081 -15.3002111106 -21.9188799012 9.18901715969 7.50928216871
MEAL
17.7286536581 -1.281793659 4.47918682344 10.0621970354 -34.3327748679 -37.6472108489 10.3158413857 -21.3376402291 -23.2943772806 -12.7895176106 22.3288352681 -3.14233094326 22.8089794719 18.6003017118 -1.64729286094 -8.51628203583 16.8217471625 -37.7276596808 -41.5308476386 -10.3910661889 -5.66422642814 -12.2893932599 -4.15082245529 15.9849666011 -3.54715842504 22.5001390266
MILE
19.321467873 4.33247335898 -32.7821310835 -33.6592123525 -10.2561740668 11.2645026923 2.23886250575 -16.6056655109 -2.31976418432 9.3808851868 -21.206101869 -12.1430383469 11.628408639 18.7364727971 5.34845832115 -34.0634397563 -21.5143775306 -9.47340445904 -10.2790794611 4.43446106999 -8.53950604496 6.93091012736 1.0596888029 -31.7318748579 -2.21704718977 18.7374823295
MILL
19.0003482973 0.0863866276158 -22.0360143127 2.08058367544 -28.2084318803 -25.6898151094 -13.3423584419 5.51002634467 7.76008889185 -2.4156678936 -10.3672820502 5.8891517985 16.5455202096 19.2835434738 -0.114674570967 -24.3541687313 0.262767855667 -29.39148386 -15.6749025685 -17.6215611889 11.5263294708 9.40998769593 3.74599339766 -20.6975159675 3.29633743796 15.3640914474
MOB
19.4405624595 2.44284902902 -30.4896995734 -30.6195841243 -18.103379929 22.4283724127 -1.03089064206 -12.2774139573 -1.22010024514 3.34199837048 -19.2945065522 -3.50504942484 5.35311921875 18.0087485188 4.97709133791 -25.5696119361 -38.7990146595 -16.7825622284 13.3009433558 6.02221211679 -26.7112467476 3.2462505425 -2.77748432544 -17.5115464088 -1.24226641738 -1.01387765621
PAL
14.2137907351 -12.0546197333 -18.3170392615 -4.91892159439 -16.7991276904 -2.64911156842 -14.3644097377 10.1172066846 -3.07675467291 -7.56863623177 -6.45507219223 -1.16243542239 12.8220295969 19.5278800656 -2.42207793005 -35.1378887377 -8.14991029739 -25.5662857048 -9.00128510171 -7.63915769583 19.1771014203 7.65947428564 -12.7735343736 -23.8198122901 -6.98006451878 19.4628405202
PEN
16.8122410852 -5.61038658602 -29.2331467815 -8.54774439418 -12.2933108899 -8.41490752999 -0.218019117174 6.99999380558 4.89842741947 -14.1328254989 -11.6303596544 -6.86276705236 15.5682327865 18.8222018372 3.21027871046 -30.9966720914 -11.6117648486 -21.1106340679 -17.3066246719 -9.95236443014 11.189535698 10.0241584962 -17.3942740281 -11.1790888004 -5.84465642657 10.0457869576
PIN
16.7553768895 -11.7367525016 -13.5826153815 0.283543830387 -18.953694961 -21.1163544839 -2.89633695764 12.5591908964 -10.4769075949 -0.258129727132 6.21956496685 -0.42384328143 9.9162278946 18.8415534121 3.04944834734 -18.6378401438 -1.58739657694 -21.9981756779 -45.0304319462 2.077118112 9.04563576184 -12.8588703928 -2.26362583699 5.27099868793 1.88157214504 0.533976728549
POKE
16.640584918 -4.60979788326 -24.1595449286 -16.5430545022 -31.5111055708 19.7217876089 -7.87401510186 -9.72958938604 1.85754910775 9.76433555621 -5.13882409808 -16.5479113245 0.687165242842 17.0858571005 7.72945131363 -13.8424414492 -16.3621906131 -42.9938846999 19.1273699148 -9.52763982681 -16.8032505527 -13.5745892194 16.5632448922 10.8639678711 -3.53397251871 -9.05067267464
POOL
17.9078838015 15.9585779481 0.822590000246 -8.74447210774 -50.8110871065 -1.2015138509 -3.25186637537 -22.5950995391 -21.0878337024 -20.1053830566 3.41078943428 4.55299690403 25.7466038087 18.03445204 14.0626536131 1.02756036772 -12.1130870787 -50.0558975038 -1.53612762111 1.41268652966 -21.778386137 -14.1381023183 -20.6688161903 3.9425673923 4.84995255401 31.5875104374
PULL
18.0733217319 11.9675139985 -9.06927799632 -20.3287391641 -61.862762568 18.1366220575 1.00362546575 -9.67986976066 2.85228167131 -5.99816808163 -1.36190479853 13.9789966132 -6.21391118564 19.0165503577 8.18344126665 -7.54908536811 -20.1862454338 -71.9172520795 24.4948746377 -9.68968783416 -3.3238009917 8.87478651838 -12.3429762574 3.38500955411 14.8496613007 -6.58634240805
RICE
19.548283709 1.58962037331 -37.2406214289 -5.59828461588 -25.7430742326 -9.44637498868 -19.6176757784 20.2231051588 3.7956632253 4.49234849976 -15.7649266455 -18.5475119403 11.1730625305 17.2837928766 -0.965192640864 -19.4297368777 8.79867145826 -28.3606751616 -27.847346144 -14.3030078558 14.4370458839 0.0597878686061 3.43932537477 -3.62567921784 3.23016591204 -3.51136637444
RIP
19.522219462 0.142304858056 -32.4068405549 -9.89257271191 -37.0845887844 -19.2270522202 -23.1142697894 16.6799116628 9.27629223931 6.96352078379 -3.82470452904 -32.6653169011 15.6599641086 19.0092587231 4.37923545504 -25.4068564544 -6.05313452615 -27.9562537897 -17.7556754908 -16.9224436717 9.35743458457 15.5629759879 11.572402191 -10.052245667 -20.8774019123 10.2783809489
SAIL
19.415634272 -3.38652611365 -26.7303143923 -4.17571954074 -28.621071188 -35.3890720722 -6.99751025932 13.4386348177 9.84959945006 -6.86863706057 -14.9114412458 3.9130803803 -3.24474844098 19.2703079609 -1.56125353819 -28.363281756 -3.734034231 -25.5624411314 -34.6267866741 4.98846204192 12.6661689752 4.61390992028 -6.95286628239 -21.6484536552 2.77904782592 -1.04183538267
SELL
19.1904342866 -1.34608192037 -25.2592817226 -18.2939286112 -27.6944705751 5.36058281705 -20.2076637938 -0.671386858959 19.4177975757 9.85893818338 -22.9388496128 -17.5281792546 10.4899220769 19.2877855059 -1.12603998883 -25.8437306716 -24.0537148504 -28.6619276325 18.6218228575 -7.82543272498 -9.3819854192 16.4883474865 1.39055550173 -18.1885206096 -19.2664274184 3.76552847806
SOUR
19.50668776 -0.408028540479 -29.3447991411 -28.9023107575 -13.6257084349 8.76761969326 2.5997678606 -7.7526580194 2.8085572077 13.4667529813 -28.7693447156 -14.0035107472 16.7997286402 18.2047141678 11.6461468421 -27.4102245961 -31.756246153 -25.6050919843 -1.75746869928 15.5412751694 -9.57427161143 -17.5882339907 15.0595260207 -4.6198605821 -7.20045585117 -5.45813244223
SOUTH
19.2877658209 1.13675404759 -32.1254086488 -26.2825367254 -19.6884869944 7.33858128135 2.72329216857 -11.1914557221 10.130605638 8.30073109605 -31.0443079765 -9.39848110388 12.4944380162 17.2635472121 6.25445967234 -20.1842272281 -29.8432262551 -32.2377714042 21.21817869 -4.05624501345 -13.2289649073 1.68688823078 6.96247248751 -5.18633869245 -11.5936816953 -6.03352266621
TAPE
19.8406129045 -9.37299090902 -13.2551511942 11.3940129233 -38.3370010389 -31.1957342893 -16.4430357609 12.5682060935 -2.75658386735 -0.0462656502579 16.7708619952 -3.74039327157 -0.588078457724 17.999857027 -1.70084750123 -10.7881323085 19.8179063528 -36.5724011034 -29.6137400618 -21.5475889949 6.31760428905 -12.393156759 0.172249521449 18.874128346 -3.29709299913 6.01798479401
TOOL
16.8967461653 5.94599287474 -13.7767521444 -0.401227653427 -24.003278827 -0.0153639746356 -14.0496903674 -35.4036540756 -8.46452973648 5.85865620444 8.98500089106 -8.18864310384 5.32311619933 17.9577374446 14.6387218288 -2.61478397144 -8.8657774997 -48.4444539665 5.32267184692 0.00527030555651 -34.6112944815 -22.2677819144 -9.62973395089 12.2299069305 14.2060586546 14.9030267765
TOWN
19.0503740618 2.9196176214 -33.0442548712 -20.575908116 -4.96367935338 -14.699300495 1.73252057119 2.82139392171 5.65297582353 -12.650969571 -25.1124040393 2.62427211075 10.0978380238 18.366937118 12.934398508 -33.6091145312 -28.2906730225 -11.1416035302 -6.08345751975 -4.16164464002 -0.179732822018 -9.6156808237 -2.30764389476 -2.3485002486 -21.1739401635 5.51857442107
TUBE
19.1061446428 -0.990746084797 -17.3283347856 32.9317514516 -25.523710147 -38.291252237 -24.0843708916 -9.09276525017 -8.12046831657 -18.6434991618 23.8395958845 0.832912091155 10.4572736816 17.3073288046 9.29967725262 -16.727466884 14.4946215982 -19.8230265524 -18.9795865025 -28.0895593344 -26.8976427476 -3.10633716695 -8.50685932324 10.167132407 -8.77280608748 12.3736415987
VOICE
18.4375472657 10.895389855 -16.262773312 -18.0327232686 -55.6848418857 13.9625145698 5.21048614765 -17.5777368859 -4.56186908799 2.8969229905 14.6107716406 1.70911149599 0.861719856357 18.6792286608 5.00505304514 -28.0003250551 -7.00701795992 -36.0386664957 -4.49694722753 -16.2904450348 -9.06223753983 3.20224785184 11.5648009439 5.71194074371 -14.2861195531 -1.03029117381
VOID
18.3293260147 15.3182134285 -7.72344435804 -23.5888147637 -50.6995182076 0.952282065723 1.475907788 -12.0301645692 -3.48480827006 3.36336456292 1.12136045756 18.8113745112 2.15022763728 18.0471284788 10.1633074128 -24.7823881924 -6.16232810822 -28.2759032448 -15.7834593116 -20.1297870606 0.824147829375 -0.66686093296 13.7245067276 10.1581137616 -9.35236481464 3.08518508247
WALK
17.893716042 12.8130778912 -6.95481915669 -24.1774143645 -61.1737403918 15.4148266247 1.08393320963 -8.56914964388 11.7297993065 -17.0547088643 4.05700074741 6.45535990971 -1.79666274186 18.3133796325 4.15917930974 -20.7734316736 -31.10054818 -40.8018897596 27.7930516543 5.71100825993 -16.1840582347 2.37906639315 -10.6161227119 7.38917504634 -9.80650566586 -3.94225631166
WALL
18.3694843218 14.6845487021 -8.3915244153 -24.1352551863 -63.0875912339 13.8443599168 7.5346999254 -11.0910748631 14.5561188626 -18.6434735709 4.93165637009 7.69249784584 -0.0209080869259 18.6155623475 10.0504497747 -11.8100347967 -36.0438558902 -52.2817233639 21.6541025563 10.315923908 -14.0460414842 15.7854988068 -33.6379863883 17.3739489371 -0.51994264491 -6.43375001772
WET
19.882421537 -2.85378078658 -36.7982233179 -16.4695192792 -27.1600842154 10.8392700273 -7.76369875075 2.67463605158 12.4608396987 -5.34488465971 -26.5586764083 -18.8497348889 28.179417968 18.4695082119 1.06495347428 -30.1090065818 -16.2907258322 -23.2543874074 1.13006365861 -9.40711095758 1.65744518521 14.3080313421 -16.7677766772 -27.1477631736 -2.24819359677 16.7530404711
WOOL
18.6535306796 10.9395601843 -8.50514244061 -17.21765431 -67.4750049113 3.88922589041 -0.0303655584148 -13.291746506 15.6468446253 -16.7984402955 3.4431038315 13.8062529633 3.65413336774 18.8961178399 10.2132160216 -3.34208735274 -19.3436748709 -64.3303000146 11.9453698356 2.68046249523 -10.1939593154 14.0848595289 -15.8717791911 6.04188074302 11.5703493682 4.65704987708
WRONG
19.0202813983 4.68120018869 -20.4597660527 -36.7840507526 -42.6466681233 13.3126109839 14.614892675 -10.5990608289 -0.84575513106 -17.5692181288 13.4359835845 -14.8597940416 0.199217625381 17.9549117222 10.6271950952 -18.4565011249 -42.3401591762 -34.0275898683 10.9983583542 10.4225166956 -8.13926579081 -5.01387462239 -22.8603616702 17.443540393 -11.6783576983 -8.85726134548
