HAD
19.0937774562 -5.9024819399 -31.3049847468 -10.8529463197 -28.1447611735 16.2673711401 1.00581369834 -16.5079315503 -29.2263922588 -2.59825356541 -1.00293230788 8.5614281577 -9.48039099159 18.3190311677 -0.395997151163 -34.5576975738 -11.1734297571 -28.7914350093 4.10726120141 3.29584575312 -6.20120281446 -26.9902204127 -15.9315711433 5.9034514537 1.65136264239 -9.16564384889
HAYED
18.2772382934 -1.94409300287 1.60601767423 -9.1448233355 -61.6552268527 8.29197227542 -15.1611721264 1.77993288617 7.81938710897 -0.0682580053424 -10.8655156271 -3.18192484941 -6.93713198511 17.0916796352 -1.99183569293 19.6555104442 -1.89090192871 -52.5799904312 5.78152515141 -29.4050898272 -14.8496946077 3.48639528733 -0.899401116698 -0.58529779694 9.55832497928 -7.17172507465
HEAD
18.8189316344 1.06503396143 -24.3570374413 -15.4031419517 -31.1325600695 11.146482776 2.95039917294 4.04862232066 -23.6166118794 -8.04224870366 2.8204630963 0.272698764106 -4.55184989983 18.1295386906 0.580012521808 -17.2341635574 -13.4929962608 -38.6704335593 -1.93660747212 3.56356689054 5.88557553769 -21.058455522 -7.11391681197 -4.44276417987 -8.34152430551 -4.13568193934
HEED
19.280058708 -16.2485727391 33.0971026551 -6.0983360334 -38.0826455945 -0.316823289003 -37.2946906452 -14.1324089744 0.898141162129 -10.1659212053 11.156630772 8.64984451376 -6.15998220717 18.2794685103 -12.0344592238 29.2987416397 -2.65995487286 -39.350369536 2.3895053412 -36.4765706805 -22.1555523707 0.0491951619199 -16.6886117323 7.17421845861 -0.153477608034 -10.2550863875
HID
17.7144592635 -16.40604382 1.95978434826 -8.41119203123 -46.0175616088 -2.69038163597 2.65490026447 -7.03951885682 3.73638183154 -1.90305065849 -0.108167592655 -4.7444838966 7.28264384879 18.4953812795 -6.01641668806 -5.68356917019 -8.96711854044 -55.8973543888 -14.7073347765 -6.15737019028 -2.1834490959 -2.72488198841 1.12806415339 0.392631401631 -21.3776849325 11.0610355005
HOD
19.268740177 3.67658178743 -37.8128361812 -19.7757878563 -2.03551601556 22.5146214516 -13.7510816783 -9.94036953358 3.75953486004 -9.53666231737 -12.6980648429 19.7304276125 -8.78958044625 17.9599308026 4.17681909902 -33.5478831124 -17.3650585655 -17.4322697985 4.91320150775 -3.69526542079 -0.861067379527 -11.1273550271 -20.9351417562 -6.90882288716 23.4331137697 -21.260871901
HOED
18.4025295509 7.61829381062 -15.3102067481 -32.766983007 -30.9634400721 14.5582500966 -28.630936979 4.98622529957 17.2836396136 -8.60204038035 -14.6829313083 -12.9016095159 -0.107064531805 16.6981629958 8.09907456034 1.53218758517 -25.2696995975 -28.3671012848 5.74332346413 -34.5328587526 -12.5372608478 14.2259471091 1.01734874317 -6.90220348372 -6.70103697025 -15.0665822209
HOOD
18.2218595749 -4.27713116467 -13.5122882704 -8.05949223218 -42.5319773499 -15.174348205 -3.69099090155 17.2480502108 -9.16093406662 -2.43680644625 2.81910436858 -15.0380629964 -20.5158636252 17.645004477 -2.9166500939 -11.8455827073 -6.91826400312 -39.0211972682 -17.6424634612 -5.64925539814 10.4494222101 -13.7212158864 -9.00122981184 -0.89459318752 -14.1080281329 -14.159290821
HUD
18.9945828953 0.205812353861 -26.7682575953 -13.9126665435 -20.7288690963 7.33733722236 -12.2944561189 20.9752632668 -9.2658192477 -30.8789392668 7.39688923311 10.719213197 -10.1425539706 18.2545554428 0.957419171963 -18.6478812407 -18.0798740229 -30.4502529486 -11.9928414683 -3.73037707467 16.9692975616 -14.5406470288 -16.3952700549 4.77016543398 -10.4677882547 -13.0395265778
WHO'D
17.4294796956 4.47764205953 0.632681860594 2.13095793417 -28.2273368979 -25.6116023063 -21.6964029405 -4.00287289703 -5.07712430445 -7.62385123311 13.7192025533 20.8066871788 -14.9808948516 16.9816923125 -1.08956939569 6.44777274355 -2.12981958908 -30.8609267722 -25.0548923927 -33.6919695318 -9.68868812454 -3.97862558758 -11.2677773401 6.40196647476 16.6509677391 -19.7391695071
