HAD
18.8607417883 -2.79523864419 -22.4680384812 1.03044529883 -36.4405567446 -3.35529911359 0.88575079565 32.0725951114 -14.9428621916 -15.9888560181 -14.5416648279 -3.81557437229 -6.86968074993 17.2347391576 1.11186464698 -9.99842143673 -9.76828183776 -32.4085716167 -7.67046442686 -18.9622747139 35.9627116904 -11.2748257262 -3.59462144265 -32.0955473287 9.33562521942 -4.62942862613
HAYED
18.9784353734 -9.87859806339 1.41065792878 17.0140042746 -46.4168479015 -21.6698130421 -12.7748939556 -6.75112089283 -13.1547953942 -0.615391604034 4.08781788115 -10.0572847421 3.16839486361 16.5480366272 -5.13619031229 14.4782546612 19.7326278641 -36.344240982 -17.0961342753 -17.8966951612 -14.3470509813 -32.8484038502 0.179579830429 -4.76244922058 -2.89868414975 -1.19044430798
HEAD
18.6907890241 1.29111260276 -17.9447345032 10.6072277072 -45.4181519662 -25.3082894625 -4.66113105427 14.0384154278 -1.05226517944 2.77717307161 7.80068618743 0.790248958807 -13.8270087592 17.6190543848 -5.22905093934 -14.455517015 10.7234100596 -39.9503015161 -16.6347778305 -30.1704494957 16.9999405425 -3.12817872439 -0.829036563663 -9.09291088268 13.0126589652 -7.7580231233
HEED
18.0676667516 -13.5989705407 22.9856302351 28.5157572551 -28.2963031081 -1.83884960016 -17.3381907501 -11.5466754552 -39.9518797169 -2.06934334743 -14.4980618018 -13.9005056568 3.00453761616 17.3305002971 -14.6876319002 25.5261350997 23.0579645749 -25.6780192525 -6.76114216248 -19.3721323037 -5.18477888492 -45.9040463936 12.8355948809 -19.774680812 -10.1394556616 -4.79731757988
HID
17.7000100029 1.02896214175 2.59611882058 23.9196242797 -41.7889496036 -20.9227885534 -15.3450921045 -12.3138662393 -19.2177506997 -7.50520685951 12.8110120559 -2.09399400503 5.25965501237 17.6168828627 5.59785836167 -0.273894538705 14.7787608271 -43.6683223789 -21.0084911716 -27.798047178 -2.08335811332 -13.382223458 3.93936515379 4.3804541382 19.539359317 -8.97042151017
HOD
18.8682902376 8.26696293331 -26.2431194424 -30.2934535225 -30.6357570048 28.3919946035 7.00602813527 -21.9400300458 -1.35122913005 -3.18431997223 0.505266056958 -0.115504317638 -13.4656659105 17.3459328564 5.64172072792 -25.586617579 -18.9857661727 -29.9913866795 11.1427659486 -8.18830374402 1.90014596849 6.95440626279 3.89212500808 -24.6792883185 -4.12502600056 -0.109745657313
HOED
16.527185824 11.6448624996 -10.7322551337 -8.40945591685 -22.4447764274 -9.39983656478 -21.2128952657 -22.2217623377 1.50519737117 25.1461166524 -0.756467511313 -11.987334238 -1.69969193999 14.0562416467 13.2176989074 3.42469203621 -5.31324067554 -3.27379762949 -10.929701207 -29.3566576022 -23.461165394 -6.94040407985 2.88383258092 -4.00276455037 -0.374071189469 -1.54284750167
HOOD
18.1075811724 -0.570964096125 -9.43762538416 -2.36381045288 -27.281449148 -0.000747953838916 -28.9776912999 -24.6534059011 -5.04333625907 16.2819982248 -7.51264048463 -6.31309849949 6.30214456467 17.6207426165 -0.272274018063 -4.71723112636 16.0487281844 -31.1319297823 -21.5807070675 -36.7107560118 2.55772010191 -5.6960962568 0.102086300125 -1.98029530675 12.9225700772 13.9409451407
HUD
18.8010365211 0.528988659112 -20.9975326117 -5.48500460385 -42.3960877223 13.1968653296 -29.2726446931 1.80386037986 4.04136219949 23.041680784 -12.0853831045 -24.8365644078 7.37189315572 17.92057974 4.88402752194 -10.253073034 -10.1553696053 -32.7629856173 -2.15623030493 -39.2734078976 17.1520655527 6.37660062152 18.0466315382 -23.5992645293 -5.88293923153 9.16504694488
WHO'D
17.119466812 9.31366123034 -10.0081655458 13.6666556446 -5.42846826966 -10.7924553051 -44.5226778272 -5.18559852078 -17.449919219 -17.5118872019 6.05268182632 -19.2928757071 2.07183167633 15.689192029 8.59566508772 -2.06151555251 22.890223787 -1.32303779234 -21.3601070779 -41.518596401 0.0103512231973 -19.2183121111 -22.078054365 -3.98170503593 -1.50212153238 -4.29823481314
