BEAN
15.4610436151 -3.48436874482 16.4855179852 39.8274814949 -71.0254655043 0.739328440924 -25.7118723774 -15.547640574 -22.7646203218 -0.526341576398 6.81979556387 -19.0302505518 10.3796717668 14.1041467105 0.858055434742 10.3060119224 27.5422659169 -66.2832198489 -1.21569127842 -14.8622635554 -25.6969244084 -18.9231396053 9.80565779005 -3.0702332297 3.12134122976 15.2014580159
BOAT
15.9081941882 10.5021989623 -20.2397431289 2.53167307697 -57.3941809172 5.37422814614 -4.43406867077 -40.4734396278 12.2258438299 13.1562289612 1.88674050939 -6.51174079981 -3.5378016829 11.5371633148 12.9211829824 -2.10362517268 -6.00517637181 -27.9599606694 -12.5315791385 -19.7966982997 -31.3580335779 -13.2253293097 11.7099015229 8.22817629461 6.59901014369 0.0568315922306
BOIL
16.4834168081 10.7298838169 -9.2095688934 -10.3647269165 -73.0861088013 20.8346246701 -3.26473038863 -28.8908792223 11.9604319675 -13.5079291871 10.7434548275 6.69433346067 -3.82075642286 15.1556467132 5.19444295224 -27.9838379989 11.2208934114 -50.3877817815 -12.0791856022 -18.144753049 -4.56918030209 6.18275859196 -6.1018640893 2.64419669486 -5.76597357744 6.01357135833
CAB
16.5917683854 1.2971950251 -43.546177029 12.2481303066 -28.7460872345 -5.40355270658 8.23018473815 0.00214265528877 -14.5783378888 -26.2622737855 -7.25418758768 5.79552035174 9.24814958848 13.4056426548 11.1182504941 -28.660205391 -7.33261521051 -23.087289634 6.16421797756 -5.77119053428 -17.3483917528 -1.12543856139 -15.511066084 -19.0640327045 4.12574792118 12.9201088007
CALM
15.6730454241 10.6891839402 -5.44373948552 -30.3959645217 -54.6948018478 43.5403563111 -31.7748814715 0.300660616047 -13.2906321719 -38.3639280218 24.0639334489 -8.8967851034 -1.62206204614 15.9804607203 10.0690710013 -6.2061948052 -28.7282247267 -57.9006620089 39.8241054189 -32.6127105711 5.72217745909 -16.6706840236 -35.5899369548 26.2112818037 -9.47713567404 4.2609750712
CAUGHT
16.7393192739 2.31549696171 -27.5229099688 -11.9090101533 -49.0903665563 36.5319176381 -10.0583056488 -14.5164042923 2.05334544275 -15.9375335551 -0.14149871791 -12.7412902279 7.73098696398 12.3148371705 3.24036432846 -27.8482819911 -8.71287802914 -21.966019817 17.36773466 -20.9496150086 -13.0469439223 3.81661397372 -12.8972935931 -14.4577138342 -10.656180937 12.9954821915
COAL
15.8636799134 13.0235626533 -6.78447221953 -13.8688995462 -75.0137369293 23.1645469509 -2.42713370032 -19.4063548336 6.88123335901 -22.9384064894 3.53815098477 8.63431373401 -0.23566670271 15.0769413613 14.5085349796 0.586922583263 -16.3493796654 -67.1963188351 17.6020209381 -10.3369373087 -9.26029562582 9.55343619055 -34.632106863 6.18120227953 5.86914738788 -3.58923571868
CODE
15.7633238049 2.62313369432 -23.9068964931 6.71204425286 -41.3507920537 2.61924263425 -37.3647030701 -8.73066425656 10.9692503802 -6.56674632118 15.355884681 -25.7082273135 0.543175764939 14.4465555828 14.5768541356 -11.3796067354 2.99044234955 -32.8302913702 -1.434258502 -34.2989188424 -33.2309628111 4.7263114585 2.86713210897 17.8528735501 -9.9937081851 2.07998156986
COIN
14.1224099455 22.4741547771 -10.2204829568 -16.2572782923 -39.6819422136 -4.24846988702 1.7941046102 -9.49783283717 -25.2491450751 -6.44719935203 -10.390253513 -2.0233606081 7.63215043424 14.4438584544 5.66891649195 -18.5974453947 15.0867578854 -41.3175632104 -7.49993230545 -24.1632849717 -7.6613084043 -19.7315971892 -18.1768400262 10.8140547582 -17.6404383213 -1.90281803641
CON
16.2056661447 10.051570412 -17.9765789356 -24.1127065429 -42.4626275065 39.6887265717 -30.3217385553 -6.74904944765 -15.0213628248 -22.1980366571 19.6053950211 -2.34056037582 -7.59607285578 15.108384184 10.1222384552 -26.6958773613 -14.5433861803 -23.1614534071 18.964568893 -43.1358520362 1.18410648103 -18.1914773798 -10.5386318024 20.5286800173 -16.7640662905 5.92759074274
COOL
13.6704103034 26.5547822969 0.888833296859 -22.3371066166 -33.9655826881 -1.23898209315 -15.5410601269 -12.3067069165 -28.8745185488 -22.9201748338 5.238421149 10.3781876555 18.2491474522 14.489303466 23.8413056546 4.54181517445 -17.2401127622 -39.042911737 3.22788994732 -19.5839547288 -6.65891021664 -17.6403560071 -27.0275436433 18.8344518823 3.78118565616 20.5780391349
COT
16.0293879891 5.61868759409 -31.7567449914 -13.1820642429 -37.3992345596 32.7028358915 -9.04343124606 -16.1533313351 -6.40913029021 -14.1051484926 0.543235535385 -13.7572578396 7.24765994692 11.7464989485 3.02926005485 -24.9154182859 -7.59349199531 -21.3884179915 6.74530288429 -12.6255629493 -18.2051350374 -10.7425337963 -13.5785215331 -14.4565004278 -5.92389179485 11.2854613813
COUGH
16.7781835589 2.29508806744 -24.1194148 -16.5729507709 -48.553112986 34.8847724293 -1.0940518876 -10.7759790413 -14.9344942198 1.89716284815 -11.8948839806 9.08367944053 -5.19284846866 15.9668996092 6.65892079701 -22.5203214504 -21.3131364515 -49.1738091377 33.0501948734 4.39877469627 -21.9332624596 -8.44077626435 -3.22829543659 -10.2387898824 7.78004702331 -3.5627021455
DEATH
17.2263483977 -6.83263774325 -26.4847417613 12.1034970067 -41.9768369481 -19.9478793273 -13.9278847879 23.9636456404 0.836778409955 -23.0300106195 -6.64094718412 1.60480519581 -6.7262516441 14.4167204599 -3.32363064464 -28.917265111 6.39259547711 -20.8629160415 -10.1314893765 -13.7605833171 5.55993498591 4.07971340869 -32.6212106183 -18.8409998665 21.1684127921 3.5777587597
DIG
16.2725988638 -8.26019229184 0.751035794212 35.3859714861 -59.2520047974 -26.8663440671 -23.0773122064 -2.26716977397 -19.9452596279 4.6395312251 18.8542237541 1.81762701984 7.80894227607 15.3932872168 -4.78807164014 -0.458268410292 42.6477563686 -59.516596762 -26.3447181515 -19.0535018029 -0.966426066544 -19.6032575315 -3.73259698129 19.8780358803 -9.34855471084 10.626095875
DIME
16.4711183222 1.83150481302 -37.0730212752 -0.421204267038 -36.3625831531 14.5497438217 -6.63025357856 -14.9060530922 -10.8105206102 -15.7918269312 -18.2390573161 -0.968251602433 10.7665275992 15.4253980423 0.727858831706 -29.0899567308 14.2184210993 -31.8575173094 -11.6623103201 -9.04553975357 -7.54461448788 -18.4853315288 -11.4293569643 -12.3872579726 3.53590848656 2.50993993194
DOCK
17.6188023197 2.52864506154 -28.26317949 -5.1701877682 -54.7859378229 19.3450761455 2.00163545373 -6.34656583478 -2.08805612597 3.33645124607 -11.6499988112 -9.05095127892 6.84386979915 12.804041128 1.60777632453 -25.9145299553 -16.844763294 -21.5858596851 25.5758208642 -5.75498191157 -21.3088102035 -20.7180863208 9.09493981044 -5.02659557311 -3.8757856891 7.54169820954
DOLL
16.8502279152 0.986470614154 -23.2323473983 -3.43125094971 -53.7142928714 14.5423601539 -1.75304807314 -11.2567193106 -0.281643911304 6.08516913518 -3.14871487343 -13.449708482 2.12556670704 17.2880977373 1.27561379063 -19.5094918918 -16.3062055892 -59.2056324409 36.9186043259 0.13599533764 -14.2918602012 -5.80264990783 0.726171114552 -2.11212140596 -3.98631496139 -4.29653767388
DOUBT
16.6282432965 -3.96772948154 -36.3810544528 3.49108298327 -31.8586995067 1.9017227533 -12.1081326266 9.86467874898 -3.01171629979 -24.585467309 -13.8251746337 8.6091692263 12.782305319 12.4899152603 9.98775074691 -12.4160602447 -10.6794820428 -34.7448696018 16.151341538 -31.6397069856 -25.8978365039 3.45697670363 -3.44687318989 5.24701001522 -3.53510204634 -1.09350076649
FADE
16.1470364921 -3.06176902648 -13.2277250674 31.156769346 -52.6360521859 -26.9633192624 -17.0227062099 6.62124826692 -8.73656547096 -15.5685146094 16.3915240943 -5.00473756156 0.341912921459 15.0757969349 -4.77094807998 3.92802113967 43.8958045973 -55.4701127071 -18.4819899107 -19.8152841836 -21.6239154765 -9.16673772635 -4.62399560112 14.9132893564 -7.203126842 8.27875021132
FELL
17.1760408832 1.74665396631 -28.5602638947 14.1510350741 -46.8484375371 -14.9102841121 -10.1523698965 13.6486549301 7.8672424209 -2.83223565428 -15.2343265745 1.12927631627 5.50309743396 16.9551855801 -1.79048692332 -35.3544374935 4.9916084579 -47.0573470982 1.28568697921 -9.56497313345 5.4486949749 6.16429401743 -12.1601113453 -27.094905674 4.02521013669 12.8983427361
FOUL
17.903822549 -0.54116482392 -43.9566992781 6.26225095267 -31.8792417312 9.42345833053 12.5220181845 -10.3406233012 -7.64865693551 -14.8659251752 -15.0059202731 -5.10277367657 14.3370889393 16.1818859461 6.7083605527 -28.4310440842 -15.0141431877 -36.3534859736 31.4252901271 3.9457972108 -13.7800314765 -15.4274921289 -0.2507490908 -24.1033988184 4.16132322972 1.7296835762
GAP
16.5598718265 -1.55237048979 -37.4376011691 12.7648012547 -35.702199959 -9.77237423446 -11.1136107874 15.1534090513 -8.13538893476 -23.3899358716 -2.15778684937 1.92146348866 13.5649400134 12.5280372088 3.0328847892 -33.2326574101 -4.84259074573 -16.3207957103 5.3481730894 -10.4381318327 -10.6413060051 -3.62819004174 -18.0364600651 -17.3767589791 2.76049300439 19.2568746549
GUIDE
17.5179140178 -0.186862050508 -40.6951996948 3.34098510977 -40.938716197 8.96571049331 -0.991305702377 -1.82271687207 -5.3715386517 -13.506448385 -13.085457229 2.07417616846 18.2006855433 15.7040034932 1.07969703993 -32.4586602432 17.6004250407 -41.1177464065 -15.2977679398 1.44845394737 -1.67566627142 -7.15941364671 -11.7605915266 -2.55355217868 8.1814876245 8.33647013393
HEAD
16.7695204494 -2.51194612125 -29.0538181722 15.7863361814 -48.6425781873 -24.8872271791 8.27590201047 12.6232897435 -9.64701276133 -20.6133895471 -7.19947335635 3.38960944672 -10.2715468468 15.1342062567 -0.215820330037 -21.8454089969 20.8786972565 -49.7768195194 -22.4714579889 -10.5361362385 12.3115813326 -2.58636343638 -14.0670888886 1.75077661228 1.71934665839 -4.54631940706
HEAL
16.4400273168 -11.5996792553 16.2562974103 35.1155184103 -56.958560027 7.89471284617 -37.0600589579 -24.1832413805 -6.07666230609 -20.0536581201 16.3818471086 -21.35887883 6.08649625295 15.5924122859 -3.80485144652 -1.84192767587 38.3618473361 -52.5837597872 -18.0707458427 -27.8603692086 -16.0288196143 -4.16375541822 -13.3002993925 24.4915245307 -4.63236382808 7.2466822615
