HAD
14.6836337653 -19.8994803463 -10.9120747724 -4.36854160789 -39.6130616103 11.817454681 11.9457167154 -2.48713760394 -15.5549101048 -0.298524441009 -10.5233122886 0.31759397327 -0.961686298491 18.8093975421 -11.8449215969 -27.7769425432 -3.72203817377 -21.4389552155 5.11235554614 11.9465325077 -0.519854559139 -19.6913132705 -11.511327245 5.54995324566 13.6883609372 -11.9726064765
HAYED
19.7129108435 -15.0819961067 1.35938184462 -3.19076617137 -54.7852949938 -8.37293280215 3.18602498973 -3.8893519451 -0.633664213772 7.64256465199 -19.5061058275 4.24451265978 -14.3020398624 19.0322630383 -18.0282428563 16.0493837864 -2.76520201277 -54.0687638713 -0.601380557205 -17.9516480614 -16.1860628846 10.1299226427 1.62758879107 -14.6642226496 7.75193580485 -30.650941143
HEAD
15.9470498956 -17.3425551107 -23.6187960423 -6.10233383126 -28.6991621044 9.73893970217 11.812463869 2.4424643656 -23.6684259109 -3.8594690061 2.68285555746 -1.18940908077 -5.09772273036 19.1754001075 -13.9142221194 -20.7318901615 -8.10812575453 -28.3944239976 -0.903311916748 18.263928133 7.05378256551 -20.0667065508 -11.4412243732 1.75147579137 9.00080317848 -18.5491527888
HEED
15.8565925831 -21.2010758721 12.8389388406 -3.84575702034 -31.1514007276 6.9580700993 -19.4915908953 -9.6946102066 -4.69152682506 -8.61377494986 -5.97473560866 -1.55140700531 -4.45920497526 18.625745668 -18.1095933788 23.2017913188 0.725058147283 -44.387627531 5.1902026997 -23.72903085 -15.1837527314 -7.90163337505 -9.2917706934 -21.2628761469 8.72863776307 -28.8672854121
HID
15.8079883792 -18.9173657841 0.129512907348 0.272094627284 -46.0747452607 -7.82478317578 4.21163676029 -6.55492145805 -1.97466597902 4.95766565058 -9.77558902706 0.0307343510702 -14.5953694593 18.6275889305 -13.6873975394 -3.62412353593 -2.37192005224 -41.2674037268 -20.8047059653 10.9132383947 -0.924131953511 -6.52066482599 4.72823794758 -7.19338458298 3.95554269012 -21.0553138517
HOD
19.0993161517 -7.2572593154 -34.8068274153 -16.1977245235 -0.880744232132 24.1446282064 -14.2483091114 -9.38624687106 -2.36273461008 1.20733834442 -19.0749680805 16.5996812668 -7.96541799247 19.5055362822 -8.10484033965 -36.7050934452 -16.3129073154 3.11755055463 21.2075605391 -12.2598316565 -6.04104645705 0.591071394611 -4.77261968194 -14.4295936978 24.0829073301 -9.02199575825
HOED
18.7293418306 -0.795719921922 -14.7751004931 -36.4072041457 -21.1707723154 9.55113494844 -6.33158851666 -6.16952193463 7.47018330151 6.80260371472 -23.3728125657 -1.80181921596 -12.5030867386 16.6673820635 0.177189388211 -9.9309344853 -18.6434560606 -23.9862627537 -4.13901511331 -17.2351544497 -5.7580268211 8.71846336951 14.0773601263 -12.5117188485 9.87369765899 -18.1551342973
HOOD
18.0195048622 -1.90561476742 -10.8426486452 -29.7344466685 -16.4132979538 -2.73788526989 -17.7467854452 -2.96772321657 23.9912486013 2.96199926843 -22.7996777507 0.651107111455 -8.10694148044 19.2767239179 -11.4104470237 -12.296828641 -13.8166915217 -28.2621543323 -13.0869386975 -3.65492911828 15.4314248105 5.32620168423 -5.4306669629 -18.2776790413 18.9365376092 -17.7114209322
HUD
13.5360196475 -15.2041746236 -25.5910968961 -19.7796234209 2.72630907741 13.8476142387 -7.31992092855 -3.35032867423 -1.52990344128 -11.2970503555 -7.42174866421 15.2223005547 -12.2846458983 18.723590231 -10.8118829185 -15.1015693144 -16.1276510871 -20.9374510727 -0.164084894351 1.98283039587 9.07514539329 -4.84093956404 -12.1013586131 -6.961103452 15.2480093863 -17.5744766084
WHO'D
18.0583258296 0.851646834484 1.52706955722 -19.9731878053 -13.9841193251 -19.7192646108 -27.0221617114 -7.33795484219 12.2585023515 12.2131330731 -27.946605693 3.75923074766 -26.5571536925 17.9252602439 -2.44537064599 -2.28583521906 -24.9168086899 -13.5599480765 -6.87172257691 -24.0322364289 -21.9637263603 14.9552285462 13.012005635 -36.6055754989 5.61301557836 -23.6515394836
